0.000000
0.002976
0.002966
0.002938
0.002911
0.002879
0.002868
0.002853
0.002849
0.002839
0.002838
0.002839
0.002849
0.002856
0.002859
0.002856
0.002851
0.002846
0.002836
0.002811
0.002783
0.002751
0.002718
0.002672
0.002614
0.002532
0.002462
0.002397
0.002339
0.002294
0.002275
0.002265
0.002275
0.002274
0.002280
0.002294
0.002335
0.002392
0.002464
0.002529
0.002579
0.002604
0.002634
0.002676
0.002733
0.002793
0.002849
0.002871
0.002866
0.002839
0.002811
0.002793
0.002788
0.002768
0.002711
0.002604
0.002529
0.002486
0.002460
0.002460
0.002502
0.002532
0.002566
0.002574
0.002591
0.002626
0.002676
0.002696
0.002699
0.002667
0.002596
0.002459
0.002315
0.002217
0.002202
0.002230
0.002284
0.002384
0.002571
0.002704
0.002684
0.002574
0.002504
0.002546
0.002671
0.002784
0.002873
0.002928
0.002981
0.003021
0.003056
0.003122
0.003293
0.003432
0.003395
0.003106
0.002723
0.002395
0.002332
0.002502
0.002776
0.003015
0.003202
0.003305
0.003344
0.003300
0.003198
0.003088
0.003066
0.003148
0.003367
0.003609
0.003669
0.003492
0.003215
0.002953
0.002883
0.002955
0.003055
0.003157
0.003318
0.003407
0.003305
0.003066
0.002876
0.002783
0.002811
0.002829
0.002666
0.002422
0.002345
0.002532
0.002753
0.002876
0.002884
0.002769
0.002687
0.002736
0.002903
0.002971
0.002889
0.002756
0.002771
0.002894
0.002943
0.002791
0.002415
0.001950
0.001629
0.001394
0.001180
0.001017
0.001050
0.001254
0.001703
0.002208
0.002494
0.002572
0.002621
0.002669
0.002771
0.002928
0.003093
0.003178
0.003180
0.003060
0.002818
0.002537
0.002325
0.002107
0.002018
0.002168
0.002497
0.002876
0.003197
0.003190
0.002744
0.001895
0.000796
-0.000050
-0.000207
0.000140
0.000494
0.000663
0.001132
0.002187
0.003465
0.004529
0.004949
0.004644
0.003953
0.003258
0.002791
0.002440
0.001975
0.001416
0.000840
0.000396
0.000324
0.000476
0.000532
0.000406
0.000005
-0.000245
0.000025
0.000549
0.000851
0.000916
0.001254
0.002092
0.003192
0.004151
0.004287
0.003562
0.002389
0.000913
-0.000447
-0.000881
-0.000255
0.000805
0.001446
0.001496
0.001307
0.001382
0.002165
0.003547
0.005021
0.006019
0.005871
0.004338
0.002385
0.000970
0.000621
0.001265
0.002305
0.003317
0.004193
0.004814
0.005073
0.004472
0.002945
0.001005
-0.000654
-0.001693
-0.001863
-0.001526
-0.001155
-0.001307
-0.001714
-0.001873
-0.001446
-0.000260
0.001494
0.003364
0.004921
0.005867
0.006143
0.005984
0.005504
0.004370
0.002647
0.000636
-0.001118
-0.002465
-0.003564
-0.004766
-0.005415
-0.005091
-0.004262
-0.003155
-0.001616
-0.000618
-0.000956
-0.001831
-0.001442
0.000636
0.002931
0.004222
0.004263
0.003571
0.001908
0.000134
-0.000240
0.001247
0.003831
0.006008
0.006874
0.006106
0.004103
0.001718
0.000269
-0.000983
-0.002577
-0.004121
-0.005195
-0.005719
-0.004918
-0.003125
-0.001145
0.000192
-0.000063
-0.001294
-0.001910
0.000571
0.005771
0.010486
0.012980
0.013367
0.012771
0.011999
0.012029
0.012014
0.010790
0.007765
0.003051
-0.002142
-0.005847
-0.007652
-0.007545
-0.006939
-0.007281
-0.008605
-0.009703
-0.009051
-0.005480
0.000222
0.006001
0.009875
0.011837
0.013050
0.013538
0.011703
0.007331
0.002173
-0.001412
-0.002384
-0.001870
-0.001270
-0.000654
-0.000252
-0.000327
-0.000092
0.001152
0.002863
0.004385
0.004873
0.003954
0.001875
0.000446
0.000848
0.003127
0.006258
0.008802
0.009760
0.009458
0.009630
0.010959
0.012686
0.013461
0.012469
0.009710
0.005448
0.000344
-0.005028
-0.009279
-0.011227
-0.011049
-0.009820
-0.008518
-0.007406
-0.005824
-0.003225
0.000137
0.003349
0.006188
0.007884
0.008727
0.009291
0.009535
0.010667
0.012840
0.014965
0.015851
0.014277
0.010274
0.005081
-0.001284
-0.007734
-0.011800
-0.013127
-0.013149
-0.012688
-0.011893
-0.011257
-0.011216
-0.010867
-0.009398
-0.006575
-0.001581
0.005639
0.012119
0.015651
0.017222
0.017449
0.016395
0.013155
0.008128
0.002896
-0.000013
0.000027
0.001910
0.003687
0.004021
0.001968
-0.001639
-0.005056
-0.007326
-0.008672
-0.008939
-0.008800
-0.009001
-0.008951
-0.007710
-0.005722
-0.002716
0.002537
0.009004
0.013619
0.015083
0.014204
0.011805
0.008884
0.006226
0.003258
0.000175
-0.001456
-0.001406
-0.001446
-0.002836
-0.005679
-0.008553
-0.010223
-0.010333
-0.009016
-0.006851
-0.003931
-0.000718
0.002390
0.005585
0.009226
0.010772
0.009348
0.006308
0.003859
0.002803
0.003574
0.005120
0.005360
0.003307
-0.001042
-0.007131
-0.011990
-0.013693
-0.012092
-0.007672
0.000172
0.008381
0.012721
0.012436
0.007969
0.001696
-0.003592
-0.007924
-0.010693
-0.010970
-0.007184
-0.001976
0.001454
0.003177
0.003535
0.002868
0.001309
-0.000207
-0.001053
-0.001305
-0.001756
-0.003407
-0.006463
-0.010166
-0.013145
-0.014058
-0.013177
-0.011947
-0.010298
-0.007003
-0.002389
0.002414
0.005851
0.008234
0.009099
0.007951
0.005342
0.003671
0.003741
0.004585
0.004996
0.004440
0.002691
0.000182
-0.002744
-0.005093
-0.006310
-0.005914
-0.003944
-0.000574
0.002731
0.004923
0.005535
0.005313
0.004996
0.005056
0.005438
0.005782
0.005585
0.005261
0.006358
0.009597
0.013025
0.014316
0.011464
0.005749
-0.000129
-0.004130
-0.005645
-0.004202
-0.000235
0.004424
0.005011
0.001739
-0.003843
-0.010204
-0.015659
-0.016324
-0.011368
-0.002696
0.006951
0.013713
0.014736
0.012045
0.007457
0.002829
-0.001910
-0.006503
-0.009094
-0.008415
-0.005734
-0.002684
-0.001663
-0.002402
-0.002087
0.000392
-0.000985
-0.004968
-0.004193
0.001778
0.008538
0.012055
0.010137
0.004153
-0.004208
-0.012149
-0.016162
-0.015416
-0.011875
-0.008368
-0.006143
-0.004843
-0.003863
-0.003676
-0.004048
-0.002432
0.002148
0.008593
0.014875
0.019362
0.020510
0.017132
0.009733
0.001008
-0.006303
-0.010768
-0.013634
-0.015963
-0.018839
-0.022632
-0.024950
-0.022423
-0.015436
-0.007577
-0.002763
-0.000855
0.000037
0.001763
0.005024
0.006669
0.004709
-0.001978
-0.012070
-0.021358
-0.026099
-0.023052
-0.014367
-0.003500
0.005685
0.010738
0.011750
0.010465
0.009139
0.009087
0.011177
0.013666
0.014199
0.010892
0.003232
-0.006368
-0.014040
-0.017836
-0.018298
-0.017163
-0.014941
-0.010087
-0.003444
0.001728
0.004454
0.005223
0.005993
0.007497
0.008163
0.007395
0.006492
0.006430
0.006485
0.004515
0.000514
-0.004130
-0.007475
-0.008585
-0.009506
-0.010950
-0.011294
-0.007543
-0.001250
0.006133
0.012893
0.016053
0.013798
0.005899
-0.006378
-0.020210
-0.031981
-0.037016
-0.034866
-0.027414
-0.018083
-0.009224
-0.001996
0.002741
0.004013
0.000718
-0.009672
-0.021755
-0.028644
-0.028190
-0.022194
-0.013100
-0.005115
-0.000977
-0.000114
-0.001602
-0.005585
-0.009897
-0.011676
-0.009877
-0.004821
0.001467
0.006861
0.010086
0.012035
0.011424
0.007593
0.002709
-0.000988
-0.003637
-0.006447
-0.010620
-0.015784
-0.019948
-0.020730
-0.018694
-0.016375
-0.015102
-0.014449
-0.013065
-0.012509
-0.014469
-0.016978
-0.016122
-0.008129
0.004360
0.013918
0.018714
0.019453
0.015738
0.005891
-0.010111
-0.027845
-0.039805
-0.041377
-0.033193
-0.020587
-0.009570
-0.002382
0.001434
0.002082
-0.001619
-0.008715
-0.016891
-0.025381
-0.033677
-0.040348
-0.041842
-0.036280
-0.027094
-0.019203
-0.015082
-0.014319
-0.015472
-0.017462
-0.017758
-0.015309
-0.009014
-0.001352
0.004238
0.008224
0.010209
0.008630
0.002662
-0.004794
-0.011616
-0.017724
-0.024049
-0.028943
-0.028152
-0.021799
-0.014232
-0.009052
-0.005981
-0.003277
-0.001372
0.000960
0.005243
0.010268
0.013307
0.011686
0.004537
-0.005836
-0.015556
-0.022527
-0.026202
-0.027237
-0.024658
-0.018383
-0.010461
-0.003400
0.000499
0.000085
-0.004604
-0.013154
-0.021697
-0.026857
-0.027062
-0.023493
-0.018292
-0.012681
-0.006979
-0.000850
0.005145
0.008562
0.008790
0.007926
0.007119
0.008091
0.012586
0.016676
0.015913
0.007692
-0.004262
-0.012448
-0.013795
-0.011671
-0.010715
-0.013514
-0.019206
-0.026329
-0.031961
-0.033390
-0.030027
-0.023506
-0.015267
-0.004106
0.008672
0.021044
0.028546
0.025331
0.013606
-0.003031
-0.020405
-0.033200
-0.037371
-0.031228
-0.020036
-0.007164
0.005737
0.017265
0.024606
0.023420
0.015284
0.003928
-0.005235
-0.009137
-0.009685
-0.011877
-0.018721
-0.029562
-0.039363
-0.043097
-0.037473
-0.024219
-0.007902
0.006682
0.014671
0.015823
0.009850
-0.001397
-0.013200
-0.019482
-0.018672
-0.012753
-0.004963
0.003150
0.009473
0.011947
0.009783
0.005545
0.004666
0.010677
0.021311
0.032160
0.037735
0.034675
0.020597
-0.000956
-0.023877
-0.038495
-0.041217
-0.038039
-0.037067
-0.043479
-0.055655
-0.068464
-0.073242
-0.064039
-0.043890
-0.025818
-0.017459
-0.015773
-0.015883
-0.015058
-0.013052
-0.011298
-0.008522
-0.004145
0.002100
0.007418
0.009396
0.008570
0.006757
0.005180
0.002915
0.001195
0.004166
0.009687
0.010510
-0.001122
-0.022425
-0.044638
-0.062166
-0.069192
-0.062527
-0.043698
-0.024773
-0.015571
-0.015414
-0.017899
-0.017315
-0.012239
-0.006382
-0.004969
-0.007258
-0.009371
-0.011351
-0.014240
-0.017086
-0.018337
-0.021345
-0.028933
-0.038441
-0.045295
-0.047075
-0.046417
-0.047686
-0.052309
-0.058554
-0.062729
-0.063367
-0.055875
-0.038643
-0.019507
-0.004809
0.000895
-0.000629
-0.003515
-0.008119
-0.017939
-0.031769
-0.043891
-0.050291
-0.049397
-0.042703
-0.032636
-0.022266
-0.014401
-0.010136
-0.007700
-0.005680
-0.004881
-0.005489
-0.008301
-0.016627
-0.030908
-0.047993
-0.063432
-0.074632
-0.080919
-0.080428
-0.075055
-0.068419
-0.063218
-0.060137
-0.057437
-0.053870
-0.049465
-0.044569
-0.038510
-0.029087
-0.015299
-0.002455
0.003086
-0.001628
-0.015873
-0.036460
-0.058230
-0.075838
-0.085646
-0.087394
-0.081531
-0.071040
-0.055736
-0.038176
-0.024112
-0.015965
-0.014336
-0.019100
-0.030269
-0.044300
-0.057082
-0.064947
-0.067581
-0.065934
-0.061871
-0.058160
-0.057230
-0.059584
-0.060881
-0.055927
-0.041606
-0.020624
0.001691
0.020639
0.035119
0.042865
0.042720
0.038077
0.031641
0.025201
0.020078
0.015229
0.007323
-0.003956
-0.014104
-0.017566
-0.016178
-0.016083
-0.021109
-0.030808
-0.043058
-0.055311
-0.065870
-0.072873
-0.076367
-0.077727
-0.079248
-0.081575
-0.081623
-0.078578
-0.073728
-0.071960
-0.078126
-0.089158
-0.100739
-0.112771
-0.128731
-0.151074
-0.170877
-0.182934
-0.192116
-0.197222
-0.194697
-0.185022
-0.172187
-0.159147
-0.147595
-0.138026
-0.129337
-0.120303
-0.112992
-0.110014
-0.109687
-0.108395
-0.105180
-0.100775
-0.098142
-0.099195
-0.103135
-0.109605
-0.118126
-0.128257
-0.140035
-0.154221
-0.167475
-0.176412
-0.178258
-0.173991
-0.167119
-0.159466
-0.151361
-0.142102
-0.128701
-0.109485
-0.083636
-0.053778
-0.026833
-0.006402
0.009999
0.026109
0.042230
0.057451
0.070496
0.080067
0.085180
0.085631
0.082581
0.077724
0.071025
0.061727
0.050452
0.038445
0.026463
0.015237
0.002966
-0.010373
-0.023201
-0.034931
-0.047525
-0.061549
-0.070796
-0.071865
-0.066575
-0.058766
-0.050934
-0.046407
-0.046606
-0.047781
-0.047856
-0.045883
-0.042147
-0.040322
-0.040673
-0.040828
-0.039591
-0.036730
-0.032781
-0.027883
-0.022358
-0.017796
-0.014154
-0.011957
-0.011414
-0.011738
-0.012157
-0.012311
-0.009959
-0.001417
0.013648
0.031449
0.047615
0.060011
0.067743
0.070958
0.066663
0.058207
0.051061
0.047043
0.045284
0.043798
0.041503
0.039217
0.033442
0.020093
-0.001148
-0.023446
-0.039431
-0.046823
-0.046440
-0.039056
-0.026004
-0.011939
0.000164
0.007627
0.008720
0.006829
0.003672
-0.001105
-0.007193
-0.013399
-0.018789
-0.024732
-0.031123
-0.038104
-0.044743
-0.048208
-0.047203
-0.042336
-0.037862
-0.034315
-0.029224
-0.020226
-0.007558
0.006538
0.018671
0.026234
0.029910
0.033191
0.038657
0.048525
0.060364
0.068588
0.071758
0.070127
0.066046
0.061691
0.058633
0.058928
0.062614
0.070177
0.084392
0.105378
0.132374
0.161475
0.187599
0.204550
0.213506
0.218505
0.218876
0.212711
0.199289
0.180607
0.160492
0.144683
0.131728
0.117003
0.099795
0.082042
0.065176
0.049363
0.033757
0.020143
0.010049
0.003073
-0.004851
-0.020867
-0.045521
-0.069780
-0.090432
-0.105640
-0.112156
-0.110865
-0.103662
-0.089909
-0.070950
-0.052425
-0.035263
-0.020270
-0.007780
0.003434
0.014167
0.024249
0.033681
0.043801
0.054511
0.063071
0.066570
0.064303
0.055411
0.046874
0.048363
0.061055
0.078143
0.093862
0.109980
0.128132
0.146507
0.162268
0.171785
0.175379
0.178333
0.180698
0.180737
0.177862
0.172606
0.165099
0.155960
0.148245
0.143704
0.142910
0.146328
0.150039
0.150432
0.147398
0.142003
0.135587
0.129805
0.127090
0.128740
0.131384
0.133043
0.134844
0.138293
0.142154
0.145928
0.150659
0.156973
0.163500
0.168139
0.171177
0.174831
0.180501
0.186791
0.191722
0.194066
0.194320
0.192982
0.189297
0.184771
0.180930
0.178911
0.178535
0.179590
0.182366
0.186785
0.192899
0.199609
0.204198
0.203768
0.196907
0.186778
0.175070
0.160883
0.143770
0.121984
0.094725
0.068104
0.051326
0.046873
0.052907
0.065897
0.084820
0.105789
0.121652
0.135967
0.152006
0.169693
0.187651
0.201097
0.207660
0.208572
0.207996
0.208370
0.210144
0.213676
0.220882
0.233200
0.247582
0.260010
0.269373
0.277789
0.287000
0.296253
0.300000
0.296521
0.291123
0.285407
0.276166
0.261901
0.242528
0.221353
0.202951
0.191946
0.187607
0.185159
0.181915
0.182104
0.187334
0.193139
0.194361
0.186793
0.172651
0.157726
0.141534
0.123608
0.106168
0.088280
0.069504
0.051375
0.035210
0.023069
0.014980
0.009620
0.005437
0.001696
0.000583
0.003941
0.013117
0.028022
0.046909
0.063597
0.072137
0.072038
0.067478
0.062106
0.054730
0.038909
0.015229
-0.008027
-0.023690
-0.029389
-0.029651
-0.030072
-0.031559
-0.032397
-0.030215
-0.022790
-0.012032
-0.001038
0.007557
0.015609
0.026354
0.043604
0.065635
0.086199
0.094510
0.089030
0.079396
0.074604
0.078003
0.087572
0.099347
0.108517
0.112473
0.111815
0.107291
0.099770
0.089023
0.075512
0.059843
0.043729
0.029225
0.016878
0.005801
-0.005068
-0.016047
-0.027241
-0.034816
-0.037106
-0.035453
-0.031053
-0.026089
-0.020175
-0.014334
-0.011913
-0.012973
-0.013276
-0.011596
-0.010825
-0.010221
-0.006876
-0.000629
0.006584
0.013866
0.021962
0.030275
0.036084
0.034687
0.025765
0.013955
0.001135
-0.016033
-0.038560
-0.059551
-0.073876
-0.081573
-0.085419
-0.088469
-0.091675
-0.094645
-0.096858
-0.096755
-0.093794
-0.087768
-0.078942
-0.065754
-0.048036
-0.026928
-0.004031
0.019300
0.043197
0.068106
0.095011
0.122053
0.143900
0.157115
0.163700
0.166847
0.169928
0.175348
0.181540
0.185424
0.184815
0.180608
0.175717
0.171684
0.168186
0.163271
0.156256
0.148033
0.141007
0.137496
0.137862
0.140713
0.145010
0.150799
0.157429
0.160268
0.159063
0.158037
0.158037
0.156199
0.150098
0.141197
0.133071
0.127785
0.125002
0.122872
0.119908
0.116020
0.110508
0.102743
0.091298
0.076454
0.059617
0.040526
0.022959
0.008600
-0.003183
-0.015566
-0.033702
-0.055917
-0.075611
-0.090537
-0.103786
-0.113776
-0.121473
-0.126638
-0.127190
-0.125745
-0.124147
-0.122775
-0.121956
-0.122458
-0.125523
-0.130097
-0.134373
-0.136976
-0.138914
-0.142072
-0.147449
-0.154147
-0.161562
-0.169713
-0.180605
-0.194044
-0.208436
-0.222789
-0.235929
-0.245496
-0.246732
-0.238650
-0.224394
-0.208426
-0.194091
-0.181820
-0.172159
-0.164351
-0.158309
-0.155286
-0.156561
-0.165612
-0.183074
-0.206495
-0.232464
-0.257142
-0.276018
-0.285402
-0.284977
-0.278555
-0.268750
-0.256194
-0.241837
-0.224585
-0.204434
-0.182057
-0.155398
-0.124264
-0.090559
-0.055469
-0.019225
0.015274
0.040596
0.052974
0.054411
0.050320
0.043995
0.034966
0.023652
0.012352
0.006425
0.006921
0.011952
0.017991
0.021452
0.021682
0.017956
0.009877
-0.001587
-0.014881
-0.028422
-0.040977
-0.053348
-0.065792
-0.076305
-0.084858
-0.092500
-0.099908
-0.107238
-0.110435
-0.107078
-0.097655
-0.084476
-0.071728
-0.064366
-0.065348
-0.077478
-0.094228
-0.105387
-0.110882
-0.115319
-0.117412
-0.114691
-0.108403
-0.099376
-0.087661
-0.073188
-0.059165
-0.052001
-0.053061
-0.059604
-0.067994
-0.077729
-0.088749
-0.098297
-0.104011
-0.105295
-0.103661
-0.101431
-0.100788
-0.102222
-0.105338
-0.108693
-0.110626
-0.109955
-0.108161
-0.106816
-0.105923
-0.106038
-0.107712
-0.110992
-0.116571
-0.124680
-0.134677
-0.145733
-0.157170
-0.168898
-0.180263
-0.190652
-0.200544
-0.209690
-0.216976
-0.222497
-0.228190
-0.231724
-0.229779
-0.219587
-0.202257
-0.179613
-0.154413
-0.128676
-0.101375
-0.076939
-0.058416
-0.045006
-0.036380
-0.030155
-0.024019
-0.018631
-0.014775
-0.012745
-0.012277
-0.012623
-0.011239
-0.005872
0.004028
0.017954
0.033739
0.048721
0.061440
0.070588
0.076684
0.080770
0.082750
0.083104
0.083002
0.084446
0.088591
0.095735
0.104604
0.113437
0.124174
0.137703
0.152810
0.167336
0.179356
0.189619
0.200327
0.210870
0.218871
0.221240
0.216192
0.203195
0.184509
0.160402
0.131038
0.099147
0.065325
0.027359
-0.011363
-0.053516
-0.093191
-0.123298
-0.145075
-0.160909
-0.171362
-0.174345
-0.171619
-0.165173
-0.156634
-0.144804
-0.131103
-0.118030
-0.107186
-0.097790
-0.089273
-0.083800
-0.080645
-0.080201
-0.082675
-0.088422
-0.096820
-0.107046
-0.118953
-0.131417
-0.143356
-0.152915
-0.160474
-0.168111
-0.175267
-0.180396
-0.182491
-0.181702
-0.178298
-0.171436
-0.161168
-0.148734
-0.136270
-0.126092
-0.118462
-0.112705
-0.109047
-0.106951
-0.105038
-0.101724
-0.096146
-0.088123
-0.079054
-0.070878
-0.064323
-0.059641
-0.055284
-0.049824
-0.043910
-0.038805
-0.033649
-0.028192
-0.021131
-0.012822
-0.004051
0.004337
0.014885
0.028906
0.048584
0.071915
0.094246
0.114571
0.131741
0.144257
0.152765
0.160150
0.167595
0.174395
0.179887
0.183386
0.184387
0.181229
0.173185
0.162201
0.149301
0.134028
0.119031
0.108749
0.103918
0.103340
0.105425
0.109151
0.112857
0.115082
0.113975
0.109618
0.106136
0.106286
0.109473
0.113468
0.115471
0.113546
0.105535
0.090662
0.068747
0.038994
0.003706
-0.030501
-0.061183
-0.084973
-0.103594
-0.118637
-0.131025
-0.141394
-0.149720
-0.156142
-0.160000
-0.162161
-0.163745
-0.164263
-0.162712
-0.158000
-0.150705
-0.143521
-0.139229
-0.139444
-0.142690
-0.145679
-0.145192
-0.139882
-0.132691
-0.127980
-0.125732
-0.123907
-0.122809
-0.124263
-0.128377
-0.135400
-0.144367
-0.152765
-0.158255
-0.157861
-0.150181
-0.134867
-0.111050
-0.085095
-0.064981
-0.052498
-0.047118
-0.044798
-0.042548
-0.039927
-0.037348
-0.035450
-0.033657
-0.031514
-0.029793
-0.028748
-0.028414
-0.028953
-0.028621
-0.025788
-0.019417
-0.009954
0.000618
0.011757
0.023520
0.034737
0.044272
0.050371
0.052523
0.050862
0.046564
0.040005
0.030279
0.018427
0.006465
-0.005499
-0.017220
-0.027219
-0.034213
-0.037844
-0.039361
-0.039636
-0.038076
-0.033454
-0.027017
-0.020607
-0.014586
-0.007809
-0.000315
0.009179
0.020266
0.030779
0.039743
0.045165
0.042414
0.028287
0.002889
-0.036285
-0.081214
-0.121358
-0.145824
-0.151570
-0.144591
-0.130454
-0.113269
-0.095737
-0.079543
-0.067107
-0.059130
-0.053773
-0.048909
-0.042823
-0.034468
-0.025189
-0.018383
-0.015174
-0.013306
-0.012833
-0.014558
-0.018292
-0.023697
-0.029888
-0.035440
-0.039737
-0.043890
-0.051139
-0.064437
-0.083773
-0.105928
-0.129574
-0.153570
-0.174440
-0.187203
-0.188672
-0.179498
-0.163315
-0.144272
-0.125204
-0.106495
-0.087634
-0.069044
-0.053481
-0.041284
-0.031192
-0.021967
-0.012950
-0.004634
0.002746
0.008775
0.013324
0.016092
0.016364
0.013970
0.009528
0.004130
-0.000920
-0.004350
-0.005512
-0.005185
-0.003756
-0.000749
0.004313
0.009977
0.016472
0.023762
0.029815
0.033123
0.033709
0.032637
0.030916
0.028611
0.026151
0.024333
0.024670
0.027179
0.032410
0.040121
0.048777
0.057139
0.064944
0.074175
0.085599
0.098024
0.110239
0.121657
0.132055
0.141790
0.152331
0.163894
0.175495
0.186641
0.197301
0.207794
0.217961
0.227231
0.235405
0.242858
0.249802
0.256174
0.261275
0.264640
0.266987
0.268812
0.269845
0.270112
0.269807
0.270020
0.271090
0.272549
0.273037
0.271883
0.268653
0.264475
0.259749
0.254638
0.249483
0.243982
0.237588
0.229479
0.218969
0.204579
0.185990
0.164173
0.140468
0.116244
0.092710
0.070942
0.053092
0.039636
0.031330
0.027635
0.026332
0.024066
0.018355
0.009697
-0.000696
-0.011314
-0.021003
-0.028095
-0.031876
-0.031063
-0.026189
-0.019123
-0.010631
-0.002028
0.004362
0.006902
0.005377
-0.000282
-0.009917
-0.022780
-0.038531
-0.055125
-0.069655
-0.080974
-0.085806
-0.083581
-0.084666
-0.087958
-0.086464
-0.078412
-0.066899
-0.056246
-0.048123
-0.042215
-0.036757
-0.030823
-0.024698
-0.019370
-0.015237
-0.011091
-0.005877
0.000055
0.006300
0.013094
0.020670
0.028432
0.035071
0.040411
0.045132
0.050019
0.055686
0.061656
0.067334
0.072591
0.076674
0.077338
0.073819
0.066738
0.056578
0.044516
0.032490
0.020328
0.007076
-0.007014
-0.020951
-0.033467
-0.044249
-0.052783
-0.059218
-0.063385
-0.065037
-0.063650
-0.058232
-0.048655
-0.036126
-0.021732
-0.007081
0.006604
0.018672
0.028947
0.037393
0.042766
0.043509
0.039878
0.033113
0.023972
0.014145
0.005048
-0.003253
-0.011448
-0.019946
-0.028765
-0.037411
-0.044778
-0.050166
-0.053219
-0.052925
-0.047874
-0.038021
-0.025221
-0.012080
-0.000224
0.009835
0.018073
0.024348
0.028558
0.030552
0.029976
0.026256
0.017093
0.004393
-0.008116
-0.019078
-0.027251
-0.033791
-0.041152
-0.048809
-0.055274
-0.059594
-0.062463
-0.065652
-0.068913
-0.072138
-0.076567
-0.080779
-0.081580
-0.077757
-0.071189
-0.064745
-0.059719
-0.056436
-0.053763
-0.052251
-0.051628
-0.050124
-0.046262
-0.039873
-0.028593
-0.017414
-0.008104
0.000245
0.006393
0.010132
0.011661
0.010139
0.006315
0.003091
0.002616
0.005155
0.008512
0.011710
0.015087
0.017714
0.019236
0.020799
0.021999
0.021797
0.020141
0.016641
0.010618
0.001793
-0.009436
-0.023526
-0.037950
-0.049922
-0.059250
-0.066570
-0.072793
-0.075644
-0.074335
-0.071189
-0.067768
-0.063158
-0.056162
-0.048233
-0.042599
-0.039419
-0.038171
-0.038757
-0.039757
-0.040984
-0.042222
-0.042586
-0.042057
-0.041209
-0.041840
-0.044873
-0.050021
-0.055731
-0.060893
-0.065264
-0.069277
-0.071820
-0.073597
-0.076827
-0.083292
-0.092647
-0.102773
-0.111461
-0.117886
-0.121687
-0.122655
-0.120437
-0.116482
-0.112388
-0.108797
-0.105545
-0.103043
-0.101087
-0.098060
-0.093710
-0.089083
-0.083760
-0.076776
-0.070090
-0.064328
-0.058946
-0.053341
-0.046816
-0.039957
-0.033771
-0.028778
-0.025174
-0.023153
-0.023476
-0.026119
-0.029230
-0.032178
-0.035136
-0.037937
-0.039802
-0.040461
-0.040214
-0.040032
-0.040266
-0.039912
-0.038443
-0.036497
-0.034120
-0.031309
-0.028915
-0.027362
-0.026822
-0.027060
-0.027130
-0.026875
-0.026364
-0.025518
-0.023725
-0.020884
-0.016891
-0.012161
-0.007270
-0.003048
0.000598
0.003589
0.005472
0.006236
0.006226
0.005682
0.004759
0.002883
-0.000519
-0.005450
-0.011957
-0.019998
-0.028781
-0.037780
-0.047181
-0.056382
-0.064739
-0.072603
-0.078805
-0.080743
-0.076766
-0.068279
-0.056755
-0.041908
-0.025623
-0.009491
0.005545
0.019101
0.030504
0.039373
0.044584
0.045774
0.045714
0.047328
0.050338
0.053852
0.058678
0.067398
0.079956
0.093046
0.103349
0.108098
0.107760
0.104348
0.097915
0.087928
0.076617
0.066188
0.057245
0.049498
0.043120
0.038199
0.034088
0.030714
0.027417
0.023536
0.019986
0.017697
0.017384
0.019781
0.025409
0.034983
0.046974
0.058549
0.068688
0.077927
0.086509
0.093772
0.098107
0.099955
0.100449
0.100035
0.097903
0.094108
0.089896
0.085783
0.081892
0.077789
0.073364
0.068932
0.064760
0.060694
0.057077
0.054378
0.053705
0.055838
0.062058
0.070100
0.077619
0.085244
0.094757
0.105923
0.115544
0.122350
0.125399
0.126643
0.127506
0.126221
0.120176
0.105969
0.085960
0.063136
0.036241
0.003841
-0.030389
-0.061879
-0.086157
-0.104549
-0.118203
-0.124241
-0.123002
-0.115786
-0.105584
-0.094792
-0.083920
-0.072391
-0.060439
-0.049722
-0.042281
-0.037747
-0.035966
-0.036931
-0.039463
-0.043117
-0.047639
-0.053296
-0.060008
-0.067553
-0.075151
-0.082007
-0.088477
-0.095121
-0.101970
-0.108775
-0.115295
-0.121136
-0.126870
-0.133292
-0.139309
-0.143462
-0.145517
-0.146155
-0.145844
-0.144567
-0.142057
-0.138772
-0.134998
-0.131449
-0.128526
-0.126204
-0.124448
-0.123016
-0.120909
-0.117619
-0.113367
-0.108440
-0.101931
-0.093398
-0.083524
-0.072956
-0.061747
-0.050855
-0.041132
-0.033253
-0.027875
-0.025843
-0.027918
-0.033878
-0.043729
-0.056442
-0.070606
-0.085664
-0.099745
-0.111795
-0.121946
-0.130457
-0.137193
-0.141127
-0.141615
-0.138072
-0.131914
-0.125259
-0.118597
-0.111267
-0.103013
-0.094118
-0.085321
-0.077338
-0.069216
-0.058344
-0.043584
-0.029956
-0.020315
-0.014085
-0.009787
-0.006669
-0.004994
-0.004500
-0.004724
-0.004934
-0.004111
-0.001714
0.002344
0.006417
0.008627
0.009102
0.008216
0.005624
0.002262
-0.001168
-0.004207
-0.006140
-0.005228
-0.001636
0.003155
0.008527
0.014499
0.020246
0.024962
0.027716
0.028576
0.027134
0.023269
0.017934
0.011431
0.003751
-0.004919
-0.014753
-0.025076
-0.033789
-0.040234
-0.044846
-0.046644
-0.044945
-0.039593
-0.031240
-0.021740
-0.010748
0.001224
0.010690
0.016192
0.019380
0.021193
0.021777
0.022191
0.022498
0.022573
0.022064
0.019640
0.015886
0.011952
0.007156
0.001501
-0.003757
-0.008101
-0.011832
-0.014616
-0.016260
-0.016584
-0.015953
-0.015401
-0.015402
-0.015534
-0.015272
-0.014673
-0.013506
-0.010827
-0.006365
-0.000843
0.005667
0.012880
0.019769
0.025858
0.031217
0.035470
0.038393
0.040346
0.041818
0.043078
0.044282
0.045816
0.048261
0.051403
0.054680
0.058491
0.062946
0.067114
0.070810
0.074761
0.078563
0.081463
0.084119
0.086951
0.089323
0.090580
0.090881
0.090624
0.089826
0.088187
0.085479
0.081803
0.076812
0.070571
0.063577
0.058270
0.055733
0.054813
0.055045
0.056518
0.058876
0.061015
0.063181
0.064779
0.064627
0.063276
0.061913
0.060599
0.059721
0.059502
0.058833
0.057761
0.056700
0.055795
0.055130
0.055645
0.057674
0.061045
0.065532
0.070877
0.077195
0.084276
0.092195
0.100120
0.107099
0.113337
0.119170
0.124208
0.128663
0.133221
0.137663
0.141599
0.143975
0.144906
0.145152
0.145282
0.144963
0.144230
0.142259
0.137884
0.132414
0.127294
0.121957
0.116150
0.110608
0.106073
0.102332
0.098578
0.094899
0.091784
0.089651
0.088584
0.088277
0.088876
0.089375
0.089564
0.090233
0.091625
0.093138
0.092886
0.089769
0.084623
0.079021
0.073427
0.067708
0.061841
0.055730
0.049512
0.043796
0.039191
0.035720
0.032994
0.030569
0.028681
0.027299
0.026541
0.025782
0.024216
0.021665
0.018141
0.013598
0.007193
-0.000310
-0.007538
-0.014658
-0.021193
-0.026364
-0.029187
-0.029748
-0.027064
-0.021133
-0.013955
-0.007490
-0.002148
0.002589
0.006285
0.008598
0.009590
0.010122
0.011351
0.013100
0.014611
0.016175
0.017497
0.017687
0.017435
0.017911
0.019126
0.019954
0.019505
0.017689
0.014935
0.011328
0.006889
0.001754
-0.003175
-0.006862
-0.009011
-0.009633
-0.009096
-0.006806
-0.002160
0.004332
0.011074
0.016911
0.021547
0.024972
0.026438
0.025673
0.023723
0.021241
0.018644
0.016390
0.015375
0.015933
0.018197
0.021386
0.024653
0.027708
0.030280
0.031784
0.032627
0.033787
0.035488
0.037308
0.038583
0.039274
0.039848
0.040538
0.041042
0.040837
0.039214
0.036717
0.034652
0.033565
0.033148
0.034111
0.035982
0.037822
0.039692
0.041755
0.043960
0.046165
0.048170
0.048946
0.048657
0.048697
0.049283
0.049824
0.049959
0.049420
0.047686
0.045258
0.042895
0.040471
0.037822
0.035059
0.031572
0.027236
0.023143
0.019714
0.016726
0.014381
0.013384
0.013713
0.015082
0.017639
0.021889
0.027731
0.033881
0.039606
0.044130
0.047323
0.049261
0.049851
0.049265
0.047791
0.045697
0.042738
0.038445
0.033125
0.027576
0.022320
0.017460
0.012810
0.008867
0.006116
0.005372
0.006352
0.008173
0.009460
0.009485
0.008223
0.006487
0.005200
0.004245
0.003215
0.002240
0.002053
0.003157
0.005871
0.009658
0.013573
0.018106
0.023104
0.025997
0.025995
0.024389
0.022171
0.019333
0.016659
0.013917
0.009944
0.004931
-0.000053
-0.004290
-0.008331
-0.013050
-0.017826
-0.021932
-0.025104
-0.027496
-0.029391
-0.030811
-0.031884
-0.033210
-0.034505
-0.035133
-0.034959
-0.034485
-0.034492
-0.034622
-0.033876
-0.031941
-0.029447
-0.026808
-0.023922
-0.020964
-0.019019
-0.017806
-0.016185
-0.015464
-0.017359
-0.022089
-0.027568
-0.031634
-0.033971
-0.035537
-0.035363
-0.033158
-0.029502
-0.024752
-0.019660
-0.015903
-0.013690
-0.012264
-0.011832
-0.013439
-0.016966
-0.020884
-0.024181
-0.026439
-0.028050
-0.029526
-0.030951
-0.031554
-0.030915
-0.029329
-0.027548
-0.025883
-0.025147
-0.025523
-0.026337
-0.026761
-0.026317
-0.024934
-0.022937
-0.020510
-0.017058
-0.012728
-0.008622
-0.004866
-0.000993
0.002412
0.004856
0.005911
0.005956
0.005887
0.006462
0.007882
0.009393
0.010404
0.010977
0.011119
0.012065
0.015145
0.018958
0.021056
0.020034
0.016659
0.012628
0.010435
0.009622
0.009183
0.009132
0.009602
0.011344
0.014012
0.016053
0.017647
0.019515
0.020887
0.020999
0.019293
0.017485
0.017505
0.017641
0.016138
0.013139
0.009498
0.005742
0.002687
0.000790
0.000130
0.000294
0.000760
0.001845
0.003774
0.006402
0.009428
0.012700
0.016597
0.020737
0.023827
0.025256
0.025121
0.023396
0.020502
0.016627
0.012352
0.008231
0.004015
-0.000207
-0.003252
-0.004315
-0.003806
-0.002586
-0.001277
-0.000140
0.000656
0.000873
0.000284
-0.000793
-0.002148
-0.003672
-0.005245
-0.006480
-0.006812
-0.005280
-0.001935
0.002454
0.007473
0.012646
0.017609
0.021842
0.024847
0.026516
0.027257
0.027346
0.026868
0.025752
0.024692
0.023999
0.022615
0.019919
0.016582
0.013571
0.011276
0.009114
0.006483
0.003757
0.001643
0.000356
-0.000611
-0.001986
-0.004308
-0.005986
-0.005575
-0.003959
-0.002844
-0.002686
-0.002571
-0.002065
-0.002340
-0.003821
-0.005779
-0.008577
-0.012797
-0.018976
-0.026296
-0.033619
-0.040625
-0.047335
-0.053591
-0.058397
-0.061632
-0.063871
-0.065710
-0.067642
-0.069556
-0.071194
-0.072784
-0.074297
-0.075270
-0.075045
-0.073926
-0.071277
-0.066360
-0.059312
-0.051228
-0.042913
-0.035171
-0.028766
-0.024366
-0.022044
-0.021442
-0.022837
-0.025767
-0.029726
-0.034298
-0.039046
-0.043417
-0.047642
-0.051844
-0.055658
-0.058738
-0.061235
-0.063607
-0.066286
-0.069222
-0.072401
-0.075370
-0.077572
-0.078977
-0.079136
-0.077966
-0.075843
-0.072379
-0.067423
-0.060726
-0.052097
-0.040793
-0.026708
-0.010540
0.004439
0.016801
0.027751
0.038268
0.047377
0.054184
0.057738
0.059327
0.060530
0.061235
0.061407
0.061292
0.060731
0.059023
0.055650
0.051089
0.046375
0.041972
0.037820
0.032926
0.027364
0.021438
0.015406
0.009408
0.003293
-0.002654
-0.007827
-0.011252
-0.012538
-0.011219
-0.007916
-0.003597
0.001643
0.007385
0.013673
0.020281
0.027686
0.035775
0.043616
0.050223
0.055541
0.059853
0.063645
0.066531
0.067760
0.066603
0.063367
0.059414
0.055546
0.051710
0.047629
0.043447
0.039775
0.037421
0.036842
0.038092
0.040478
0.042679
0.044157
0.045579
0.047540
0.050018
0.052785
0.055040
0.056307
0.056967
0.056918
0.056159
0.055059
0.053461
0.051321
0.049338
0.047135
0.043559
0.038111
0.031707
0.025436
0.017844
0.007677
-0.003167
-0.012511
-0.020220
-0.027055
-0.033889
-0.041625
-0.050457
-0.059612
-0.068107
-0.075779
-0.082867
-0.089602
-0.095939
-0.100878
-0.104061
-0.105782
-0.105814
-0.104457
-0.101958
-0.098229
-0.093034
-0.086636
-0.080014
-0.073601
-0.066583
-0.059434
-0.053217
-0.048577
-0.045344
-0.043726
-0.043583
-0.043689
-0.043614
-0.043536
-0.042771
-0.040533
-0.037370
-0.033909
-0.030736
-0.027733
-0.024675
-0.022219
-0.020750
-0.020473
-0.020725
-0.020947
-0.021644
-0.023520
-0.026042
-0.028012
-0.029053
-0.029614
-0.030277
-0.031025
-0.030908
-0.029144
-0.025942
-0.021649
-0.015746
-0.007987
0.001265
0.010533
0.018589
0.025448
0.031200
0.035059
0.036448
0.035871
0.033924
0.031168
0.028461
0.026284
0.023807
0.019974
0.015200
0.010111
0.004951
-0.000871
-0.008570
-0.017345
-0.025832
-0.033400
-0.039842
-0.044746
-0.047762
-0.049019
-0.049023
-0.048453
-0.047868
-0.047717
-0.047654
-0.046954
-0.045392
-0.043092
-0.039894
-0.035233
-0.029706
-0.024525
-0.021094
-0.019171
-0.017739
-0.016063
-0.014033
-0.012247
-0.010710
-0.009107
-0.007351
-0.005463
-0.004083
-0.003687
-0.004452
-0.006140
-0.008986
-0.013020
-0.017973
-0.022914
-0.028057
-0.033702
-0.039790
-0.046480
-0.053331
-0.059726
-0.065078
-0.069878
-0.074702
-0.079188
-0.083039
-0.085977
-0.088883
-0.092769
-0.097252
-0.101512
-0.105028
-0.108291
-0.111192
-0.113114
-0.114012
-0.114057
-0.112993
-0.110576
-0.107078
-0.102794
-0.097912
-0.092752
-0.088046
-0.084114
-0.081062
-0.078538
-0.076115
-0.074434
-0.073658
-0.073881
-0.074582
-0.075203
-0.074965
-0.073816
-0.072881
-0.072811
-0.073440
-0.074090
-0.074397
-0.074557
-0.074537
-0.074349
-0.074145
-0.074190
-0.073868
-0.071856
-0.067854
-0.063326
-0.059509
-0.056162
-0.052623
-0.048492
-0.043840
-0.038802
-0.033625
-0.028197
-0.022792
-0.017914
-0.013691
-0.009400
-0.004434
0.000571
0.004911
0.008615
0.011870
0.014411
0.016524
0.018662
0.020750
0.022714
0.024945
0.027347
0.029427
0.031263
0.033140
0.035211
0.037463
0.039777
0.042107
0.044572
0.047435
0.050245
0.052481
0.054336
0.055842
0.056481
0.056124
0.055112
0.053526
0.051605
0.049468
0.047038
0.044270
0.041753
0.039792
0.038410
0.037582
0.037421
0.037830
0.038632
0.039763
0.040661
0.040526
0.038765
0.035779
0.032038
0.027693
0.022954
0.017916
0.012812
0.007962
0.004166
0.001330
-0.000841
-0.002617
-0.004073
-0.004789
-0.004874
-0.004913
-0.005278
-0.005694
-0.006026
-0.006747
-0.007799
-0.008877
-0.010416
-0.011984
-0.012216
-0.011469
-0.010932
-0.010705
-0.010268
-0.009657
-0.008166
-0.005807
-0.003749
-0.002257
-0.001098
-0.000724
-0.001043
-0.001696
-0.002769
-0.004514
-0.007021
-0.009820
-0.012671
-0.015609
-0.018445
-0.021009
-0.022869
-0.023642
-0.023271
-0.021687
-0.019140
-0.015923
-0.011571
-0.006073
-0.000307
0.005433
0.011272
0.017557
0.022949
0.026371
0.028157
0.029108
0.029305
0.028568
0.026778
0.023960
0.020442
0.016257
0.011902
0.007929
0.004654
0.002269
0.000733
-0.000436
-0.001601
-0.002544
-0.003395
-0.004318
-0.005512
-0.007144
-0.009081
-0.010683
-0.011121
-0.009885
-0.007351
-0.003704
0.000402
0.004078
0.007121
0.009762
0.011653
0.012600
0.012635
0.011917
0.010787
0.009041
0.006644
0.003552
-0.000170
-0.004105
-0.007432
-0.010009
-0.012274
-0.014077
-0.015157
-0.015920
-0.016430
-0.016501
-0.015734
-0.014205
-0.012443
-0.010304
-0.006996
-0.002719
0.001669
0.006001
0.010219
0.013670
0.016322
0.018464
0.020031
0.021353
0.023171
0.025463
0.027711
0.029247
0.029603
0.028130
0.025646
0.023555
0.021699
0.019458
0.016739
0.013638
0.010144
0.006553
0.003175
0.000053
-0.002748
-0.005308
-0.007353
-0.008403
-0.008141
-0.006969
-0.005657
-0.003876
-0.000776
0.003068
0.006550
0.010029
0.014152
0.018606
0.022895
0.026391
0.028132
0.028643
0.029302
0.030053
0.030319
0.029626
0.028069
0.026628
0.025516
0.024004
0.022408
0.021692
0.021475
0.021283
0.021430
0.022316
0.023495
0.024508
0.026027
0.028129
0.029981
0.031557
0.033120
0.034083
0.034644
0.035657
0.036770
0.037231
0.036919
0.036193
0.035680
0.035694
0.036084
0.036595
0.037012
0.037304
0.037415
0.037348
0.037206
0.037296
0.037136
0.036346
0.034857
0.032292
0.028967
0.025488
0.021734
0.017879
0.014252
0.010757
0.007475
0.005188
0.003614
0.001699
-0.000452
-0.002272
-0.003711
-0.005253
-0.007238
-0.009031
-0.010136
-0.010817
-0.011371
-0.011473
-0.010999
-0.010324
-0.009763
-0.009127
-0.007670
-0.004899
-0.001696
-0.000003
0.000012
-0.001182
-0.002567
-0.003826
-0.006352
-0.010616
-0.016135
-0.022002
-0.026882
-0.029561
-0.030828
-0.032136
-0.033277
-0.033597
-0.033025
-0.032100
-0.031442
-0.031208
-0.030908
-0.029654
-0.027948
-0.026923
-0.026521
-0.026077
-0.025019
-0.023298
-0.020727
-0.017646
-0.014933
-0.013035
-0.011379
-0.008839
-0.005509
-0.002150
0.000830
0.003737
0.007081
0.010476
0.013224
0.015522
0.017714
0.019176
0.019908
0.019879
0.018956
0.017315
0.014589
0.010722
0.006128
0.001918
-0.001322
-0.003394
-0.004537
-0.005275
-0.006021
-0.006802
-0.007378
-0.007800
-0.008485
-0.009830
-0.011399
-0.012299
-0.012478
-0.012431
-0.012391
-0.012421
-0.012588
-0.012825
-0.013042
-0.013234
-0.013431
-0.013638
-0.013683
-0.013397
-0.012952
-0.012509
-0.012232
-0.012009
-0.011675
-0.011715
-0.012134
-0.012453
-0.012204
-0.011060
-0.008754
-0.005590
-0.001880
0.002208
0.006478
0.010713
0.014811
0.019146
0.023632
0.027972
0.032362
0.037054
0.041544
0.045672
0.049357
0.052303
0.054493
0.056170
0.057783
0.059711
0.061410
0.062285
0.061806
0.060497
0.059387
0.058756
0.058082
0.057329
0.056262
0.055069
0.054613
0.054837
0.055080
0.054922
0.054319
0.052802
0.049463
0.044018
0.036684
0.027665
0.018372
0.009605
0.001157
-0.007745
-0.017440
-0.026581
-0.034046
-0.039651
-0.043880
-0.047128
-0.048640
-0.048732
-0.048507
-0.047824
-0.046343
-0.044497
-0.042386
-0.039910
-0.037521
-0.035402
-0.032591
-0.029033
-0.025670
-0.023133
-0.021308
-0.020557
-0.020750
-0.021298
-0.022126
-0.022912
-0.023473
-0.023782
-0.023952
-0.023910
-0.023183
-0.021275
-0.018764
-0.016614
-0.015339
-0.014528
-0.013456
-0.012252
-0.011406
-0.010773
-0.010299
-0.010254
-0.010321
-0.010443
-0.010967
-0.011845
-0.012893
-0.014347
-0.016047
-0.017292
-0.017769
-0.017542
-0.016661
-0.015531
-0.014957
-0.014583
-0.013670
-0.012958
-0.012725
-0.012186
-0.011282
-0.010777
-0.010954
-0.011458
-0.012107
-0.013107
-0.014736
-0.016719
-0.018641
-0.020235
-0.020988
-0.021223
-0.022241
-0.023318
-0.022709
-0.020059
-0.016305
-0.012534
-0.009082
-0.005328
-0.001100
0.003081
0.006295
0.008416
0.010693
0.013608
0.016703
0.019831
0.022867
0.024690
0.025695
0.027521
0.029791
0.031222
0.030976
0.029534
0.027429
0.025301
0.023573
0.021901
0.019841
0.017314
0.014703
0.012217
0.009476
0.005904
0.001340
-0.004138
-0.009870
-0.014993
-0.019105
-0.022199
-0.024216
-0.025261
-0.025137
-0.024136
-0.022906
-0.021331
-0.019323
-0.017479
-0.016279
-0.015704
-0.015589
-0.015638
-0.015082
-0.014204
-0.013845
-0.013845
-0.013751
-0.013866
-0.014190
-0.014322
-0.014307
-0.013997
-0.012733
-0.010022
-0.006301
-0.002429
0.001230
0.004697
0.007835
0.010697
0.013806
0.017626
0.022186
0.026720
0.030849
0.034821
0.038573
0.042212
0.046080
0.049797
0.052847
0.055463
0.058143
0.060091
0.060823
0.061130
0.061769
0.062255
0.062253
0.061926
0.061188
0.059739
0.057492
0.055181
0.053304
0.051365
0.049150
0.046562
0.043913
0.041766
0.039862
0.037685
0.035617
0.034091
0.032796
0.030739
0.027920
0.025044
0.022860
0.021166
0.019330
0.018143
0.018317
0.018866
0.019146
0.019696
0.020630
0.021759
0.023089
0.024753
0.027207
0.029729
0.031644
0.033193
0.034468
0.035507
0.036138
0.035143
0.032427
0.029012
0.025641
0.022899
0.020806
0.019050
0.017125
0.015219
0.013559
0.011857
0.010284
0.008984
0.007709
0.006510
0.005811
0.006046
0.007103
0.009022
0.010999
0.012489
0.013998
0.015991
0.018103
0.020178
0.022715
0.025495
0.027888
0.029651
0.030856
0.031367
0.031232
0.030863
0.030173
0.029010
0.027195
0.024955
0.022587
0.020211
0.017960
0.016020
0.013763
0.010717
0.007361
0.004176
0.001275
-0.000755
-0.001542
-0.001135
-0.000038
0.001259
0.002833
0.005432
0.009054
0.012952
0.016738
0.020296
0.023860
0.027529
0.031157
0.034146
0.036522
0.038693
0.040741
0.042603
0.044437
0.046091
0.047066
0.047480
0.047884
0.048707
0.049684
0.050236
0.050126
0.049607
0.049170
0.048864
0.048363
0.047612
0.047093
0.046879
0.046722
0.046579
0.046858
0.047674
0.048709
0.049882
0.051343
0.052935
0.054563
0.056563
0.059040
0.061771
0.064343
0.066478
0.068720
0.071294
0.073948
0.076899
0.080371
0.083279
0.084761
0.084898
0.084339
0.084165
0.084185
0.083618
0.082326
0.080463
0.078376
0.076550
0.074926
0.073115
0.071002
0.068585
0.066122
0.064171
0.062465
0.060155
0.057245
0.054129
0.050864
0.047499
0.044098
0.041052
0.038221
0.035423
0.032449
0.029172
0.026127
0.023860
0.022295
0.021720
0.022313
0.023296
0.023962
0.024329
0.024585
0.024713
0.024399
0.024131
0.024752
0.026085
0.027446
0.028286
0.028207
0.027159
0.025570
0.024101
0.022804
0.021291
0.019375
0.017686
0.016213
0.014304
0.012090
0.010007
0.007603
0.004585
0.001215
-0.002275
-0.005876
-0.009101
-0.011296
-0.012216
-0.012690
-0.013424
-0.014134
-0.014326
-0.014154
-0.013771
-0.013144
-0.013142
-0.014065
-0.014729
-0.014571
-0.013845
-0.013002
-0.012660
-0.013678
-0.015582
-0.017051
-0.017712
-0.018327
-0.019430
-0.020560
-0.021136
-0.021981
-0.023882
-0.026645
-0.029940
-0.033242
-0.035821
-0.037572
-0.038546
-0.039179
-0.039853
-0.040286
-0.040229
-0.039878
-0.039239
-0.038480
-0.038037
-0.037730
-0.036782
-0.035306
-0.033842
-0.032642
-0.032105
-0.032358
-0.032798
-0.032893
-0.032921
-0.033444
-0.034340
-0.035195
-0.036270
-0.037899
-0.039660
-0.041281
-0.043134
-0.045424
-0.048036
-0.050719
-0.053022
-0.055012
-0.056823
-0.058210
-0.059349
-0.060510
-0.061447
-0.062340
-0.063634
-0.065121
-0.066261
-0.067121
-0.067929
-0.068459
-0.068149
-0.066580
-0.064527
-0.062507
-0.060656
-0.059574
-0.059290
-0.058776
-0.057593
-0.056132
-0.054489
-0.052516
-0.050405
-0.048385
-0.046614
-0.044789
-0.042459
-0.040222
-0.038722
-0.037480
-0.036049
-0.034804
-0.033819
-0.032369
-0.030843
-0.030329
-0.030694
-0.030781
-0.030996
-0.032110
-0.033500
-0.034193
-0.034342
-0.034652
-0.035388
-0.036263
-0.036956
-0.036939
-0.035799
-0.033836
-0.032100
-0.031283
-0.030885
-0.030087
-0.028880
-0.027558
-0.026102
-0.025104
-0.025328
-0.026304
-0.026977
-0.026990
-0.026746
-0.026546
-0.025907
-0.024865
-0.024413
-0.024760
-0.025127
-0.024763
-0.024114
-0.023989
-0.024391
-0.024952
-0.025252
-0.025433
-0.025576
-0.025691
-0.025837
-0.026241
-0.026948
-0.028167
-0.029456
-0.030172
-0.030219
-0.029920
-0.030045
-0.030402
-0.030566
-0.030764
-0.031245
-0.031923
-0.032669
-0.033489
-0.034664
-0.036378
-0.037882
-0.038433
-0.038149
-0.037834
-0.037819
-0.037516
-0.036642
-0.035552
-0.034352
-0.033278
-0.032539
-0.030718
-0.027052
-0.022149
-0.016664
-0.011099
-0.005584
-0.000197
0.004263
0.007281
0.008922
0.010214
0.011842
0.013324
0.014300
0.014960
0.015374
0.015552
0.015776
0.016137
0.016551
0.016744
0.016526
0.015835
0.014800
0.013509
0.011770
0.009570
0.007458
0.005988
0.004846
0.003734
0.002733
0.001656
0.000332
-0.000926
-0.001626
-0.001658
-0.001295
-0.000791
-0.000407
0.000169
0.001506
0.003602
0.005839
0.007210
0.007480
0.007188
0.007016
0.007029
0.006615
0.005659
0.004467
0.003100
0.001576
0.000484
-0.000135
-0.000616
-0.000845
-0.000654
-0.000865
-0.001713
-0.002814
-0.003808
-0.003939
-0.002305
0.000299
0.002147
0.003140
0.004186
0.005879
0.008034
0.010286
0.011782
0.012236
0.012716
0.013892
0.015686
0.017601
0.018984
0.019453
0.019398
0.019587
0.019857
0.019277
0.018455
0.018265
0.017756
0.016512
0.015703
0.015162
0.013751
0.011333
0.008375
0.005001
0.001492
-0.001883
-0.004527
-0.006270
-0.007625
-0.008840
-0.010036
-0.011566
-0.013162
-0.013801
-0.012888
-0.011304
-0.010510
-0.010296
-0.009787
-0.008460
-0.006664
-0.004817
-0.003046
-0.001587
-0.000107
0.001798
0.003706
0.005051
0.005729
0.006238
0.006856
0.007285
0.007460
0.007597
0.007906
0.008153
0.008214
0.008325
0.008495
0.008213
0.007490
0.008036
0.010149
0.012010
0.012683
0.012618
0.012005
0.010837
0.009289
0.006882
0.003985
0.001865
0.000693
-0.000502
-0.001858
-0.002748
-0.003237
-0.003742
-0.004300
-0.004971
-0.005722
-0.006428
-0.007216
-0.008099
-0.008994
-0.010042
-0.011267
-0.012650
-0.014083
-0.015619
-0.017432
-0.019418
-0.021311
-0.023174
-0.024423
-0.025221
-0.026735
-0.029115
-0.031694
-0.033789
-0.035609
-0.037304
-0.038972
-0.040723
-0.042187
-0.043305
-0.044058
-0.044557
-0.045028
-0.045813
-0.047103
-0.048767
-0.050288
-0.051411
-0.052623
-0.054276
-0.056034
-0.057247
-0.057790
-0.057978
-0.058095
-0.058140
-0.057993
-0.057581
-0.056890
-0.056015
-0.055484
-0.055518
-0.055822
-0.055564
-0.054468
-0.053962
-0.054533
-0.054972
-0.054401
-0.053041
-0.051578
-0.050517
-0.049911
-0.049382
-0.048705
-0.048019
-0.047445
-0.046921
-0.046198
-0.044951
-0.042948
-0.040651
-0.038648
-0.036815
-0.034842
-0.032818
-0.031073
-0.029467
-0.027853
-0.026277
-0.024785
-0.023381
-0.022037
-0.020619
-0.019215
-0.018530
-0.018347
-0.018036
-0.017834
-0.017809
-0.017788
-0.017844
-0.018098
-0.018480
-0.018804
-0.018202
-0.016955
-0.015856
-0.015282
-0.015280
-0.015354
-0.014209
-0.011954
-0.010106
-0.009274
-0.008872
-0.008533
-0.008173
-0.007652
-0.006902
-0.005741
-0.003871
-0.001209
0.001794
0.004644
0.007351
0.010146
0.013145
0.016055
0.018460
0.019986
0.020922
0.021891
0.023259
0.024995
0.026681
0.028169
0.029936
0.032040
0.034071
0.035914
0.037618
0.039279
0.041224
0.043449
0.045487
0.047103
0.048235
0.049093
0.049789
0.049934
0.049550
0.048934
0.047966
0.046624
0.045040
0.043439
0.042040
0.040723
0.039349
0.038141
0.036999
0.035837
0.035058
0.034779
0.034420
0.033462
0.031751
0.029482
0.026703
0.023538
0.020332
0.017001
0.013559
0.010698
0.008817
0.007670
0.007159
0.007351
0.007839
0.007911
0.007241
0.006260
0.006460
0.007819
0.008642
0.008159
0.006899
0.005098
0.002839
0.000928
-0.000414
-0.001806
-0.003270
-0.004158
-0.004342
-0.004312
-0.004096
-0.003093
-0.001527
-0.000230
0.000831
0.002031
0.003586
0.005677
0.008627
0.012449
0.015865
0.017647
0.018025
0.018467
0.019277
0.019390
0.018712
0.017943
0.017033
0.015731
0.014356
0.013219
0.012274
0.011459
0.011057
0.011389
0.012403
0.013851
0.015330
0.016405
0.016930
0.017096
0.016993
0.016294
0.014940
0.013486
0.012159
0.010827
0.009191
0.007348
0.005692
0.004071
0.002062
-0.000334
-0.002512
-0.004540
-0.006350
-0.008007
-0.009955
-0.011666
-0.012242
-0.011575
-0.010399
-0.009268
-0.007537
-0.004682
-0.000861
0.003197
0.006470
0.008398
0.009531
0.010179
0.010428
0.010752
0.010977
0.010688
0.010121
0.010007
0.010376
0.010678
0.010900
0.011503
0.012221
0.012590
0.012935
0.013229
0.013366
0.013518
0.013536
0.013219
0.012648
0.011723
0.010389
0.009107
0.007982
0.007011
0.006185
0.005171
0.003298
0.000598
-0.001955
-0.003579
-0.004318
-0.004657
-0.004629
-0.003604
-0.001729
0.000349
0.002481
0.004687
0.006533
0.008009
0.009748
0.011802
0.013763
0.015354
0.016829
0.018737
0.021361
0.024221
0.026603
0.027745
0.027825
0.027623
0.027614
0.027987
0.028324
0.027256
0.024805
0.022869
0.022134
0.022106
0.022612
0.023356
0.023849
0.023874
0.023562
0.023111
0.022790
0.022630
0.022784
0.023246
0.025157
0.028526
0.030966
0.031754
0.031814
0.031265
0.030113
0.029113
0.028624
0.028124
0.027170
0.025810
0.024425
0.023401
0.022355
0.020806
0.018846
0.016362
0.013688
0.011830
0.010636
0.009373
0.007722
0.006373
0.005892
0.004709
0.001828
-0.001165
-0.003115
-0.004116
-0.004485
-0.004812
-0.005615
-0.006265
-0.006086
-0.005023
-0.003437
-0.002053
-0.001651
-0.001846
-0.002213
-0.002918
-0.003990
-0.005400
-0.007059
-0.009281
-0.011855
-0.014160
-0.015955
-0.017375
-0.018328
-0.018876
-0.019418
-0.020023
-0.020675
-0.021779
-0.023324
-0.025264
-0.027968
-0.031314
-0.034534
-0.037229
-0.039444
-0.040788
-0.041155
-0.040483
-0.038942
-0.037006
-0.035246
-0.033744
-0.032136
-0.030210
-0.027992
-0.026321
-0.025618
-0.025162
-0.024283
-0.023266
-0.023092
-0.024389
-0.026787
-0.029327
-0.031492
-0.032931
-0.033764
-0.035590
-0.038805
-0.041695
-0.043374
-0.044417
-0.045157
-0.045864
-0.046597
-0.046747
-0.046038
-0.044956
-0.043853
-0.042663
-0.041177
-0.039506
-0.037955
-0.036887
-0.036465
-0.035974
-0.034867
-0.033866
-0.033430
-0.033128
-0.032766
-0.032624
-0.032949
-0.033674
-0.034749
-0.036338
-0.038373
-0.040386
-0.042240
-0.044279
-0.046157
-0.047372
-0.047418
-0.046484
-0.044829
-0.041998
-0.038047
-0.033779
-0.029511
-0.024690
-0.019784
-0.015447
-0.010718
-0.005248
-0.000040
0.004472
0.008527
0.011378
0.012832
0.013598
0.014300
0.015042
0.015806
0.016562
0.017245
0.018372
0.020089
0.021879
0.023463
0.025106
0.026837
0.027983
0.028599
0.028928
0.029078
0.029242
0.029474
0.029753
0.029888
0.029487
0.028482
0.027217
0.025830
0.024254
0.022775
0.021615
0.020742
0.020220
0.020099
0.020138
0.020023
0.019814
0.019903
0.020508
0.020831
0.020321
0.019489
0.019423
0.020826
0.023032
0.024404
0.024104
0.022820
0.021487
0.020493
0.019604
0.018507
0.017248
0.015948
0.014952
0.014290
0.013496
0.012354
0.011653
0.011760
0.012341
0.013160
0.013957
0.014122
0.013588
0.013079
0.013052
0.013279
0.013473
0.013780
0.014614
0.015908
0.017210
0.018282
0.019358
0.020941
0.022677
0.023994
0.024954
0.025788
0.026466
0.027342
0.028559
0.029716
0.030591
0.031477
0.032091
0.032015
0.031627
0.031228
0.030843
0.030641
0.030220
0.029466
0.028429
0.026927
0.025119
0.023483
0.022275
0.021488
0.021016
0.020801
0.020747
0.020555
0.020574
0.021245
0.022174
0.022870
0.023620
0.024865
0.026478
0.028344
0.030397
0.031853
0.032227
0.031918
0.031519
0.031205
0.030330
0.028501
0.026201
0.023904
0.021795
0.020365
0.019445
0.017985
0.015626
0.012903
0.010692
0.009381
0.008395
0.007482
0.006899
0.006083
0.004619
0.003080
0.001372
-0.000933
-0.003260
-0.004918
-0.006370
-0.007861
-0.008470
-0.007725
-0.006293
-0.004988
-0.004322
-0.004512
-0.005579
-0.006891
-0.007602
-0.007967
-0.008428
-0.008867
-0.008867
-0.008164
-0.006779
-0.005051
-0.003275
-0.001008
0.001387
0.002990
0.003819
0.004547
0.005205
0.005762
0.006730
0.008219
0.009563
0.010631
0.011773
0.013162
0.014669
0.015875
0.016006
0.015227
0.014100
0.012750
0.011321
0.010328
0.010234
0.010909
0.011727
0.012122
0.011902
0.011353
0.010473
0.009214
0.007745
0.006196
0.004617
0.002906
0.000946
-0.001184
-0.003365
-0.005635
-0.007916
-0.009944
-0.011990
-0.013793
-0.015105
-0.016254
-0.017429
-0.017924
-0.017344
-0.016584
-0.016294
-0.016395
-0.016260
-0.015616
-0.014920
-0.013998
-0.012301
-0.010054
-0.007827
-0.005709
-0.003722
-0.002095
-0.001155
-0.000696
-0.000093
0.000668
0.001162
0.001806
0.002804
0.004023
0.005215
0.006397
0.007825
0.009738
0.012019
0.014367
0.016479
0.017666
0.017155
0.015940
0.015052
0.014289
0.013284
0.012196
0.010989
0.009398
0.007558
0.005968
0.005432
0.005711
0.006256
0.006712
0.006849
0.007081
0.007982
0.009338
0.010663
0.011671
0.011977
0.011870
0.011782
0.011598
0.011074
0.010273
0.009348
0.008465
0.007957
0.007533
0.006387
0.004363
0.002532
0.001684
0.001088
-0.000194
-0.001352
-0.001385
-0.000406
0.000918
0.002025
0.002946
0.003913
0.005013
0.006240
0.007702
0.008909
0.009815
0.011139
0.012907
0.014544
0.015294
0.015456
0.015731
0.015980
0.015930
0.015591
0.014933
0.013943
0.013072
0.012706
0.012579
0.012331
0.012017
0.011575
0.011094
0.010725
0.010374
0.009990
0.009708
0.009363
0.008583
0.007660
0.007063
0.006185
0.004789
0.003667
0.002975
0.002218
0.001219
0.000179
-0.000694
-0.001239
-0.001370
-0.001152
-0.001002
-0.001265
-0.001307
-0.000708
-0.000359
-0.000838
-0.001801
-0.002819
-0.003602
-0.003859
-0.003793
-0.003878
-0.004257
-0.004707
-0.005053
-0.005375
-0.005761
-0.006128
-0.006530
-0.007196
-0.007684
-0.007433
-0.006954
-0.006275
-0.004520
-0.001659
0.000910
0.002429
0.003355
0.004373
0.005580
0.006640
0.007216
0.007168
0.007101
0.007598
0.008355
0.008491
0.008042
0.007450
0.006755
0.006240
0.006023
0.006004
0.006223
0.006994
0.008485
0.010007
0.010899
0.010990
0.010406
0.009451
0.008348
0.007108
0.005467
0.003667
0.002043
0.000519
-0.001259
-0.003462
-0.005739
-0.007650
-0.008909
-0.009807
-0.010810
-0.011930
-0.012825
-0.013539
-0.014379
-0.015215
-0.015925
-0.016262
-0.015925
-0.015140
-0.014304
-0.013448
-0.012201
-0.010605
-0.009151
-0.007944
-0.007023
-0.006119
-0.004939
-0.003939
-0.003624
-0.003601
-0.003551
-0.004045
-0.005175
-0.006468
-0.007724
-0.009072
-0.010638
-0.012065
-0.013020
-0.013680
-0.014336
-0.015067
-0.016013
-0.016833
-0.017268
-0.017614
-0.018006
-0.018280
-0.018439
-0.018569
-0.018791
-0.018757
-0.018145
-0.017112
-0.015870
-0.014444
-0.013045
-0.012039
-0.011479
-0.011373
-0.011985
-0.013282
-0.014790
-0.015978
-0.016701
-0.017283
-0.017973
-0.018502
-0.018632
-0.018307
-0.017389
-0.016254
-0.015379
-0.015157
-0.015205
-0.014721
-0.013763
-0.013039
-0.012349
-0.011573
-0.010823
-0.009870
-0.008714
-0.008263
-0.008285
-0.007462
-0.005292
-0.002112
0.000257
0.000915
0.001199
0.002255
0.003883
0.005701
0.007330
0.008403
0.008907
0.009555
0.010333
0.010758
0.010631
0.010286
0.010087
0.009675
0.009131
0.008800
0.008502
0.007999
0.007338
0.006617
0.005884
0.004854
0.003654
0.002848
0.002329
0.001257
-0.000327
-0.001466
-0.002227
-0.003330
-0.004540
-0.005280
-0.005669
-0.006482
-0.007695
-0.008755
-0.009727
-0.010697
-0.011349
-0.012082
-0.013237
-0.014414
-0.015294
-0.015704
-0.015915
-0.016188
-0.016327
-0.016425
-0.016721
-0.017018
-0.017235
-0.017384
-0.017551
-0.017793
-0.017806
-0.017400
-0.016928
-0.016569
-0.016180
-0.015728
-0.014962
-0.013599
-0.011845
-0.010082
-0.008183
-0.005907
-0.003280
-0.000524
0.002040
0.003949
0.004974
0.005004
0.004590
0.004345
0.004023
0.002950
0.001377
0.000028
-0.000267
-0.000042
-0.000402
-0.001105
-0.001913
-0.003123
-0.004175
-0.004559
-0.005073
-0.006311
-0.007618
-0.008159
-0.007916
-0.007350
-0.007365
-0.008887
-0.011259
-0.013424
-0.015068
-0.016566
-0.018479
-0.020744
-0.022672
-0.023572
-0.023815
-0.024508
-0.025855
-0.027224
-0.028018
-0.028135
-0.027878
-0.027681
-0.027619
-0.027331
-0.026903
-0.026549
-0.026196
-0.025526
-0.024406
-0.023064
-0.021572
-0.019901
-0.018382
-0.017255
-0.016499
-0.015976
-0.015462
-0.014828
-0.014588
-0.014746
-0.014543
-0.013731
-0.012628
-0.011488
-0.010858
-0.010715
-0.010243
-0.009274
-0.008363
-0.007585
-0.006779
-0.006038
-0.005515
-0.005163
-0.004764
-0.004445
-0.004223
-0.003844
-0.003547
-0.003702
-0.004046
-0.004599
-0.005440
-0.006368
-0.007223
-0.007966
-0.008154
-0.007775
-0.007739
-0.008051
-0.008106
-0.008083
-0.008505
-0.009506
-0.010818
-0.012406
-0.014389
-0.016347
-0.017602
-0.018023
-0.018005
-0.017667
-0.017380
-0.017140
-0.016330
-0.014568
-0.012122
-0.009737
-0.008006
-0.005914
-0.002617
0.000940
0.003916
0.006206
0.007725
0.008562
0.009168
0.009874
0.010343
0.010029
0.009385
0.009386
0.009523
0.009191
0.009009
0.009445
0.010263
0.011316
0.012735
0.014758
0.017182
0.019517
0.021482
0.023039
0.023750
0.023598
0.023074
0.021857
0.020043
0.018502
0.017794
0.017798
0.018003
0.018177
0.018569
0.019130
0.019584
0.020285
0.021405
0.022420
0.023169
0.024061
0.024890
0.025561
0.026399
0.027417
0.028346
0.028958
0.029018
0.028574
0.028135
0.028202
0.028606
0.028472
0.027690
0.027154
0.027145
0.027087
0.026493
0.025306
0.024256
0.023795
0.023129
0.021712
0.020111
0.018843
0.017622
0.015961
0.014354
0.013624
0.013932
0.015040
0.016405
0.017495
0.018143
0.018686
0.019489
0.020745
0.022181
0.023216
0.023972
0.025012
0.025890
0.026334
0.027119
0.028294
0.028896
0.028563
0.028025
0.027983
0.028067
0.027658
0.026538
0.024869
0.023311
0.022460
0.021991
0.021139
0.019839
0.019018
0.018926
0.019453
0.020253
0.020390
0.019677
0.018779
0.018083
0.017564
0.016826
0.015524
0.014000
0.012761
0.011945
0.011276
0.010620
0.010022
0.009445
0.008962
0.008805
0.008872
0.008567
0.007545
0.005993
0.004145
0.002058
-0.000202
-0.002761
-0.005362
-0.007366
-0.008762
-0.009790
-0.010551
-0.011251
-0.011893
-0.012321
-0.012219
-0.011685
-0.010867
-0.009561
-0.007959
-0.006737
-0.005911
-0.004893
-0.003709
-0.002971
-0.002758
-0.002891
-0.003380
-0.003764
-0.003878
-0.004173
-0.004550
-0.004661
-0.004858
-0.005604
-0.006872
-0.008515
-0.010309
-0.011830
-0.013282
-0.014931
-0.016305
-0.017165
-0.017869
-0.018692
-0.019540
-0.020148
-0.020432
-0.020482
-0.020160
-0.019427
-0.018569
-0.017813
-0.017243
-0.016895
-0.016696
-0.016207
-0.014895
-0.013172
-0.011656
-0.010276
-0.008910
-0.007355
-0.005522
-0.003384
-0.000958
0.001661
0.004045
0.005918
0.007033
0.007557
0.007906
0.008620
0.009879
0.011189
0.011905
0.011810
0.011464
0.011291
0.011269
0.011251
0.011374
0.012025
0.013024
0.013905
0.014876
0.016197
0.017182
0.017532
0.017726
0.017898
0.017888
0.018023
0.018345
0.018425
0.018512
0.019031
0.019706
0.020151
0.020293
0.020034
0.019412
0.018831
0.018622
0.018746
0.018687
0.018048
0.017265
0.016841
0.016841
0.017063
0.017324
0.017627
0.017965
0.018250
0.018302
0.017926
0.017028
0.015833
0.014656
0.013397
0.011840
0.010172
0.008470
0.006565
0.004934
0.004071
0.003626
0.003275
0.003138
0.002896
0.002272
0.001504
0.000940
0.000479
-0.000032
-0.000504
-0.000808
-0.000875
-0.000456
0.000170
0.000536
0.000484
-0.000022
-0.001118
-0.002470
-0.003586
-0.004485
-0.004971
-0.004662
-0.004076
-0.003858
-0.003734
-0.002811
-0.000765
0.000646
0.000536
0.000289
0.000668
0.001102
0.001274
0.001207
0.000589
-0.000589
-0.001891
-0.002975
-0.003971
-0.005290
-0.006846
-0.008343
-0.009783
-0.011224
-0.012710
-0.014427
-0.016372
-0.018015
-0.019098
-0.020076
-0.021425
-0.023159
-0.023982
-0.023625
-0.022976
-0.022508
-0.022290
-0.022819
-0.024233
-0.026017
-0.027623
-0.028788
-0.029444
-0.029786
-0.029891
-0.029891
-0.029916
-0.029913
-0.029683
-0.028761
-0.027374
-0.026094
-0.024833
-0.023274
-0.021412
-0.019485
-0.017485
-0.016075
-0.015629
-0.015382
-0.014746
-0.013800
-0.012653
-0.011321
-0.009987
-0.008832
-0.007640
-0.006213
-0.004716
-0.003404
-0.002102
-0.000930
0.000202
0.001252
0.001681
0.001589
0.001597
0.001925
0.002238
0.002188
0.001838
0.001416
0.000925
0.000361
-0.000103
-0.000247
0.000187
0.000736
0.000848
0.000918
0.001098
0.000905
0.000424
0.000017
-0.000780
-0.002198
-0.003737
-0.005034
-0.006195
-0.007301
-0.008481
-0.009884
-0.011057
-0.011722
-0.012097
-0.012403
-0.012678
-0.012923
-0.013057
-0.012728
-0.012314
-0.012486
-0.012898
-0.012907
-0.012890
-0.013252
-0.013741
-0.014229
-0.014793
-0.015058
-0.015177
-0.015613
-0.016233
-0.016811
-0.017494
-0.018278
-0.019033
-0.019757
-0.020383
-0.020680
-0.020649
-0.020547
-0.020161
-0.019211
-0.018118
-0.016936
-0.015469
-0.014129
-0.013140
-0.012077
-0.011161
-0.010935
-0.010812
-0.010259
-0.009830
-0.009909
-0.010388
-0.011538
-0.012788
-0.012276
-0.010618
-0.009897
-0.010129
-0.010308
-0.010152
-0.009824
-0.009515
-0.009845
-0.010917
-0.012135
-0.012858
-0.012867
-0.012600
-0.012598
-0.012766
-0.012720
-0.012378
-0.011959
-0.011613
-0.011077
-0.010675
-0.010964
-0.011211
-0.010683
-0.009685
-0.008508
-0.007036
-0.005470
-0.004095
-0.002738
-0.001319
0.000023
0.001175
0.002080
0.002357
0.001981
0.001394
0.000678
-0.000097
-0.000285
0.000147
0.000509
0.000783
0.001122
0.000898
0.000008
-0.000840
-0.001180
-0.001202
-0.001519
-0.002233
-0.002990
-0.003599
-0.004025
-0.003848
-0.002753
-0.000691
0.001093
0.001713
0.002103
0.002811
0.002813
0.002304
0.002128
0.001950
0.001429
0.000910
0.000346
-0.000633
-0.002088
-0.003756
-0.005428
-0.007166
-0.008912
-0.010276
-0.011151
-0.011598
-0.011640
-0.011621
-0.012217
-0.013195
-0.013726
-0.013629
-0.013249
-0.013175
-0.013366
-0.013372
-0.013416
-0.013863
-0.014177
-0.014175
-0.014402
-0.014935
-0.015511
-0.015803
-0.015835
-0.015736
-0.015441
-0.014763
-0.013367
-0.011518
-0.010036
-0.009416
-0.009298
-0.008321
-0.005797
-0.002672
-0.000476
0.000362
0.000718
0.001309
0.002133
0.003385
0.004898
0.005667
0.005527
0.005231
0.005101
0.004989
0.004414
0.003238
0.001824
0.000502
-0.000543
-0.000965
-0.000828
-0.000770
-0.001030
-0.001494
-0.002188
-0.002998
-0.003495
-0.003128
-0.001736
0.000144
0.001888
0.003267
0.004335
0.005011
0.005282
0.005483
0.005901
0.006442
0.006729
0.006290
0.005727
0.006321
0.008181
0.010409
0.012049
0.012788
0.012823
0.012723
0.012980
0.013569
0.014050
0.013760
0.013034
0.012509
0.011491
0.009932
0.009026
0.009012
0.009106
0.008633
0.007906
0.007824
0.008401
0.009096
0.009994
0.011104
0.011782
0.011713
0.011146
0.010583
0.010268
0.010051
0.009850
0.009663
0.009141
0.008358
0.007882
0.007627
0.007208
0.006946
0.006884
0.006475
0.005889
0.005635
0.005432
0.004879
0.004155
0.003921
0.004248
0.004116
0.003310
0.002662
0.003031
0.004492
0.006477
0.008310
0.009471
0.009842
0.009830
0.010051
0.010556
0.010687
0.010545
0.010580
0.010662
0.010486
0.010228
0.010081
0.009905
0.009478
0.008932
0.008518
0.008223
0.008081
0.008435
0.009163
0.009897
0.010423
0.010760
0.011207
0.011686
0.011513
0.010668
0.009725
0.008668
0.007375
0.005999
0.005004
0.004420
0.003838
0.003173
0.002719
0.002223
0.001421
0.000609
0.000045
-0.000324
-0.000576
-0.000638
0.000042
0.001143
0.001733
0.002010
0.002526
0.003110
0.003939
0.005524
0.007280
0.008488
0.009400
0.010319
0.011050
0.011449
0.011798
0.012242
0.012519
0.012533
0.013007
0.013900
0.014442
0.014307
0.013531
0.012802
0.012478
0.012017
0.011408
0.010989
0.010279
0.009112
0.008139
0.007437
0.006675
0.006021
0.005520
0.004347
0.002671
0.001766
0.002031
0.002589
0.002297
0.001230
0.000008
-0.000890
-0.001382
-0.001885
-0.002579
-0.003028
-0.003275
-0.003662
-0.003993
-0.004068
-0.003964
-0.003669
-0.003293
-0.003143
-0.003187
-0.003332
-0.003846
-0.004607
-0.004861
-0.004762
-0.004924
-0.005769
-0.007161
-0.008246
-0.008598
-0.008480
-0.008213
-0.007952
-0.007834
-0.007655
-0.007273
-0.006705
-0.005954
-0.004929
-0.003552
-0.001976
-0.000192
0.001743
0.003305
0.004353
0.005113
0.005774
0.006418
0.006984
0.007331
0.007268
0.006744
0.005971
0.005116
0.003836
0.001971
0.000110
-0.001350
-0.002115
-0.002355
-0.002531
-0.002704
-0.002729
-0.002672
-0.002612
-0.002636
-0.002836
-0.003073
-0.003207
-0.003440
-0.003631
-0.003170
-0.002233
-0.001474
-0.001225
-0.001157
-0.000861
-0.000447
-0.000068
0.000336
0.000576
0.000451
0.000207
0.000050
0.000179
0.000534
0.000861
0.000997
0.001022
0.000935
0.000623
0.000411
0.000419
0.000315
0.000439
0.001259
0.002614
0.004148
0.005383
0.006358
0.007406
0.008578
0.009748
0.010393
0.010363
0.009900
0.009139
0.008218
0.007320
0.006362
0.005258
0.004222
0.003122
0.001668
0.000247
-0.000768
-0.001571
-0.002282
-0.002569
-0.002377
-0.002132
-0.002073
-0.001888
-0.001075
-0.000047
0.000724
0.001002
0.000825
0.000619
0.000366
0.000010
0.000018
0.000200
-0.000145
-0.001022
-0.001916
-0.002689
-0.003414
-0.004043
-0.004378
-0.004530
-0.004479
-0.004191
-0.003784
-0.003287
-0.002662
-0.002476
-0.003218
-0.004719
-0.006831
-0.009069
-0.010348
-0.010611
-0.010406
-0.009937
-0.009216
-0.008587
-0.007939
-0.007136
-0.006797
-0.007228
-0.008133
-0.008979
-0.009383
-0.009613
-0.009703
-0.009465
-0.009279
-0.009541
-0.010104
-0.010838
-0.011676
-0.012431
-0.012822
-0.012508
-0.011611
-0.010473
-0.009164
-0.007640
-0.006138
-0.005086
-0.004876
-0.005051
-0.004946
-0.004575
-0.004085
-0.003405
-0.002716
-0.002574
-0.002816
-0.003162
-0.003752
-0.004824
-0.006547
-0.008471
-0.010059
-0.011426
-0.012955
-0.014940
-0.016948
-0.018380
-0.018844
-0.018929
-0.019422
-0.020245
-0.020969
-0.021121
-0.020717
-0.020031
-0.019165
-0.018135
-0.017051
-0.015941
-0.014689
-0.013167
-0.011423
-0.009857
-0.008667
-0.007976
-0.007705
-0.007642
-0.007490
-0.007164
-0.006582
-0.006091
-0.006043
-0.006488
-0.007126
-0.007515
-0.007408
-0.006969
-0.006784
-0.006972
-0.007064
-0.007086
-0.007438
-0.008148
-0.008837
-0.009141
-0.008809
-0.007941
-0.006991
-0.006086
-0.005287
-0.004709
-0.004656
-0.005193
-0.006006
-0.006784
-0.007400
-0.007909
-0.008330
-0.008156
-0.006847
-0.004854
-0.003053
-0.001843
-0.001048
-0.000352
0.000204
0.000776
0.001359
0.001819
0.002220
0.002337
0.002407
0.003564
0.005736
0.008012
0.010106
0.012125
0.013731
0.014750
0.015359
0.015399
0.014926
0.014539
0.014512
0.014594
0.015020
0.015843
0.016387
0.016043
0.015003
0.014117
0.013666
0.013346
0.013014
0.012364
0.011798
0.011755
0.011888
0.011887
0.011908
0.011718
0.011510
0.012236
0.013499
0.013838
0.013302
0.012917
0.013195
0.013705
0.013753
0.012895
0.011247
0.009702
0.008854
0.008528
0.008269
0.007799
0.007061
0.006331
0.005879
0.005325
0.004407
0.003412
0.002504
0.001614
0.000848
0.000269
-0.000087
-0.000215
-0.000035
0.000626
0.001517
0.001729
0.001367
0.001127
0.001416
0.002133
0.002866
0.003814
0.005387
0.006846
0.007558
0.007660
0.007386
0.006715
0.005837
0.005091
0.004692
0.004731
0.005103
0.005519
0.005639
0.005378
0.004948
0.004657
0.004557
0.004589
0.004814
0.005188
0.005480
0.005250
0.004504
0.003757
0.003245
0.002839
0.002395
0.001953
0.001623
0.001300
0.000831
0.001008
0.001870
0.002192
0.001990
0.002230
0.002569
0.002464
0.002319
0.002309
0.002190
0.002065
0.002122
0.002327
0.002601
0.002943
0.003450
0.004195
0.005175
0.005844
0.005644
0.005231
0.005318
0.005864
0.006607
0.007428
0.007864
0.007884
0.007952
0.008248
0.008714
0.009667
0.011261
0.012883
0.013995
0.014387
0.014509
0.014736
0.015180
0.015749
0.016300
0.016564
0.016506
0.016190
0.015896
0.015876
0.015704
0.015150
0.014556
0.014224
0.014230
0.014287
0.014275
0.014509
0.015254
0.016554
0.017951
0.018964
0.019545
0.020009
0.020712
0.021694
0.022628
0.022936
0.022587
0.022046
0.021762
0.021607
0.021159
0.020398
0.019594
0.018989
0.018701
0.018881
0.019652
0.020861
0.021836
0.022280
0.022558
0.022967
0.023244
0.023366
0.023493
0.023423
0.023506
0.023960
0.024251
0.023940
0.023228
0.022253
0.021196
0.020455
0.020255
0.020223
0.019884
0.019415
0.019330
0.019554
0.019744
0.019959
0.020069
0.019961
0.019597
0.018756
0.017973
0.017587
0.017060
0.016162
0.015117
0.013958
0.012895
0.012486
0.012676
0.012631
0.011954
0.011197
0.010840
0.010496
0.010116
0.009885
0.009496
0.008829
0.007772
0.006203
0.004609
0.003190
0.001828
0.001062
0.000906
0.000092
-0.001526
-0.002961
-0.003627
-0.003844
-0.004168
-0.004802
-0.005559
-0.006061
-0.005478
-0.003991
-0.002891
-0.002771
-0.002763
-0.002689
-0.002993
-0.003556
-0.004198
-0.004908
-0.005943
-0.007376
-0.008834
-0.010219
-0.011722
-0.013139
-0.014222
-0.015073
-0.015756
-0.016476
-0.017195
-0.017412
-0.017247
-0.016861
-0.016270
-0.015900
-0.016274
-0.016918
-0.016896
-0.016277
-0.015676
-0.015382
-0.015285
-0.015199
-0.015118
-0.014968
-0.014818
-0.015047
-0.015688
-0.016531
-0.017417
-0.018222
-0.019185
-0.020458
-0.021473
-0.022103
-0.022637
-0.022558
-0.021664
-0.020847
-0.020358
-0.019672
-0.018961
-0.018674
-0.018394
-0.017731
-0.017132
-0.016965
-0.016621
-0.015477
-0.014100
-0.013494
-0.013085
-0.011845
-0.010254
-0.009294
-0.009194
-0.008844
-0.007645
-0.006584
-0.006038
-0.005452
-0.004946
-0.004829
-0.004846
-0.004687
-0.004604
-0.004871
-0.005285
-0.005585
-0.005918
-0.006163
-0.005936
-0.005198
-0.004387
-0.003993
-0.003796
-0.002966
-0.001714
-0.001060
-0.001140
-0.001532
-0.002467
-0.003789
-0.004519
-0.004240
-0.003671
-0.003939
-0.005240
-0.006256
-0.006377
-0.005983
-0.005535
-0.005307
-0.005110
-0.004555
-0.003883
-0.003612
-0.003629
-0.003537
-0.003397
-0.003470
-0.003641
-0.003711
-0.003933
-0.004445
-0.005218
-0.005981
-0.006019
-0.004976
-0.004088
-0.004215
-0.004529
-0.004393
-0.004302
-0.004762
-0.006028
-0.007719
-0.009037
-0.009463
-0.009568
-0.009847
-0.009870
-0.009768
-0.010174
-0.010965
-0.011698
-0.012231
-0.012670
-0.013120
-0.013688
-0.014434
-0.015023
-0.015342
-0.015716
-0.015943
-0.015830
-0.015965
-0.016439
-0.016774
-0.016626
-0.016016
-0.014963
-0.013603
-0.012391
-0.012139
-0.012620
-0.012428
-0.011202
-0.009523
-0.008269
-0.007533
-0.006513
-0.005315
-0.004595
-0.004030
-0.003177
-0.002248
-0.001407
-0.000584
0.000227
0.000793
0.001127
0.001804
0.002701
0.003157
0.003399
0.004033
0.005016
0.005742
0.005929
0.006069
0.006295
0.006181
0.005752
0.005457
0.005499
0.005452
0.005029
0.004540
0.004123
0.003534
0.002925
0.002672
0.002738
0.002763
0.002621
0.002330
0.002213
0.002350
0.002579
0.002896
0.003267
0.003223
0.002693
0.002245
0.001773
0.000910
0.000125
-0.000359
-0.001185
-0.002295
-0.002956
-0.003170
-0.003592
-0.004338
-0.004756
-0.004682
-0.004480
-0.004282
-0.004459
-0.005226
-0.005832
-0.005933
-0.006130
-0.006826
-0.007954
-0.009148
-0.009825
-0.010041
-0.010411
-0.011394
-0.012596
-0.013529
-0.014319
-0.015047
-0.015350
-0.015090
-0.014851
-0.014736
-0.014461
-0.014237
-0.014120
-0.013861
-0.013167
-0.012139
-0.011409
-0.011371
-0.011867
-0.012453
-0.012628
-0.012386
-0.012124
-0.011965
-0.011737
-0.011306
-0.010747
-0.010112
-0.009386
-0.008550
-0.007547
-0.006632
-0.006008
-0.005690
-0.005771
-0.006206
-0.006517
-0.006435
-0.005994
-0.005597
-0.005529
-0.005287
-0.004507
-0.003642
-0.003170
-0.003010
-0.002682
-0.002464
-0.002816
-0.003308
-0.003614
-0.004086
-0.004944
-0.006106
-0.007310
-0.008296
-0.008915
-0.009066
-0.008865
-0.008750
-0.008784
-0.008588
-0.008049
-0.007248
-0.006124
-0.004777
-0.003460
-0.002733
-0.002799
-0.002657
-0.001442
-0.000294
-0.000174
-0.000299
-0.000103
0.000165
0.000639
0.001429
0.001833
0.001594
0.001138
0.000719
0.000274
-0.000179
-0.000811
-0.001771
-0.002345
-0.001956
-0.000908
0.000063
0.000501
0.000366
0.000255
0.000870
0.002036
0.002377
0.001801
0.001210
0.000664
-0.000174
-0.000818
-0.000374
0.000806
0.001856
0.002317
0.002105
0.001367
0.000861
0.001240
0.002379
0.003948
0.005362
0.006285
0.007019
0.007720
0.008264
0.008635
0.008857
0.008827
0.008762
0.008924
0.009139
0.008989
0.008331
0.007600
0.007119
0.006589
0.005694
0.004407
0.003010
0.001749
0.000551
-0.000411
-0.000776
-0.000671
-0.000364
0.000149
0.000863
0.001621
0.002133
0.002509
0.003192
0.003931
0.004368
0.004988
0.005871
0.006323
0.006331
0.006230
0.006068
0.005859
0.005944
0.006318
0.006562
0.006388
0.006039
0.006059
0.006206
0.005896
0.005547
0.005125
0.004101
0.002681
0.001399
0.000374
-0.000691
-0.002228
-0.003796
-0.005081
-0.006285
-0.006936
-0.006286
-0.005382
-0.005280
-0.005285
-0.004762
-0.004126
-0.003659
-0.003050
-0.002414
-0.002576
-0.003509
-0.003978
-0.003564
-0.002758
-0.001968
-0.001374
-0.000875
-0.000140
0.001040
0.002572
0.004514
0.006537
0.008623
0.011089
0.013120
0.013700
0.014060
0.015457
0.017439
0.018746
0.018944
0.019108
0.019832
0.020564
0.020724
0.020021
0.018692
0.017397
0.016377
0.015367
0.014165
0.013034
0.012159
0.011277
0.010371
0.009804
0.009812
0.010099
0.010403
0.011287
0.012571
0.013269
0.013202
0.012870
0.012807
0.013000
0.012990
0.012833
0.012815
0.013327
0.014117
0.014581
0.014654
0.014407
0.013947
0.013573
0.013516
0.013347
0.012773
0.012122
0.011621
0.011388
0.011169
0.010643
0.010389
0.010566
0.010316
0.009690
0.009221
0.008825
0.008423
0.008426
0.008627
0.008635
0.008657
0.008905
0.009333
0.010121
0.011378
0.012681
0.013369
0.013382
0.013122
0.012763
0.012720
0.012324
0.011491
0.010565
0.009829
0.009096
0.008418
0.007879
0.007250
0.006538
0.006094
0.005654
0.004943
0.004332
0.004088
0.004008
0.003883
0.003819
0.003859
0.003701
0.003175
0.002739
0.002586
0.002492
0.002152
0.001265
0.000152
-0.000664
-0.000803
-0.000703
-0.001317
-0.002951
-0.004983
-0.006291
-0.006483
-0.006308
-0.006457
-0.006816
-0.007146
-0.007513
-0.008126
-0.008630
-0.008844
-0.009126
-0.009710
-0.010515
-0.011214
-0.011600
-0.011705
-0.011870
-0.012261
-0.012645
-0.012631
-0.012156
-0.011691
-0.011760
-0.012728
-0.013955
-0.013332
-0.011334
-0.010298
-0.010615
-0.011077
-0.010818
-0.010176
-0.009849
-0.009942
-0.010149
-0.010435
-0.010915
-0.011351
-0.011384
-0.011271
-0.011222
-0.010942
-0.010384
-0.009907
-0.009396
-0.008702
-0.008081
-0.007777
-0.007869
-0.008476
-0.009777
-0.011249
-0.012174
-0.012441
-0.012366
-0.012408
-0.012845
-0.013463
-0.013927
-0.014100
-0.014052
-0.013644
-0.013356
-0.013968
-0.015335
-0.016654
-0.017385
-0.017534
-0.017349
-0.017525
-0.018470
-0.019040
-0.018322
-0.016836
-0.015724
-0.015564
-0.016178
-0.016637
-0.015996
-0.014649
-0.013588
-0.013329
-0.013479
-0.013394
-0.012932
-0.012336
-0.012042
-0.012130
-0.012085
-0.011823
-0.011533
-0.010850
-0.009768
-0.008972
-0.008203
-0.006437
-0.004360
-0.003385
-0.003617
-0.003629
-0.002708
-0.001587
-0.000858
-0.000524
-0.000484
-0.000659
-0.001110
-0.001838
-0.002582
-0.003609
-0.004976
-0.005902
-0.006240
-0.006547
-0.006989
-0.007381
-0.007612
-0.007916
-0.008475
-0.009064
-0.009767
-0.010697
-0.011369
-0.011561
-0.011727
-0.011935
-0.012015
-0.012242
-0.012837
-0.013354
-0.013397
-0.013144
-0.013025
-0.012925
-0.012585
-0.011957
-0.011002
-0.010071
-0.009435
-0.008682
-0.007859
-0.007368
-0.006896
-0.006135
-0.005317
-0.004614
-0.003874
-0.002948
-0.002082
-0.001539
-0.001197
-0.000098
0.001826
0.003390
0.004213
0.004874
0.005876
0.007056
0.007835
0.008224
0.008688
0.009198
0.009521
0.009575
0.009493
0.009453
0.009511
0.009663
0.009822
0.009632
0.008832
0.008194
0.008318
0.008976
0.009541
0.009758
0.009900
0.010146
0.010204
0.010142
0.010384
0.010795
0.011060
0.011144
0.011151
0.011181
0.011231
0.011217
0.011222
0.011373
0.011635
0.011882
0.012037
0.012080
0.012229
0.012703
0.013067
0.012858
0.011969
0.010892
0.010089
0.009328
0.008433
0.007724
0.007313
0.007026
0.006952
0.007006
0.006654
0.005824
0.004909
0.004110
0.003510
0.003167
0.002908
0.002497
0.002018
0.001567
0.001195
0.001182
0.001804
0.002834
0.003799
0.004185
0.004056
0.003924
0.004237
0.004999
0.005794
0.006368
0.006734
0.007131
0.007709
0.008301
0.008774
0.009186
0.009647
0.010181
0.010710
0.011341
0.012256
0.013037
0.013306
0.013277
0.013327
0.013606
0.013967
0.014245
0.014502
0.014750
0.014788
0.014509
0.014020
0.013524
0.013222
0.013212
0.013504
0.013958
0.014180
0.014180
0.014352
0.014529
0.014341
0.014063
0.013861
0.013506
0.012992
0.012519
0.011947
0.011194
0.010366
0.009805
0.009718
0.010167
0.010885
0.011535
0.011994
0.012261
0.012488
0.012756
0.012937
0.012763
0.012201
0.011561
0.011012
0.010426
0.010001
0.009989
0.010338
0.010763
0.011025
0.010990
0.010722
0.010515
0.010520
0.010752
0.011019
0.011050
0.010523
0.009700
0.009321
0.009403
0.009461
0.009415
0.009363
0.009293
0.009306
0.009506
0.009590
0.009421
0.009254
0.009344
0.009685
0.010006
0.010097
0.009732
0.008972
0.008111
0.007320
0.006685
0.006203
0.005706
0.005028
0.004430
0.004060
0.003679
0.003317
0.003122
0.002843
0.002325
0.001693
0.001194
0.000992
0.001215
0.001397
0.001335
0.001658
0.002614
0.003359
0.003566
0.003949
0.004846
0.005959
0.006727
0.007013
0.006897
0.006597
0.006358
0.006171
0.005984
0.005791
0.005565
0.005298
0.005029
0.004848
0.004624
0.004397
0.004318
0.004373
0.004607
0.005165
0.005582
0.005342
0.004527
0.003621
0.002985
0.002435
0.001679
0.000853
-0.000057
-0.001040
-0.001718
-0.002013
-0.002172
-0.002424
-0.002672
-0.002703
-0.002526
-0.002557
-0.002955
-0.003395
-0.003674
-0.003903
-0.004233
-0.004659
-0.005143
-0.005592
-0.005907
-0.006205
-0.006692
-0.007296
-0.007742
-0.008019
-0.008224
-0.008285
-0.008345
-0.008598
-0.008931
-0.009071
-0.008966
-0.008754
-0.008455
-0.008104
-0.007814
-0.007649
-0.007530
-0.007363
-0.007108
-0.006821
-0.006558
-0.006278
-0.005817
-0.005233
-0.004694
-0.004188
-0.003669
-0.003332
-0.003213
-0.003140
-0.003073
-0.003051
-0.003122
-0.003283
-0.003454
-0.003480
-0.003397
-0.003337
-0.003308
-0.003207
-0.003098
-0.003071
-0.003078
-0.003045
-0.002975
-0.002946
-0.003013
-0.003118
-0.003145
-0.003088
-0.003147
-0.003347
-0.003489
-0.003542
-0.003619
-0.003722
-0.003836
-0.004016
-0.004193
-0.004238
-0.004235
-0.004285
-0.004292
-0.004245
-0.004210
-0.004133
-0.003959
-0.003744
-0.003577
-0.003417
-0.003242
-0.003086
-0.002898
-0.002701
-0.002624
-0.002627
-0.002607
-0.002554
-0.002467
-0.002367
-0.002422
-0.002644
-0.002756
-0.002622
-0.002334
-0.002100
-0.002001
-0.001941
-0.001811
-0.001614
-0.001497
-0.001529
-0.001582
-0.001612
-0.001714
-0.001906
-0.002130
-0.002357
-0.002551
-0.002662
-0.002716
-0.002766
-0.002829
-0.002898
-0.002958
-0.002921
-0.002809
-0.002791
-0.002903
-0.003050
-0.003177
-0.003262
-0.003285
-0.003285
-0.003337
-0.003462
-0.003601
-0.003686
-0.003774
-0.003936
-0.004115
-0.004237
-0.004282
-0.004273
-0.004257
-0.004302
-0.004403
-0.004502
-0.004555
-0.004577
-0.004654
-0.004799
-0.004936
-0.005026
-0.005085
-0.005130
-0.005151
-0.005128
-0.005073
-0.005014
-0.004939
-0.004853
-0.004777
-0.004697
-0.004600
-0.004500
-0.004405
-0.004298
-0.004207
-0.004160
-0.004125
-0.004081
-0.004036
-0.003996
-0.003958
-0.003899
-0.003829
-0.003784
-0.003764
-0.003727
-0.003657
-0.003591
-0.003566
-0.003559
-0.003539
-0.003510
-0.003462
-0.003375
-0.003300
-0.003268
-0.003265
-0.003248
-0.003197
-0.003138
-0.003103
-0.003058
-0.002991
-0.002943
-0.002908
-0.002861
-0.002811
-0.002768
-0.002733
-0.002664
-0.002559
-0.002482
-0.002445
-0.002407
-0.002385
-0.002397
-0.002389
-0.002332
-0.002269
-0.002235
-0.002243
-0.002232
-0.002165
-0.002067
-0.001963
-0.001875
-0.001813
-0.001778
-0.001758
-0.001721
-0.001659
-0.001574
-0.001479
-0.001390
-0.001337
-0.001314
-0.001295
-0.001269
-0.001235
-0.001204
-0.001177
-0.001153
-0.001123
-0.001085
-0.001042
-0.000998
-0.000955
-0.000910
-0.000860
-0.000801
-0.000744
-0.000691
-0.000634
-0.000576
-0.000526
-0.000481
-0.000424
-0.000357
-0.000295
-0.000249
-0.000215
-0.000192
-0.000174
-0.000159
-0.000149
-0.000137
-0.000122
-0.000105
-0.000090
-0.000077
-0.000062
-0.000050
-0.000040
-0.000023
0.000002
0.000023
0.000037
0.000045
0.000057
0.000070
0.000082
0.000098
0.000119
0.000137
0.000152
0.000164
0.000180
0.000199
0.000215
0.000227
0.000240
0.000250
0.000257
0.000267
0.000277
0.000287
0.000299
0.000310
0.000324
0.000336
0.000346
0.000352
0.000361
0.000367
0.000374
0.000377
0.000379
0.000379
0.000379
0.000381
0.000387
0.000391
0.000391
0.000391
0.000391
0.000392
0.000396
0.000399
0.000404
0.000407
0.000411
0.000412
0.000414
0.000416
0.000417
0.000419
0.000422
0.000424
0.000424
0.000424
0.000422
0.000422
0.000424
0.000424
0.000424
0.000424
0.000422
0.000421
0.000421
0.000421
0.000421
0.000421
0.000421
0.000421
0.000421
0.000421
0.000419
0.000419
0.000419
0.000419
0.000419
0.000419
0.000419
0.000419
0.000419
0.000419
0.000419
0.000419
0.000419
0.000421
0.000421
0.000422
0.000422
0.000422
0.000424
0.000424
0.000426
0.000426
0.000426
0.000427
0.000427
0.000427
0.000429
0.000429
0.000429
0.000431
0.000431
0.000431
0.000431
0.000432
0.000432
0.000432
0.000432
0.000432
0.000432
0.000432
0.000432
0.000432
0.000432
0.000432
0.000432
0.000432
0.000432
0.000432
0.000431
0.000431
0.000431
0.000431
0.000431
0.000429
0.000429
0.000429
0.000427
