0.000000
-0.003193
-0.003214
-0.003214
-0.003217
-0.003223
-0.003227
-0.003230
-0.003234
-0.003225
-0.003215
-0.003200
-0.003188
-0.003179
-0.003170
-0.003154
-0.003143
-0.003129
-0.003120
-0.003111
-0.003108
-0.003108
-0.003107
-0.003122
-0.003125
-0.003117
-0.003113
-0.003108
-0.003111
-0.003103
-0.003103
-0.003103
-0.003105
-0.003100
-0.003103
-0.003105
-0.003102
-0.003086
-0.003065
-0.003033
-0.003010
-0.002977
-0.002947
-0.002929
-0.002914
-0.002909
-0.002908
-0.002905
-0.002898
-0.002890
-0.002879
-0.002871
-0.002854
-0.002827
-0.002806
-0.002783
-0.002766
-0.002733
-0.002696
-0.002671
-0.002660
-0.002663
-0.002673
-0.002679
-0.002669
-0.002660
-0.002665
-0.002667
-0.002663
-0.002640
-0.002615
-0.002594
-0.002579
-0.002567
-0.002548
-0.002538
-0.002552
-0.002565
-0.002581
-0.002582
-0.002570
-0.002555
-0.002548
-0.002543
-0.002540
-0.002511
-0.002449
-0.002372
-0.002300
-0.002258
-0.002256
-0.002310
-0.002411
-0.002525
-0.002613
-0.002641
-0.002621
-0.002518
-0.002394
-0.002300
-0.002268
-0.002279
-0.002312
-0.002349
-0.002403
-0.002444
-0.002468
-0.002442
-0.002383
-0.002336
-0.002316
-0.002329
-0.002432
-0.002600
-0.002721
-0.002734
-0.002669
-0.002575
-0.002443
-0.002246
-0.002040
-0.001894
-0.001860
-0.001947
-0.002059
-0.002183
-0.002313
-0.002437
-0.002535
-0.002606
-0.002610
-0.002536
-0.002436
-0.002364
-0.002354
-0.002362
-0.002339
-0.002225
-0.002071
-0.001995
-0.001990
-0.002011
-0.002049
-0.002106
-0.002103
-0.001998
-0.001832
-0.001733
-0.001740
-0.001760
-0.001730
-0.001640
-0.001549
-0.001532
-0.001657
-0.001934
-0.002293
-0.002575
-0.002679
-0.002603
-0.002386
-0.002059
-0.001760
-0.001583
-0.001567
-0.001661
-0.001783
-0.001773
-0.001633
-0.001475
-0.001379
-0.001348
-0.001344
-0.001389
-0.001575
-0.001901
-0.002263
-0.002487
-0.002527
-0.002393
-0.002079
-0.001588
-0.001071
-0.000666
-0.000535
-0.000642
-0.000894
-0.001252
-0.001667
-0.002007
-0.002136
-0.002040
-0.001906
-0.001861
-0.001928
-0.002019
-0.002040
-0.002022
-0.001968
-0.001746
-0.001292
-0.000728
-0.000397
-0.000418
-0.000640
-0.001121
-0.001915
-0.002643
-0.003012
-0.002974
-0.002559
-0.001882
-0.001319
-0.001013
-0.000860
-0.000777
-0.000648
-0.000125
0.000785
0.001641
0.002118
0.002231
0.001759
0.000604
-0.000997
-0.002551
-0.003625
-0.003850
-0.003321
-0.002461
-0.001532
-0.000721
-0.000513
-0.000961
-0.001644
-0.002175
-0.002331
-0.002046
-0.001441
-0.000808
-0.000300
0.000023
0.000288
0.000406
0.000179
-0.000180
-0.000399
-0.000950
-0.001866
-0.002416
-0.002216
-0.001598
-0.000880
-0.000388
-0.000421
-0.001007
-0.001885
-0.002766
-0.003198
-0.002767
-0.001395
0.000448
0.002048
0.003022
0.003406
0.003091
0.002049
0.000402
-0.001495
-0.003029
-0.003717
-0.003450
-0.002633
-0.000890
0.001448
0.003310
0.003717
0.002659
0.000703
-0.001454
-0.002938
-0.003264
-0.002491
-0.001134
0.000108
0.000681
0.000597
0.000252
0.000006
-0.000232
-0.000559
-0.000995
-0.001321
-0.001424
-0.001351
-0.001199
-0.000883
-0.000218
0.000906
0.002202
0.003207
0.003408
0.002544
0.000822
-0.000819
-0.001639
-0.001351
-0.000125
0.001636
0.003809
0.005260
0.005073
0.003617
0.001766
0.000609
0.000089
0.000102
0.000748
0.001854
0.002221
0.001262
-0.000602
-0.002518
-0.003842
-0.004416
-0.004350
-0.003581
-0.002176
-0.000474
0.001333
0.003056
0.004478
0.005554
0.006226
0.006143
0.005264
0.004272
0.004002
0.004820
0.006098
0.007134
0.007440
0.006676
0.005002
0.002313
-0.000727
-0.002926
-0.003404
-0.002035
0.000338
0.002321
0.003085
0.002610
0.001673
0.001316
0.002056
0.003848
0.005947
0.007440
0.007193
0.004967
0.002247
0.000960
0.001779
0.003779
0.005570
0.005958
0.004379
0.001245
-0.002323
-0.005384
-0.006201
-0.004354
-0.001060
0.001663
0.002786
0.002909
0.002360
0.001174
0.000110
-0.000107
0.000671
0.001497
0.000839
-0.001402
-0.004124
-0.004891
-0.002792
0.001536
0.006076
0.009352
0.010929
0.009973
0.006463
0.002113
-0.001930
-0.005194
-0.007240
-0.007563
-0.006017
-0.003030
0.000271
0.002732
0.003217
0.002061
0.000579
0.000020
0.000778
0.002633
0.004563
0.005786
0.006219
0.006303
0.006602
0.007505
0.008754
0.010198
0.011439
0.011849
0.010756
0.008135
0.005398
0.003452
0.002779
0.002733
0.002565
0.002059
0.001308
0.000333
-0.000623
-0.001191
-0.001030
-0.000217
0.000975
0.002183
0.003128
0.004271
0.005850
0.007867
0.010414
0.013260
0.015139
0.015277
0.013844
0.011600
0.009554
0.008331
0.007816
0.007935
0.008640
0.009229
0.008844
0.007485
0.005682
0.003566
0.001411
0.000173
0.000410
0.002152
0.005188
0.009299
0.014186
0.019186
0.022633
0.022160
0.017482
0.010964
0.005291
0.002545
0.003724
0.008186
0.013924
0.018101
0.019151
0.016871
0.012352
0.006215
-0.000394
-0.004848
-0.005325
-0.002630
0.000450
0.002602
0.003931
0.004903
0.006159
0.008741
0.013194
0.019154
0.024723
0.028397
0.028739
0.024207
0.014956
0.004459
-0.002823
-0.005194
-0.002371
0.004556
0.012354
0.017713
0.019437
0.017417
0.012686
0.007698
0.004069
0.003431
0.006108
0.009933
0.011948
0.010675
0.007446
0.004554
0.002452
0.002096
0.004270
0.008672
0.013661
0.017795
0.020203
0.020471
0.019447
0.018717
0.018772
0.019872
0.021738
0.023972
0.026226
0.028607
0.031075
0.032416
0.031091
0.027044
0.022154
0.019744
0.020589
0.023342
0.026019
0.027381
0.027427
0.025482
0.021517
0.016225
0.011237
0.009267
0.011149
0.014877
0.019054
0.022890
0.024875
0.024186
0.021723
0.018796
0.015805
0.011896
0.006542
0.000655
-0.003979
-0.005377
-0.002928
0.002725
0.010053
0.016967
0.022309
0.025874
0.028308
0.030477
0.032413
0.033779
0.033923
0.032161
0.029279
0.026571
0.025206
0.024615
0.023964
0.022678
0.020999
0.019517
0.018523
0.017917
0.018471
0.020614
0.023873
0.026741
0.028351
0.028601
0.027503
0.025290
0.023114
0.022328
0.023992
0.028036
0.033054
0.037282
0.039908
0.040985
0.040505
0.039520
0.038763
0.038170
0.037482
0.035870
0.032678
0.028212
0.023650
0.020810
0.020722
0.023094
0.026882
0.030468
0.031470
0.029542
0.026087
0.023382
0.022778
0.024446
0.027398
0.030431
0.032626
0.033507
0.033238
0.032723
0.032790
0.032907
0.031903
0.029140
0.025379
0.022178
0.019679
0.017349
0.015320
0.013275
0.011412
0.010841
0.012256
0.015421
0.019394
0.022852
0.024521
0.024297
0.023334
0.022510
0.022206
0.022669
0.024020
0.026397
0.029772
0.033291
0.035928
0.038129
0.040952
0.044947
0.049935
0.055382
0.060302
0.063754
0.065493
0.065755
0.065042
0.063396
0.061108
0.057849
0.053198
0.047721
0.042895
0.039997
0.038932
0.039784
0.042833
0.046712
0.049308
0.049268
0.047041
0.043588
0.040017
0.036605
0.033509
0.030888
0.028809
0.026840
0.025111
0.023736
0.022584
0.021274
0.019852
0.018515
0.017168
0.015407
0.012961
0.009813
0.006742
0.004607
0.003583
0.003802
0.005520
0.008859
0.013187
0.017461
0.020789
0.022659
0.023367
0.023895
0.024836
0.026305
0.028329
0.030516
0.032236
0.033379
0.034485
0.036330
0.039074
0.042103
0.044360
0.045558
0.046214
0.046856
0.048349
0.051151
0.054758
0.058227
0.061001
0.063025
0.064250
0.065482
0.067296
0.068408
0.068743
0.069668
0.071646
0.074134
0.075729
0.075474
0.073166
0.068641
0.061758
0.052224
0.039688
0.024447
0.009568
-0.003125
-0.012566
-0.018208
-0.019667
-0.017359
-0.012494
-0.006601
-0.000642
0.005647
0.011794
0.016703
0.019163
0.018299
0.014128
0.008332
0.003103
-0.000635
-0.003258
-0.005333
-0.007068
-0.008021
-0.007808
-0.006015
-0.002763
0.000940
0.004523
0.008014
0.011741
0.015946
0.020110
0.023021
0.023689
0.022517
0.021182
0.021032
0.022658
0.026653
0.032338
0.038166
0.043092
0.046428
0.047890
0.048018
0.047501
0.046066
0.043646
0.040612
0.037036
0.032493
0.026459
0.019045
0.010140
-0.000989
-0.013817
-0.026206
-0.036846
-0.045942
-0.053961
-0.060344
-0.064951
-0.069042
-0.073583
-0.078066
-0.081872
-0.086607
-0.092970
-0.100377
-0.108288
-0.115958
-0.122127
-0.126296
-0.129168
-0.131506
-0.133464
-0.134331
-0.133337
-0.129399
-0.122612
-0.114291
-0.105883
-0.098133
-0.090689
-0.082792
-0.074521
-0.066831
-0.060778
-0.057359
-0.056431
-0.057193
-0.059840
-0.065470
-0.074198
-0.085207
-0.096771
-0.107276
-0.116807
-0.125587
-0.134437
-0.143583
-0.152826
-0.162351
-0.171865
-0.180456
-0.186965
-0.191812
-0.195878
-0.199501
-0.202701
-0.205316
-0.207365
-0.209001
-0.210487
-0.211907
-0.212950
-0.213250
-0.213073
-0.212292
-0.210726
-0.208470
-0.205912
-0.203572
-0.201462
-0.199053
-0.196052
-0.192659
-0.189162
-0.185728
-0.182810
-0.180232
-0.177248
-0.173531
-0.169299
-0.165100
-0.161279
-0.157622
-0.152463
-0.143331
-0.132157
-0.122255
-0.113496
-0.104926
-0.097136
-0.090649
-0.083816
-0.076246
-0.068913
-0.062600
-0.057360
-0.053058
-0.049912
-0.048571
-0.048824
-0.050130
-0.051670
-0.052750
-0.053314
-0.053694
-0.053952
-0.054077
-0.054114
-0.053906
-0.054014
-0.055312
-0.057954
-0.061202
-0.064608
-0.068000
-0.071142
-0.074052
-0.077100
-0.080190
-0.083318
-0.087136
-0.092207
-0.099024
-0.107483
-0.116714
-0.126022
-0.133937
-0.139844
-0.143576
-0.146060
-0.148820
-0.152696
-0.157314
-0.162197
-0.167154
-0.172126
-0.176882
-0.181097
-0.184628
-0.187396
-0.189183
-0.190249
-0.191051
-0.191595
-0.191832
-0.191682
-0.191520
-0.191508
-0.191564
-0.191569
-0.191294
-0.190669
-0.189779
-0.188820
-0.187855
-0.186709
-0.185130
-0.182874
-0.179970
-0.177050
-0.174816
-0.173727
-0.173728
-0.174375
-0.175142
-0.175378
-0.174598
-0.172840
-0.170401
-0.167295
-0.163872
-0.160690
-0.158271
-0.156182
-0.153179
-0.148936
-0.144071
-0.139395
-0.135308
-0.131985
-0.129906
-0.129306
-0.129939
-0.131250
-0.132640
-0.133989
-0.135323
-0.136853
-0.138523
-0.140421
-0.142207
-0.142856
-0.141880
-0.139275
-0.134875
-0.129336
-0.123537
-0.117536
-0.110597
-0.101824
-0.091667
-0.080418
-0.067836
-0.055082
-0.042652
-0.029540
-0.015214
-0.000799
0.012789
0.026361
0.040442
0.054148
0.066563
0.077961
0.089100
0.100346
0.111462
0.121656
0.131694
0.143427
0.155977
0.168436
0.180794
0.193100
0.204225
0.213544
0.222423
0.231617
0.240678
0.249099
0.255991
0.261988
0.268576
0.276121
0.283209
0.289390
0.295204
0.298982
0.300000
0.299351
0.298125
0.296917
0.295321
0.292739
0.288894
0.283981
0.278383
0.272566
0.266373
0.259806
0.253186
0.245711
0.236573
0.226446
0.216827
0.209171
0.203978
0.200445
0.197880
0.196368
0.195567
0.194807
0.193327
0.191198
0.189337
0.188355
0.188409
0.188362
0.187474
0.185371
0.182677
0.180493
0.179179
0.178478
0.177977
0.176431
0.172982
0.168067
0.162802
0.158199
0.154548
0.151228
0.147213
0.142736
0.137982
0.133172
0.128519
0.123412
0.117816
0.113369
0.110300
0.107688
0.104624
0.100668
0.095980
0.091060
0.087091
0.084117
0.081202
0.077552
0.072513
0.066150
0.059607
0.053710
0.048780
0.045420
0.043535
0.042761
0.043006
0.044016
0.045342
0.046316
0.046720
0.046526
0.045722
0.044276
0.042382
0.040498
0.039335
0.039184
0.039586
0.040043
0.040084
0.039037
0.036632
0.033694
0.030850
0.027683
0.024342
0.022959
0.023744
0.025000
0.025804
0.026417
0.027951
0.030715
0.034217
0.037685
0.040513
0.042135
0.043010
0.044195
0.045083
0.045535
0.046359
0.047455
0.048278
0.048613
0.048604
0.048493
0.048479
0.049285
0.051575
0.054973
0.057456
0.057594
0.055616
0.054365
0.055744
0.059147
0.064472
0.071319
0.078046
0.083203
0.086260
0.087599
0.088137
0.089348
0.093036
0.100230
0.109362
0.116850
0.120595
0.122205
0.124248
0.127940
0.133522
0.140683
0.147695
0.152541
0.155113
0.155209
0.153241
0.150602
0.148529
0.147179
0.146441
0.146357
0.147063
0.148256
0.148852
0.148430
0.147194
0.145362
0.143079
0.140182
0.136820
0.133921
0.131587
0.128991
0.125705
0.121886
0.117486
0.112370
0.106356
0.099556
0.092159
0.084088
0.075994
0.068328
0.061801
0.057142
0.054114
0.051267
0.047378
0.042238
0.037243
0.033543
0.030797
0.028063
0.025066
0.021923
0.019232
0.017403
0.016469
0.016604
0.017721
0.020164
0.023673
0.027289
0.030087
0.031528
0.031616
0.030605
0.029078
0.027481
0.026114
0.025237
0.024790
0.024432
0.023654
0.022347
0.020927
0.020268
0.020928
0.022667
0.024337
0.025033
0.024411
0.022336
0.018963
0.015434
0.013382
0.012508
0.011891
0.011141
0.009553
0.006597
0.001874
-0.004479
-0.010552
-0.014646
-0.017089
-0.018890
-0.020685
-0.023356
-0.027879
-0.034279
-0.041646
-0.048165
-0.053289
-0.057427
-0.061079
-0.064259
-0.067126
-0.069932
-0.072900
-0.076266
-0.080005
-0.084316
-0.089766
-0.096115
-0.102200
-0.107168
-0.110564
-0.112584
-0.113663
-0.114504
-0.116142
-0.120097
-0.126653
-0.134582
-0.141848
-0.146658
-0.148628
-0.148393
-0.146626
-0.144043
-0.141305
-0.138262
-0.134096
-0.127629
-0.118707
-0.108640
-0.099769
-0.093436
-0.088803
-0.084996
-0.081012
-0.076362
-0.071008
-0.065454
-0.060329
-0.057161
-0.056570
-0.057120
-0.056541
-0.053767
-0.049280
-0.043847
-0.038507
-0.034396
-0.032191
-0.031426
-0.031054
-0.029568
-0.025340
-0.018753
-0.011848
-0.006021
-0.001519
0.002073
0.005013
0.007238
0.008885
0.010973
0.014933
0.021010
0.027113
0.031224
0.032497
0.031812
0.030857
0.030563
0.031188
0.032368
0.033377
0.033201
0.031089
0.027417
0.023648
0.021516
0.021874
0.024083
0.026939
0.029282
0.030825
0.031655
0.033186
0.035877
0.038198
0.039138
0.038678
0.036924
0.034369
0.031894
0.030095
0.028684
0.026960
0.024224
0.020450
0.016308
0.012325
0.008389
0.004193
-0.000006
-0.003864
-0.007388
-0.011009
-0.014852
-0.018405
-0.021392
-0.023993
-0.026129
-0.027739
-0.029044
-0.030511
-0.032397
-0.034500
-0.036485
-0.037749
-0.037344
-0.034274
-0.028583
-0.021698
-0.014857
-0.009236
-0.005135
-0.002171
0.000260
0.002710
0.005339
0.007924
0.010007
0.011004
0.010628
0.008747
0.005514
0.001438
-0.002572
-0.005817
-0.008221
-0.009498
-0.009557
-0.009236
-0.009387
-0.010402
-0.012339
-0.014812
-0.016991
-0.018416
-0.019172
-0.019669
-0.019932
-0.019817
-0.019492
-0.019275
-0.019517
-0.020211
-0.020889
-0.021117
-0.020732
-0.019816
-0.018644
-0.018188
-0.019263
-0.022298
-0.027449
-0.034278
-0.041847
-0.049014
-0.054567
-0.058586
-0.061773
-0.064662
-0.067526
-0.070393
-0.073142
-0.075027
-0.075787
-0.075603
-0.075260
-0.075588
-0.077162
-0.079861
-0.083311
-0.086619
-0.089225
-0.091521
-0.093953
-0.096360
-0.098386
-0.099733
-0.100276
-0.100173
-0.099553
-0.098608
-0.097672
-0.096863
-0.095946
-0.094312
-0.091989
-0.089771
-0.087784
-0.085617
-0.083259
-0.080976
-0.078925
-0.077051
-0.075340
-0.074297
-0.073927
-0.073433
-0.071439
-0.067468
-0.062423
-0.057780
-0.054697
-0.053253
-0.052600
-0.052267
-0.052113
-0.052285
-0.052670
-0.053324
-0.053985
-0.054463
-0.054751
-0.055262
-0.056803
-0.060766
-0.066445
-0.071737
-0.075318
-0.076598
-0.075585
-0.072527
-0.068357
-0.064056
-0.060330
-0.057280
-0.054671
-0.051821
-0.048033
-0.043651
-0.039469
-0.036462
-0.035169
-0.035348
-0.036320
-0.037158
-0.036889
-0.035272
-0.032780
-0.029942
-0.027351
-0.025881
-0.026104
-0.027850
-0.029813
-0.030742
-0.029443
-0.025798
-0.020557
-0.014699
-0.009247
-0.004908
-0.002106
-0.000685
-0.000084
-0.000083
-0.000590
-0.001212
-0.001157
0.000240
0.002926
0.006370
0.009649
0.011914
0.012652
0.011472
0.008679
0.005051
0.001421
-0.001420
-0.002751
-0.002562
-0.001481
-0.000121
0.000983
0.001570
0.001802
0.002246
0.003175
0.004398
0.005349
0.005422
0.004023
0.001269
-0.001700
-0.003556
-0.003497
-0.001826
0.000198
0.001575
0.001835
0.001545
0.001789
0.002896
0.004354
0.005425
0.005218
0.002721
-0.001767
-0.006917
-0.011792
-0.016228
-0.020555
-0.025174
-0.030416
-0.036288
-0.042787
-0.049658
-0.056643
-0.063171
-0.068723
-0.072854
-0.074562
-0.073818
-0.071264
-0.067704
-0.063823
-0.059601
-0.054703
-0.048901
-0.041778
-0.034056
-0.027360
-0.023234
-0.021726
-0.021351
-0.019636
-0.015450
-0.009859
-0.004584
-0.000813
0.001368
0.002443
0.002963
0.003269
0.003506
0.003797
0.003706
0.003127
0.002276
0.000856
-0.001913
-0.006324
-0.011811
-0.017158
-0.020947
-0.022572
-0.022135
-0.021130
-0.020671
-0.020398
-0.019282
-0.016810
-0.012910
-0.008053
-0.002854
0.002196
0.006892
0.011012
0.014078
0.015630
0.015660
0.014860
0.014325
0.014536
0.014821
0.013949
0.011251
0.007177
0.003036
-0.000140
-0.002247
-0.003865
-0.005433
-0.007115
-0.008794
-0.010371
-0.011505
-0.012042
-0.011487
-0.009224
-0.004652
0.001286
0.007021
0.012667
0.018026
0.022396
0.025390
0.027221
0.028361
0.029584
0.031645
0.034760
0.038359
0.041830
0.045037
0.047690
0.049617
0.051016
0.052625
0.055202
0.058768
0.062725
0.066332
0.069054
0.070615
0.071110
0.070791
0.070177
0.069708
0.069560
0.069700
0.070423
0.071796
0.073682
0.076158
0.079241
0.082595
0.085581
0.088007
0.090175
0.092642
0.095711
0.099279
0.102735
0.105649
0.107652
0.108699
0.109157
0.109087
0.108630
0.107517
0.105785
0.103547
0.100965
0.098348
0.095713
0.093112
0.090573
0.088234
0.086520
0.085471
0.084644
0.083620
0.082211
0.080208
0.077792
0.075550
0.073722
0.072049
0.070115
0.067800
0.064601
0.060567
0.055835
0.050958
0.046623
0.042982
0.040182
0.038294
0.037198
0.036451
0.035582
0.034387
0.033370
0.033065
0.033313
0.033746
0.034087
0.034075
0.033546
0.032487
0.030974
0.029201
0.027641
0.026586
0.025603
0.024574
0.023783
0.023321
0.022985
0.022933
0.022890
0.022382
0.021195
0.019588
0.018174
0.017229
0.016516
0.016197
0.016657
0.017877
0.019388
0.020590
0.021220
0.021442
0.021377
0.021221
0.021466
0.022505
0.024006
0.025916
0.027728
0.028817
0.029482
0.030171
0.031301
0.032450
0.032931
0.032643
0.031647
0.029854
0.027860
0.026816
0.027173
0.028246
0.029287
0.029711
0.029525
0.029061
0.028394
0.027219
0.025376
0.023002
0.020498
0.018365
0.017134
0.016532
0.016102
0.015762
0.015807
0.016491
0.017604
0.018804
0.019838
0.020375
0.020029
0.018705
0.016909
0.015140
0.013630
0.012283
0.011010
0.009694
0.008606
0.008099
0.008479
0.009849
0.011763
0.012988
0.012887
0.011585
0.009208
0.006017
0.002112
-0.002144
-0.006378
-0.010642
-0.015692
-0.021763
-0.028378
-0.034686
-0.040165
-0.044739
-0.048348
-0.050830
-0.052109
-0.052229
-0.051774
-0.051649
-0.052132
-0.053270
-0.054436
-0.054861
-0.054381
-0.053885
-0.053910
-0.054003
-0.053755
-0.053120
-0.051796
-0.049728
-0.047158
-0.044710
-0.042921
-0.041925
-0.041767
-0.042213
-0.043114
-0.044173
-0.045187
-0.045997
-0.046438
-0.046200
-0.045178
-0.043618
-0.041973
-0.040679
-0.040093
-0.040141
-0.040365
-0.040392
-0.040118
-0.039867
-0.039982
-0.040493
-0.041470
-0.042922
-0.044650
-0.046426
-0.048128
-0.049846
-0.051616
-0.053357
-0.054863
-0.056008
-0.056587
-0.056458
-0.055569
-0.054012
-0.051993
-0.049904
-0.048020
-0.046346
-0.044819
-0.043137
-0.041297
-0.039570
-0.038466
-0.038243
-0.039228
-0.041429
-0.044425
-0.047524
-0.050113
-0.051711
-0.052343
-0.052402
-0.051897
-0.050752
-0.049436
-0.048283
-0.047015
-0.045262
-0.042957
-0.040305
-0.037512
-0.034774
-0.032279
-0.030123
-0.028040
-0.025658
-0.022647
-0.019351
-0.016897
-0.015931
-0.016163
-0.017290
-0.019057
-0.020783
-0.021721
-0.021480
-0.019798
-0.016902
-0.013829
-0.011447
-0.009900
-0.008774
-0.007745
-0.007078
-0.007034
-0.007594
-0.008870
-0.010779
-0.012902
-0.014712
-0.015955
-0.016665
-0.016907
-0.016333
-0.014763
-0.012300
-0.009174
-0.005779
-0.002675
0.000065
0.002712
0.005021
0.006546
0.006938
0.006398
0.005631
0.005134
0.005100
0.005621
0.006402
0.006898
0.006525
0.005175
0.003152
0.000927
-0.001059
-0.002505
-0.003380
-0.003710
-0.003684
-0.003677
-0.003744
-0.003548
-0.003164
-0.002926
-0.003111
-0.003886
-0.005096
-0.005796
-0.005186
-0.003197
0.000006
0.004345
0.009651
0.015336
0.020421
0.024198
0.026624
0.027872
0.028625
0.029517
0.030722
0.032036
0.033326
0.034750
0.036883
0.039824
0.042921
0.045473
0.047202
0.047901
0.047546
0.046380
0.044743
0.043135
0.042291
0.042596
0.043782
0.045138
0.045882
0.046012
0.046089
0.047093
0.049577
0.053154
0.057166
0.060992
0.064287
0.066662
0.068067
0.068814
0.069227
0.069609
0.070322
0.071097
0.071209
0.070270
0.068382
0.065851
0.063204
0.060993
0.059311
0.058084
0.057194
0.056435
0.055484
0.054410
0.053666
0.053814
0.055168
0.057758
0.061216
0.064725
0.067812
0.070136
0.071592
0.072612
0.073796
0.075337
0.077158
0.079121
0.080436
0.080498
0.079281
0.077142
0.074778
0.073064
0.072492
0.072581
0.072373
0.070665
0.067092
0.061867
0.054981
0.046862
0.038205
0.029265
0.020390
0.011865
0.003811
-0.003606
-0.010289
-0.015993
-0.020348
-0.023240
-0.024513
-0.024607
-0.024262
-0.023904
-0.023754
-0.024144
-0.025104
-0.026202
-0.026993
-0.027302
-0.027475
-0.027793
-0.028325
-0.029105
-0.030302
-0.031876
-0.033457
-0.034478
-0.034444
-0.033309
-0.031332
-0.028920
-0.026367
-0.023719
-0.020908
-0.018251
-0.015582
-0.012444
-0.008815
-0.005352
-0.003344
-0.003313
-0.004847
-0.007255
-0.009880
-0.012245
-0.014217
-0.016032
-0.017718
-0.019190
-0.020484
-0.021712
-0.022789
-0.023580
-0.023901
-0.023709
-0.023112
-0.022253
-0.021317
-0.020136
-0.018562
-0.016639
-0.014588
-0.012641
-0.010988
-0.009961
-0.010072
-0.011273
-0.012978
-0.014861
-0.016853
-0.018681
-0.020266
-0.021505
-0.021748
-0.020505
-0.017664
-0.014002
-0.010527
-0.008135
-0.007110
-0.007346
-0.008616
-0.010521
-0.012432
-0.014078
-0.015617
-0.017110
-0.018531
-0.019659
-0.020437
-0.020824
-0.021057
-0.021432
-0.022063
-0.022938
-0.024088
-0.025650
-0.027701
-0.030063
-0.032660
-0.035591
-0.038501
-0.041130
-0.043284
-0.044652
-0.045384
-0.045472
-0.044633
-0.042661
-0.039749
-0.036192
-0.032549
-0.028935
-0.025332
-0.021842
-0.018740
-0.016353
-0.015428
-0.016256
-0.018578
-0.022259
-0.026836
-0.031413
-0.035309
-0.038556
-0.041347
-0.043897
-0.046209
-0.048216
-0.049425
-0.049629
-0.048698
-0.046528
-0.043232
-0.039044
-0.034490
-0.030235
-0.026857
-0.024271
-0.022170
-0.020463
-0.019261
-0.018884
-0.019331
-0.020545
-0.022298
-0.024159
-0.025861
-0.027265
-0.028538
-0.029882
-0.031319
-0.033000
-0.035132
-0.037497
-0.039704
-0.041364
-0.042322
-0.042589
-0.042194
-0.041215
-0.039847
-0.038196
-0.036071
-0.033058
-0.029189
-0.025186
-0.021684
-0.018694
-0.016071
-0.013631
-0.011235
-0.008575
-0.005511
-0.002226
0.000902
0.003623
0.005706
0.007178
0.008300
0.009387
0.010556
0.011686
0.012773
0.013981
0.015296
0.016552
0.017478
0.017696
0.017013
0.015355
0.013036
0.010704
0.008817
0.007433
0.006340
0.005394
0.004811
0.004622
0.004437
0.004006
0.003410
0.002706
0.002006
0.001544
0.001258
0.000832
0.000247
-0.000339
-0.000735
-0.000705
0.000004
0.001424
0.003299
0.005156
0.006706
0.008007
0.009249
0.010421
0.011433
0.012223
0.012791
0.012838
0.012040
0.010572
0.008955
0.007556
0.006061
0.004494
0.003319
0.002949
0.003449
0.004467
0.005933
0.008052
0.010612
0.013307
0.016214
0.019201
0.021687
0.023290
0.024085
0.023898
0.022694
0.020898
0.018967
0.017245
0.015909
0.014991
0.014401
0.014106
0.014048
0.014021
0.013813
0.013518
0.013188
0.012712
0.011934
0.010790
0.009149
0.007017
0.004636
0.002217
-0.000230
-0.002679
-0.005175
-0.007527
-0.009602
-0.011236
-0.012121
-0.011879
-0.010525
-0.008300
-0.005544
-0.002630
0.000001
0.001891
0.003182
0.004463
0.006317
0.008827
0.011722
0.014853
0.018130
0.021353
0.024241
0.026446
0.027548
0.027401
0.025891
0.023224
0.019797
0.016150
0.012793
0.009920
0.007591
0.006069
0.005593
0.005997
0.006972
0.008158
0.009503
0.010537
0.010881
0.010746
0.010494
0.010024
0.008957
0.007135
0.004411
0.000767
-0.003545
-0.008045
-0.012100
-0.015334
-0.017899
-0.019760
-0.021228
-0.022788
-0.024231
-0.025172
-0.025466
-0.025268
-0.024847
-0.024367
-0.023918
-0.023661
-0.023636
-0.023749
-0.024065
-0.024752
-0.025960
-0.027459
-0.028759
-0.029611
-0.029948
-0.029878
-0.029449
-0.028538
-0.027106
-0.025213
-0.023086
-0.021232
-0.020082
-0.019590
-0.019359
-0.019310
-0.019252
-0.018785
-0.017617
-0.015734
-0.013090
-0.009956
-0.006635
-0.003510
-0.000796
0.001497
0.003194
0.004095
0.004172
0.003526
0.001797
-0.001129
-0.004825
-0.008907
-0.012970
-0.016809
-0.020382
-0.023835
-0.027006
-0.029679
-0.031756
-0.033445
-0.034702
-0.035374
-0.035470
-0.034933
-0.033804
-0.032043
-0.029856
-0.027536
-0.025070
-0.022173
-0.018703
-0.015016
-0.011376
-0.008040
-0.005036
-0.002275
0.000217
0.002333
0.004175
0.005622
0.006536
0.006509
0.005205
0.002625
-0.000967
-0.005036
-0.008753
-0.011437
-0.013062
-0.013836
-0.013939
-0.013179
-0.011532
-0.009147
-0.006260
-0.003170
-0.000348
0.001943
0.003764
0.005169
0.006151
0.007038
0.008240
0.010024
0.012407
0.015318
0.018509
0.021632
0.024585
0.027090
0.028877
0.029493
0.029042
0.027812
0.025926
0.023595
0.021217
0.019217
0.017933
0.017359
0.017183
0.017109
0.016828
0.016087
0.014572
0.012244
0.009356
0.006407
0.003659
0.001168
-0.001030
-0.002894
-0.004467
-0.006063
-0.007725
-0.009274
-0.010620
-0.011921
-0.013348
-0.014660
-0.015365
-0.015356
-0.014696
-0.012956
-0.009936
-0.006019
-0.001600
0.002836
0.006517
0.008802
0.009628
0.009175
0.007513
0.004700
0.001065
-0.002877
-0.006844
-0.010633
-0.013859
-0.016061
-0.016951
-0.016397
-0.014401
-0.011159
-0.007241
-0.003549
-0.000717
0.001163
0.001731
0.001052
-0.000503
-0.002364
-0.004013
-0.005294
-0.006152
-0.006547
-0.006504
-0.006172
-0.005830
-0.005642
-0.005479
-0.005207
-0.004782
-0.004114
-0.003192
-0.002003
-0.000673
0.000644
0.001680
0.002352
0.002380
0.001859
0.001333
0.001135
0.001156
0.001498
0.002245
0.003359
0.005171
0.007840
0.011244
0.015056
0.019019
0.023079
0.027082
0.030571
0.033264
0.035193
0.036090
0.035827
0.034579
0.032217
0.028994
0.025305
0.021613
0.018428
0.015963
0.014290
0.013472
0.013460
0.014305
0.015917
0.018076
0.020486
0.022787
0.024705
0.026278
0.027683
0.028656
0.029001
0.028840
0.028179
0.027001
0.025388
0.023372
0.020890
0.018226
0.015883
0.014203
0.013240
0.012794
0.012666
0.012733
0.013077
0.013867
0.015186
0.016975
0.019006
0.020908
0.022289
0.022832
0.022399
0.021092
0.018891
0.016059
0.013065
0.010202
0.007629
0.005475
0.003927
0.003068
0.002893
0.003237
0.004044
0.004999
0.005579
0.005533
0.005041
0.004219
0.003234
0.002232
0.001305
0.000558
0.000212
0.000149
0.000067
0.000583
0.001786
0.002983
0.003885
0.004719
0.005846
0.007378
0.009232
0.010999
0.012490
0.013567
0.014182
0.014463
0.014650
0.014785
0.014851
0.014929
0.015152
0.015363
0.015402
0.015321
0.015055
0.014286
0.013002
0.011466
0.009914
0.008356
0.006619
0.004533
0.002010
-0.000837
-0.003719
-0.006282
-0.008398
-0.010156
-0.011417
-0.012213
-0.012898
-0.013814
-0.015076
-0.016598
-0.018223
-0.019871
-0.021350
-0.022409
-0.022896
-0.022722
-0.021820
-0.020202
-0.018083
-0.015471
-0.012525
-0.009509
-0.006393
-0.003253
-0.000418
0.001939
0.003988
0.005583
0.006814
0.007799
0.008286
0.008117
0.007447
0.006564
0.005507
0.004404
0.003506
0.002878
0.002433
0.002141
0.002039
0.001948
0.002023
0.002601
0.003838
0.005313
0.006446
0.006675
0.006109
0.005129
0.003963
0.002875
0.002034
0.001389
0.000684
-0.000277
-0.001597
-0.003206
-0.004996
-0.006970
-0.009178
-0.011429
-0.013476
-0.015289
-0.017061
-0.018540
-0.019243
-0.018830
-0.017565
-0.015737
-0.013746
-0.012017
-0.010721
-0.009710
-0.008690
-0.007491
-0.006117
-0.004300
-0.001790
0.001310
0.004659
0.007994
0.011073
0.013820
0.016264
0.018301
0.019814
0.020794
0.021426
0.021966
0.022537
0.023121
0.023711
0.024282
0.024775
0.025024
0.025037
0.024913
0.024684
0.024382
0.023884
0.023112
0.022159
0.021182
0.020331
0.019452
0.018439
0.017356
0.015997
0.013980
0.011223
0.007955
0.004253
0.000349
-0.003341
-0.006679
-0.009774
-0.012573
-0.014888
-0.016625
-0.017780
-0.018291
-0.017854
-0.016414
-0.014273
-0.011525
-0.008146
-0.004110
0.000277
0.004506
0.008327
0.011733
0.014669
0.017136
0.019194
0.020759
0.021863
0.022643
0.023170
0.023531
0.023589
0.023386
0.023158
0.022895
0.022474
0.022215
0.022297
0.022809
0.023761
0.025024
0.026344
0.027242
0.027391
0.026802
0.025492
0.023103
0.019891
0.016560
0.013166
0.009813
0.007005
0.004740
0.002663
0.000806
-0.000701
-0.001892
-0.003063
-0.004317
-0.005530
-0.006455
-0.006840
-0.006755
-0.006514
-0.006327
-0.006267
-0.006371
-0.006589
-0.006686
-0.006381
-0.005588
-0.004511
-0.003203
-0.001504
0.000594
0.003060
0.006092
0.009333
0.011999
0.013730
0.014501
0.014447
0.013727
0.012508
0.011244
0.010414
0.009897
0.009414
0.008930
0.008453
0.007859
0.007083
0.006094
0.004861
0.003367
0.001461
-0.001003
-0.003952
-0.006881
-0.009117
-0.010408
-0.010731
-0.010444
-0.009985
-0.009617
-0.009586
-0.010125
-0.011071
-0.011992
-0.012621
-0.012870
-0.012563
-0.011520
-0.009602
-0.006909
-0.003915
-0.001105
0.001332
0.003520
0.005208
0.006335
0.006898
0.007113
0.007135
0.007025
0.006901
0.006812
0.006746
0.006572
0.005789
0.004271
0.002476
0.000668
-0.001134
-0.002765
-0.003940
-0.004249
-0.003763
-0.002979
-0.002369
-0.002160
-0.002292
-0.002613
-0.002831
-0.002864
-0.002788
-0.003038
-0.003994
-0.005841
-0.008421
-0.011342
-0.014256
-0.017167
-0.019918
-0.022118
-0.023750
-0.024929
-0.025698
-0.026002
-0.025827
-0.025339
-0.024764
-0.024074
-0.023125
-0.021900
-0.020366
-0.018421
-0.016050
-0.013219
-0.009761
-0.005777
-0.001348
0.003252
0.007359
0.010190
0.011505
0.011464
0.009919
0.007329
0.004477
0.001859
-0.000391
-0.002089
-0.003164
-0.003725
-0.003986
-0.004135
-0.004362
-0.004610
-0.004756
-0.004788
-0.004822
-0.005017
-0.005407
-0.006017
-0.006782
-0.007670
-0.008726
-0.009990
-0.011553
-0.013375
-0.015358
-0.017459
-0.019681
-0.021842
-0.023801
-0.025601
-0.027314
-0.028966
-0.030417
-0.031560
-0.032401
-0.033113
-0.033855
-0.034439
-0.034584
-0.034174
-0.033285
-0.032054
-0.030478
-0.028557
-0.026248
-0.023440
-0.020021
-0.016274
-0.012563
-0.009028
-0.006103
-0.004169
-0.003341
-0.003242
-0.003429
-0.003844
-0.004420
-0.004753
-0.004510
-0.003735
-0.002699
-0.001655
-0.000698
-0.000033
0.000144
0.000040
-0.000071
-0.000370
-0.000989
-0.001898
-0.003141
-0.004800
-0.006844
-0.009110
-0.011543
-0.014040
-0.016267
-0.018082
-0.019755
-0.021609
-0.023431
-0.024811
-0.025620
-0.025913
-0.025688
-0.024916
-0.023683
-0.022271
-0.021037
-0.020198
-0.019555
-0.018836
-0.018040
-0.017149
-0.015891
-0.013978
-0.011615
-0.009052
-0.006235
-0.003036
0.000312
0.003704
0.007308
0.010799
0.013763
0.016018
0.017624
0.018641
0.018987
0.018728
0.018217
0.017796
0.017751
0.018269
0.019233
0.020285
0.021260
0.022137
0.022783
0.023177
0.023411
0.023482
0.023528
0.023673
0.024109
0.024939
0.025787
0.026106
0.025686
0.024737
0.023448
0.021774
0.019783
0.017459
0.015053
0.012975
0.011284
0.009936
0.009282
0.009537
0.010565
0.011955
0.013218
0.014345
0.015376
0.016155
0.016380
0.016075
0.015544
0.014813
0.013802
0.012472
0.010916
0.009186
0.007302
0.005390
0.003831
0.002752
0.001965
0.001424
0.001221
0.001625
0.002793
0.004552
0.006466
0.008306
0.009964
0.011129
0.011544
0.011240
0.010550
0.009416
0.007831
0.005979
0.004045
0.002256
0.000898
0.000002
-0.000377
-0.000171
0.000399
0.000845
0.000743
0.000022
-0.001171
-0.002663
-0.004105
-0.005329
-0.006296
-0.006891
-0.007157
-0.007233
-0.007233
-0.007116
-0.006802
-0.006314
-0.005900
-0.005548
-0.004994
-0.004260
-0.003473
-0.002550
-0.001318
0.000230
0.002120
0.004354
0.006736
0.008759
0.010083
0.010559
0.010359
0.009816
0.009299
0.008924
0.008408
0.007790
0.007287
0.006978
0.006833
0.007146
0.008023
0.009278
0.010813
0.012601
0.014666
0.016711
0.018333
0.019607
0.020669
0.021444
0.021842
0.022000
0.022145
0.022324
0.022415
0.022250
0.021790
0.020899
0.019549
0.017872
0.015985
0.013998
0.012144
0.010559
0.009148
0.007925
0.006967
0.006320
0.005958
0.005822
0.005894
0.006075
0.006192
0.006059
0.005547
0.004623
0.003443
0.002244
0.001206
0.000242
-0.000756
-0.001711
-0.002575
-0.003313
-0.003877
-0.004208
-0.004333
-0.004327
-0.004015
-0.003466
-0.002957
-0.002696
-0.002651
-0.002763
-0.003000
-0.003444
-0.004326
-0.005625
-0.007152
-0.008629
-0.009826
-0.010796
-0.011603
-0.012182
-0.012410
-0.012362
-0.012224
-0.012016
-0.011563
-0.010828
-0.009926
-0.009001
-0.008202
-0.007734
-0.007574
-0.007600
-0.007844
-0.008088
-0.007948
-0.007444
-0.006850
-0.006268
-0.005696
-0.005179
-0.004631
-0.004047
-0.003624
-0.003341
-0.003151
-0.003121
-0.003344
-0.003923
-0.004393
-0.004240
-0.003900
-0.003613
-0.003017
-0.002056
-0.001142
-0.000530
-0.000197
-0.000040
-0.000067
-0.000372
-0.000958
-0.001594
-0.002193
-0.002827
-0.003510
-0.004212
-0.004831
-0.005186
-0.005314
-0.005253
-0.004844
-0.004214
-0.003675
-0.003439
-0.003523
-0.003955
-0.004833
-0.006148
-0.007644
-0.008996
-0.010109
-0.011063
-0.011948
-0.012577
-0.012742
-0.012362
-0.011532
-0.010395
-0.009057
-0.007625
-0.006197
-0.004811
-0.003344
-0.001568
0.000545
0.002776
0.004817
0.006721
0.008660
0.010451
0.011850
0.012772
0.013221
0.013269
0.012885
0.012215
0.011540
0.010969
0.010452
0.009905
0.009433
0.009293
0.009779
0.010842
0.012098
0.013388
0.014790
0.016098
0.017094
0.017780
0.018117
0.018082
0.017609
0.016897
0.016353
0.016186
0.016341
0.016919
0.017780
0.018542
0.018805
0.018389
0.017154
0.015343
0.013423
0.011479
0.009449
0.007336
0.005347
0.003754
0.002734
0.002211
0.001954
0.001875
0.001994
0.002200
0.002363
0.002463
0.002502
0.002440
0.002255
0.001975
0.001702
0.001581
0.001687
0.001855
0.001841
0.001563
0.000943
-0.000055
-0.001229
-0.002368
-0.003579
-0.004865
-0.006095
-0.007151
-0.008024
-0.008709
-0.009059
-0.008973
-0.008724
-0.008674
-0.008797
-0.008989
-0.009243
-0.009882
-0.011012
-0.012437
-0.013916
-0.015355
-0.016944
-0.018677
-0.020106
-0.020885
-0.021068
-0.020840
-0.020332
-0.019548
-0.018490
-0.017228
-0.015973
-0.014886
-0.013986
-0.013344
-0.012966
-0.012744
-0.012503
-0.011838
-0.010571
-0.008825
-0.006763
-0.004599
-0.002675
-0.001303
-0.000658
-0.000859
-0.001756
-0.003075
-0.004616
-0.006225
-0.007453
-0.007982
-0.007871
-0.007156
-0.005792
-0.003687
-0.001052
0.001782
0.004436
0.006616
0.007944
0.008518
0.008819
0.008890
0.008613
0.007944
0.007018
0.005776
0.004233
0.002585
0.001004
-0.000397
-0.001403
-0.002094
-0.002763
-0.003609
-0.004707
-0.006035
-0.007411
-0.008534
-0.009109
-0.009032
-0.008346
-0.007263
-0.006070
-0.005075
-0.004316
-0.003404
-0.002305
-0.001325
-0.000810
-0.000822
-0.001267
-0.002017
-0.002937
-0.003818
-0.004525
-0.004877
-0.004993
-0.005115
-0.005298
-0.005552
-0.006244
-0.007411
-0.008719
-0.009762
-0.010321
-0.010409
-0.009991
-0.008809
-0.006775
-0.004238
-0.001725
0.000471
0.002379
0.003774
0.004598
0.004727
0.004198
0.003194
0.001910
0.000542
-0.000573
-0.001216
-0.001348
-0.001154
-0.000876
-0.000583
-0.000380
-0.000406
-0.000733
-0.001327
-0.002227
-0.003445
-0.005201
-0.007510
-0.010164
-0.012716
-0.014809
-0.016453
-0.017685
-0.018372
-0.018590
-0.018595
-0.018348
-0.017813
-0.016796
-0.015229
-0.013136
-0.010457
-0.007364
-0.004269
-0.001471
0.001015
0.003496
0.005986
0.008252
0.010447
0.012763
0.014828
0.016332
0.017246
0.017563
0.017306
0.016679
0.015813
0.014736
0.013509
0.012199
0.010902
0.009542
0.007809
0.005694
0.003471
0.001472
-0.000178
-0.001294
-0.001746
-0.001471
-0.000410
0.001187
0.003173
0.005333
0.007254
0.008786
0.010048
0.011104
0.011940
0.012255
0.011992
0.011322
0.010353
0.009127
0.007721
0.006137
0.004292
0.002349
0.000534
-0.001243
-0.003081
-0.004840
-0.006244
-0.007231
-0.007959
-0.008579
-0.009007
-0.009191
-0.009210
-0.009084
-0.008809
-0.008236
-0.007417
-0.006613
-0.005915
-0.005338
-0.005113
-0.005386
-0.006056
-0.006836
-0.007552
-0.008513
-0.009552
-0.010081
-0.010148
-0.010129
-0.010005
-0.009651
-0.009106
-0.008551
-0.008146
-0.007836
-0.007523
-0.007141
-0.006581
-0.005783
-0.004959
-0.004375
-0.004261
-0.004369
-0.004313
-0.004240
-0.004311
-0.004316
-0.004042
-0.003509
-0.002878
-0.002261
-0.001603
-0.000667
0.000763
0.002601
0.004508
0.006125
0.007240
0.007800
0.007609
0.006677
0.005090
0.003165
0.001296
-0.000229
-0.001267
-0.001754
-0.001680
-0.000910
0.000540
0.002321
0.004013
0.005433
0.006502
0.006969
0.006776
0.005929
0.004689
0.003523
0.002672
0.002172
0.002234
0.002902
0.003847
0.004663
0.005284
0.005881
0.006566
0.007138
0.007483
0.007623
0.007637
0.007576
0.007356
0.007025
0.006829
0.006722
0.006478
0.005858
0.004891
0.003828
0.002752
0.001664
0.000920
0.000719
0.000952
0.001253
0.001309
0.001087
0.000669
0.000060
-0.000644
-0.001274
-0.001800
-0.002248
-0.002593
-0.002841
-0.003056
-0.003250
-0.003406
-0.003560
-0.003710
-0.003791
-0.003907
-0.004200
-0.004402
-0.004190
-0.003462
-0.002263
-0.000721
0.000912
0.002413
0.003752
0.004905
0.005863
0.006484
0.006789
0.006892
0.006895
0.006875
0.006842
0.006821
0.006931
0.007187
0.007486
0.007836
0.008267
0.008770
0.009337
0.009951
0.010505
0.010979
0.011405
0.011733
0.011894
0.011673
0.010909
0.009616
0.007944
0.006111
0.004167
0.002201
0.000581
-0.000263
-0.000306
0.000263
0.001264
0.002570
0.003874
0.004866
0.005390
0.005561
0.005522
0.005313
0.005042
0.005029
0.005475
0.006364
0.007445
0.008454
0.009469
0.010536
0.011440
0.011924
0.011910
0.011393
0.010621
0.009859
0.009283
0.008979
0.008945
0.009160
0.009689
0.010469
0.011294
0.012027
0.012628
0.013072
0.013359
0.013468
0.013413
0.013225
0.012875
0.012310
0.011525
0.010667
0.009880
0.009034
0.008051
0.007001
0.006031
0.005230
0.004489
0.003744
0.003149
0.002835
0.002799
0.003260
0.004336
0.005877
0.007286
0.008084
0.008549
0.008983
0.009227
0.009136
0.008797
0.008093
0.006956
0.005540
0.003970
0.002252
0.000487
-0.001120
-0.002133
-0.002537
-0.002767
-0.003073
-0.003440
-0.003699
-0.003847
-0.004032
-0.004374
-0.004839
-0.005413
-0.006113
-0.006990
-0.008074
-0.009307
-0.010431
-0.011282
-0.011855
-0.012221
-0.012440
-0.012421
-0.012118
-0.011556
-0.010743
-0.009703
-0.008517
-0.007337
-0.006420
-0.005827
-0.005366
-0.004847
-0.004177
-0.003219
-0.001963
-0.000534
0.000912
0.002151
0.002839
0.002931
0.002613
0.001908
0.000906
-0.000350
-0.001757
-0.003198
-0.004686
-0.006271
-0.007791
-0.009152
-0.010226
-0.010959
-0.011403
-0.011571
-0.011490
-0.011290
-0.010939
-0.010363
-0.009731
-0.009191
-0.008833
-0.008671
-0.008644
-0.008686
-0.008779
-0.008988
-0.009426
-0.010140
-0.010943
-0.011632
-0.012208
-0.012818
-0.013564
-0.014338
-0.015063
-0.015831
-0.016648
-0.017332
-0.017747
-0.017948
-0.017954
-0.017908
-0.018017
-0.018287
-0.018586
-0.018813
-0.018914
-0.018845
-0.018436
-0.017611
-0.016516
-0.015417
-0.014504
-0.013702
-0.012918
-0.012374
-0.012144
-0.012152
-0.012336
-0.012624
-0.012954
-0.013236
-0.013317
-0.013220
-0.013078
-0.013025
-0.013148
-0.013450
-0.013963
-0.014711
-0.015676
-0.016671
-0.017398
-0.017821
-0.018131
-0.018498
-0.018928
-0.019259
-0.019532
-0.019959
-0.020586
-0.021272
-0.021874
-0.022359
-0.022726
-0.022954
-0.023057
-0.023053
-0.022931
-0.022673
-0.022187
-0.021401
-0.020436
-0.019436
-0.018458
-0.017509
-0.016528
-0.015421
-0.014181
-0.012879
-0.011533
-0.010135
-0.008507
-0.006625
-0.004621
-0.002516
-0.000386
0.001571
0.003107
0.004195
0.004971
0.005555
0.005930
0.005947
0.005573
0.004877
0.003954
0.002834
0.001676
0.000707
0.000103
-0.000187
-0.000283
-0.000299
-0.000315
-0.000410
-0.000674
-0.001237
-0.002113
-0.003130
-0.004129
-0.005036
-0.005866
-0.006622
-0.007303
-0.007942
-0.008566
-0.009067
-0.009438
-0.009824
-0.010221
-0.010481
-0.010536
-0.010453
-0.010200
-0.009732
-0.009117
-0.008429
-0.007763
-0.007310
-0.007211
-0.007502
-0.008140
-0.008925
-0.009626
-0.010079
-0.010240
-0.010187
-0.010090
-0.010016
-0.009765
-0.009088
-0.008062
-0.006912
-0.005782
-0.004824
-0.004218
-0.004067
-0.004208
-0.004421
-0.004625
-0.004786
-0.004849
-0.004719
-0.004191
-0.003211
-0.001928
-0.000269
0.001810
0.003988
0.005866
0.007292
0.008076
0.008201
0.007814
0.007097
0.006183
0.005114
0.003948
0.002890
0.002003
0.001166
0.000421
-0.000102
-0.000528
-0.000897
-0.001093
-0.001116
-0.001087
-0.001006
-0.000817
-0.000387
0.000314
0.001121
0.001644
0.001810
0.001886
0.002011
0.002189
0.002507
0.003030
0.003709
0.004482
0.005289
0.005992
0.006535
0.006944
0.007303
0.007715
0.008081
0.008372
0.008657
0.008955
0.009247
0.009624
0.010120
0.010740
0.011518
0.012421
0.013342
0.014196
0.014994
0.015635
0.016009
0.016084
0.016020
0.015959
0.015776
0.015296
0.014602
0.013855
0.013141
0.012510
0.011972
0.011579
0.011358
0.011313
0.011325
0.011232
0.010929
0.010463
0.009939
0.009356
0.008673
0.007833
0.006862
0.005862
0.005035
0.004513
0.004249
0.004089
0.003875
0.003606
0.003323
0.002952
0.002575
0.002427
0.002615
0.003064
0.003673
0.004371
0.005120
0.005863
0.006499
0.007029
0.007525
0.008074
0.008511
0.008682
0.008776
0.009006
0.009363
0.009756
0.010157
0.010670
0.011252
0.011560
0.011503
0.011240
0.010798
0.010248
0.009930
0.009886
0.009683
0.009159
0.008543
0.007963
0.007247
0.006271
0.005098
0.003830
0.002429
0.001021
-0.000135
-0.000758
-0.000784
-0.000226
0.000706
0.001672
0.002548
0.003295
0.003777
0.003856
0.003555
0.002831
0.001736
0.000438
-0.001097
-0.003034
-0.005237
-0.007365
-0.009166
-0.010703
-0.012178
-0.013416
-0.014232
-0.014737
-0.015036
-0.015104
-0.014760
-0.013989
-0.013002
-0.012052
-0.011217
-0.010407
-0.009594
-0.008852
-0.008217
-0.007623
-0.006952
-0.006178
-0.005353
-0.004436
-0.003363
-0.002242
-0.001193
-0.000212
0.000802
0.001934
0.003131
0.004316
0.005397
0.006207
0.006659
0.006957
0.007143
0.006998
0.006637
0.006347
0.006135
0.005926
0.005691
0.005473
0.005313
0.005262
0.005304
0.005352
0.005359
0.005348
0.005391
0.005475
0.005512
0.005423
0.005244
0.005156
0.005186
0.005198
0.005201
0.005283
0.005386
0.005398
0.005245
0.004975
0.004613
0.004140
0.003565
0.002920
0.002208
0.001440
0.000659
-0.000118
-0.000899
-0.001679
-0.002468
-0.003319
-0.004245
-0.005213
-0.006187
-0.007095
-0.007794
-0.008152
-0.008129
-0.007761
-0.007090
-0.006020
-0.004830
-0.003890
-0.003178
-0.002550
-0.002040
-0.001791
-0.001830
-0.002086
-0.002463
-0.002813
-0.002874
-0.002531
-0.002017
-0.001505
-0.000960
-0.000294
0.000505
0.001332
0.002118
0.002833
0.003402
0.003777
0.003932
0.003782
0.003229
0.002373
0.001423
0.000525
-0.000300
-0.000984
-0.001319
-0.001242
-0.000906
-0.000398
0.000387
0.001575
0.003090
0.004591
0.005789
0.006540
0.006729
0.006358
0.005586
0.004621
0.003571
0.002424
0.001202
0.000125
-0.000748
-0.001472
-0.001974
-0.002207
-0.001980
-0.001468
-0.001094
-0.001060
-0.001263
-0.001571
-0.002110
-0.003112
-0.004486
-0.005915
-0.007294
-0.008721
-0.010266
-0.011667
-0.012641
-0.013144
-0.013267
-0.013077
-0.012459
-0.011412
-0.010117
-0.008656
-0.006976
-0.005185
-0.003484
-0.001946
-0.000554
0.000685
0.001525
0.002017
0.002514
0.003095
0.003660
0.004373
0.005240
0.006047
0.006852
0.007759
0.008552
0.009011
0.009148
0.009088
0.008929
0.008602
0.008059
0.007390
0.006840
0.006515
0.006352
0.006371
0.006657
0.007123
0.007553
0.007877
0.007970
0.007714
0.007171
0.006441
0.005448
0.004179
0.002748
0.001196
-0.000385
-0.001699
-0.002569
-0.003009
-0.003048
-0.002748
-0.002219
-0.001567
-0.000895
-0.000417
-0.000263
-0.000413
-0.000807
-0.001425
-0.002470
-0.003960
-0.005608
-0.007168
-0.008553
-0.009675
-0.010494
-0.011044
-0.011380
-0.011559
-0.011501
-0.011106
-0.010221
-0.008816
-0.006977
-0.004677
-0.002025
0.000782
0.003456
0.005765
0.007433
0.008497
0.009094
0.009270
0.009159
0.008610
0.007648
0.006675
0.005822
0.004952
0.004098
0.003346
0.002692
0.002048
0.001371
0.000729
0.000165
-0.000329
-0.000751
-0.001090
-0.001237
-0.001183
-0.001067
-0.000933
-0.000735
-0.000606
-0.000620
-0.000718
-0.000918
-0.001251
-0.001818
-0.002661
-0.003770
-0.004818
-0.005463
-0.005640
-0.005468
-0.005060
-0.004483
-0.003841
-0.003058
-0.002088
-0.000985
-0.000029
0.000552
0.000604
0.000171
-0.000660
-0.001860
-0.003256
-0.004452
-0.005201
-0.005497
-0.005356
-0.004843
-0.004030
-0.003010
-0.001752
-0.000363
0.001002
0.002359
0.003729
0.005045
0.006156
0.007040
0.007928
0.008896
0.009828
0.010746
0.011779
0.012878
0.013813
0.014475
0.015157
0.016034
0.016878
0.017570
0.018203
0.018791
0.019268
0.019521
0.019565
0.019505
0.019367
0.019170
0.018866
0.018370
0.017592
0.016435
0.015017
0.013652
0.012450
0.011289
0.010208
0.009294
0.008577
0.008033
0.007647
0.007356
0.007113
0.006883
0.006543
0.006014
0.005391
0.004776
0.004008
0.003040
0.002079
0.001344
0.000902
0.000690
0.000608
0.000620
0.000825
0.001259
0.001779
0.002236
0.002583
0.002690
0.002544
0.002098
0.001367
0.000491
-0.000279
-0.000763
-0.000910
-0.000821
-0.000631
-0.000394
-0.000179
-0.000098
-0.000116
-0.000042
0.000187
0.000503
0.000815
0.001132
0.001510
0.001967
0.002460
0.002964
0.003502
0.004140
0.004749
0.005173
0.005379
0.005394
0.005118
0.004499
0.003707
0.002890
0.002068
0.001245
0.000455
-0.000302
-0.001022
-0.001686
-0.002274
-0.002819
-0.003379
-0.003989
-0.004626
-0.005232
-0.005854
-0.006560
-0.007232
-0.007817
-0.008495
-0.009303
-0.010121
-0.010915
-0.011755
-0.012731
-0.013727
-0.014579
-0.015389
-0.016264
-0.017123
-0.017917
-0.018706
-0.019405
-0.019835
-0.019855
-0.019543
-0.019101
-0.018640
-0.018086
-0.017301
-0.016136
-0.014537
-0.012639
-0.010648
-0.008683
-0.006926
-0.005527
-0.004409
-0.003468
-0.002675
-0.002033
-0.001567
-0.001207
-0.000893
-0.000669
-0.000444
-0.000075
0.000367
0.000747
0.000994
0.001068
0.000948
0.000568
-0.000007
-0.000456
-0.000572
-0.000379
0.000085
0.000690
0.001299
0.001824
0.002183
0.002148
0.001708
0.000990
-0.000020
-0.001260
-0.002559
-0.003821
-0.005016
-0.005958
-0.006503
-0.006620
-0.006420
-0.006048
-0.005645
-0.005291
-0.004925
-0.004498
-0.004126
-0.003910
-0.003856
-0.003835
-0.003748
-0.003598
-0.003474
-0.003444
-0.003458
-0.003499
-0.003660
-0.003906
-0.004083
-0.004160
-0.004206
-0.004186
-0.004021
-0.003717
-0.003324
-0.002886
-0.002300
-0.001544
-0.000779
-0.000092
0.000598
0.001411
0.002198
0.002758
0.003125
0.003437
0.003721
0.003824
0.003621
0.003102
0.002348
0.001378
0.000336
-0.000635
-0.001669
-0.002767
-0.003641
-0.004304
-0.005028
-0.005851
-0.006650
-0.007317
-0.007886
-0.008432
-0.008916
-0.009343
-0.009767
-0.010063
-0.010075
-0.009943
-0.009831
-0.009494
-0.008856
-0.008125
-0.007277
-0.006240
-0.005098
-0.004002
-0.002985
-0.002025
-0.001142
-0.000420
0.000096
0.000471
0.000860
0.001295
0.001614
0.001788
0.001864
0.001882
0.001902
0.001955
0.001974
0.001933
0.001925
0.001972
0.001991
0.002090
0.002373
0.002883
0.003521
0.004201
0.004899
0.005636
0.006417
0.007120
0.007583
0.007863
0.008121
0.008311
0.008470
0.008697
0.008821
0.008774
0.008825
0.009079
0.009397
0.009747
0.010151
0.010606
0.011105
0.011633
0.012093
0.012414
0.012517
0.012399
0.012273
0.012166
0.011905
0.011480
0.010931
0.010285
0.009728
0.009390
0.009129
0.008834
0.008474
0.008067
0.007723
0.007568
0.007463
0.007194
0.006783
0.006309
0.005742
0.005133
0.004557
0.003999
0.003466
0.002975
0.002472
0.001906
0.001405
0.001072
0.000878
0.000713
0.000533
0.000463
0.000609
0.001033
0.001695
0.002443
0.003094
0.003628
0.004255
0.004963
0.005544
0.005875
0.006089
0.006347
0.006552
0.006568
0.006441
0.006264
0.005976
0.005632
0.005374
0.005156
0.004886
0.004602
0.004417
0.004363
0.004394
0.004425
0.004414
0.004420
0.004498
0.004467
0.004213
0.003817
0.003435
0.003161
0.002867
0.002479
0.002026
0.001524
0.001010
0.000513
0.000178
0.000206
0.000471
0.000771
0.001218
0.001848
0.002483
0.003063
0.003617
0.004153
0.004696
0.005367
0.006157
0.006915
0.007494
0.007812
0.007860
0.007855
0.007928
0.007763
0.007296
0.006816
0.006434
0.006110
0.005902
0.005928
0.006166
0.006429
0.006521
0.006415
0.006106
0.005559
0.004745
0.003707
0.002487
0.001190
-0.000054
-0.001087
-0.001914
-0.002666
-0.003360
-0.003976
-0.004630
-0.005390
-0.006226
-0.007069
-0.007880
-0.008719
-0.009600
-0.010355
-0.010965
-0.011499
-0.011912
-0.012172
-0.012250
-0.012121
-0.011713
-0.010982
-0.009980
-0.008679
-0.007197
-0.005805
-0.004398
-0.002887
-0.001623
-0.000772
-0.000147
0.000366
0.000856
0.001483
0.002123
0.002524
0.002623
0.002510
0.002237
0.001830
0.001314
0.000720
0.000115
-0.000415
-0.000852
-0.001229
-0.001455
-0.001460
-0.001227
-0.000841
-0.000431
0.000011
0.000537
0.001116
0.001655
0.002091
0.002411
0.002663
0.002890
0.003061
0.003094
0.002853
0.002583
0.002655
0.002728
0.002476
0.002126
0.001906
0.001765
0.001616
0.001464
0.001406
0.001448
0.001677
0.002158
0.002670
0.002938
0.003004
0.003090
0.003256
0.003383
0.003376
0.003261
0.003086
0.002860
0.002569
0.002369
0.002301
0.002132
0.001831
0.001548
0.001263
0.000934
0.000640
0.000492
0.000462
0.000354
0.000107
-0.000191
-0.000333
-0.000260
-0.000166
-0.000094
0.000143
0.000579
0.001054
0.001465
0.001863
0.002397
0.003064
0.003756
0.004417
0.005029
0.005545
0.005984
0.006363
0.006535
0.006394
0.006077
0.005707
0.005317
0.004950
0.004633
0.004385
0.004298
0.004440
0.004802
0.005264
0.005696
0.006194
0.006827
0.007424
0.007781
0.007861
0.007656
0.007217
0.006661
0.006086
0.005557
0.005067
0.004631
0.004367
0.004368
0.004663
0.005125
0.005620
0.006239
0.006958
0.007644
0.008184
0.008528
0.008601
0.008472
0.008278
0.007952
0.007497
0.007136
0.006998
0.007018
0.007144
0.007330
0.007487
0.007597
0.007711
0.007787
0.007725
0.007444
0.006979
0.006465
0.006063
0.005840
0.005841
0.005972
0.006021
0.005711
0.005134
0.004686
0.004213
0.003413
0.002461
0.001590
0.000670
-0.000234
-0.000875
-0.001052
-0.000841
-0.000380
0.000259
0.000986
0.001752
0.002514
0.003241
0.003888
0.004390
0.004530
0.004254
0.003728
0.003123
0.002514
0.001895
0.001260
0.000623
0.000014
-0.000556
-0.001063
-0.001390
-0.001415
-0.001222
-0.000942
-0.000482
0.000174
0.000869
0.001506
0.002077
0.002587
0.002974
0.003171
0.003168
0.003026
0.002636
0.002014
0.001333
0.000671
0.000023
-0.000579
-0.001075
-0.001430
-0.001640
-0.001716
-0.001652
-0.001518
-0.001440
-0.001394
-0.001293
-0.001101
-0.000892
-0.000735
-0.000529
-0.000183
0.000137
0.000292
0.000320
0.000387
0.000573
0.000767
0.000737
0.000335
-0.000315
-0.001017
-0.001826
-0.002719
-0.003496
-0.003956
-0.004086
-0.004136
-0.004218
-0.004230
-0.004045
-0.003690
-0.003448
-0.003348
-0.003184
-0.002954
-0.002781
-0.002707
-0.002606
-0.002340
-0.002019
-0.001817
-0.001827
-0.001963
-0.002072
-0.002232
-0.002520
-0.002868
-0.003260
-0.003744
-0.004174
-0.004456
-0.004757
-0.005095
-0.005287
-0.005328
-0.005331
-0.005350
-0.005252
-0.004933
-0.004785
-0.005057
-0.005282
-0.005233
-0.005170
-0.005259
-0.005459
-0.005756
-0.006092
-0.006421
-0.006825
-0.007313
-0.007848
-0.008491
-0.009314
-0.010171
-0.010889
-0.011274
-0.011289
-0.011056
-0.010654
-0.010139
-0.009597
-0.009011
-0.008350
-0.007670
-0.007004
-0.006193
-0.005352
-0.004817
-0.004600
-0.004479
-0.004258
-0.004044
-0.004030
-0.004062
-0.003948
-0.003752
-0.003579
-0.003467
-0.003614
-0.004102
-0.004633
-0.005022
-0.005339
-0.005729
-0.006206
-0.006598
-0.006748
-0.006627
-0.006363
-0.006099
-0.005887
-0.005683
-0.005417
-0.005156
-0.004941
-0.004691
-0.004508
-0.004606
-0.004821
-0.004918
-0.004948
-0.005077
-0.005375
-0.005656
-0.005801
-0.005940
-0.006325
-0.007005
-0.007782
-0.008448
-0.008882
-0.009113
-0.009220
-0.009234
-0.009182
-0.009040
-0.008752
-0.008275
-0.007658
-0.007126
-0.006928
-0.006985
-0.007033
-0.006954
-0.006847
-0.007021
-0.007337
-0.007380
-0.007271
-0.007295
-0.007437
-0.007470
-0.007194
-0.006684
-0.006302
-0.006475
-0.006948
-0.007121
-0.006870
-0.006479
-0.006167
-0.005871
-0.005490
-0.005144
-0.004972
-0.005026
-0.005275
-0.005679
-0.006002
-0.006102
-0.006163
-0.006331
-0.006593
-0.006780
-0.006828
-0.006746
-0.006663
-0.006717
-0.006825
-0.006912
-0.007057
-0.007310
-0.007617
-0.007812
-0.007874
-0.007948
-0.008032
-0.007984
-0.007786
-0.007573
-0.007302
-0.006853
-0.006274
-0.005702
-0.005205
-0.004638
-0.003913
-0.003102
-0.002364
-0.001748
-0.001168
-0.000610
-0.000152
0.000133
0.000290
0.000375
0.000406
0.000360
0.000245
0.000152
0.000222
0.000433
0.000602
0.000656
0.000680
0.000805
0.001033
0.001253
0.001119
0.000626
0.000219
-0.000073
-0.000593
-0.001426
-0.002347
-0.003210
-0.004070
-0.004898
-0.005582
-0.006111
-0.006483
-0.006762
-0.007023
-0.007112
-0.006912
-0.006471
-0.005925
-0.005394
-0.004852
-0.004177
-0.003208
-0.002063
-0.000967
0.000044
0.001006
0.001971
0.002976
0.003974
0.004960
0.005966
0.007061
0.008186
0.009202
0.009944
0.010442
0.010902
0.011297
0.011517
0.011689
0.011931
0.012165
0.012298
0.012279
0.012190
0.012070
0.011804
0.011501
0.011394
0.011194
0.010732
0.010358
0.010169
0.009950
0.009684
0.009546
0.009583
0.009742
0.009991
0.010136
0.010056
0.009865
0.009567
0.009049
0.008417
0.007839
0.007303
0.006732
0.006090
0.005427
0.004788
0.004289
0.003879
0.003408
0.003028
0.002927
0.002979
0.003030
0.003057
0.003070
0.003034
0.002785
0.002361
0.001946
0.001537
0.001029
0.000416
-0.000263
-0.000983
-0.001752
-0.002563
-0.003227
-0.003726
-0.004236
-0.004790
-0.005298
-0.005738
-0.006116
-0.006483
-0.006856
-0.007217
-0.007573
-0.007897
-0.008117
-0.008258
-0.008379
-0.008362
-0.008129
-0.007735
-0.007277
-0.006807
-0.006297
-0.005770
-0.005341
-0.005013
-0.004732
-0.004587
-0.004602
-0.004618
-0.004586
-0.004547
-0.004506
-0.004437
-0.004336
-0.004175
-0.003910
-0.003493
-0.002961
-0.002436
-0.002061
-0.001885
-0.001847
-0.001817
-0.001649
-0.001329
-0.000929
-0.000464
0.000051
0.000613
0.001224
0.001897
0.002564
0.003140
0.003609
0.003933
0.004098
0.004175
0.004250
0.004372
0.004486
0.004541
0.004601
0.004689
0.004721
0.004685
0.004659
0.004705
0.004840
0.005063
0.005408
0.005898
0.006500
0.007199
0.008017
0.008935
0.009867
0.010625
0.011140
0.011545
0.011907
0.012170
0.012108
0.011682
0.011059
0.010447
0.009921
0.009197
0.008140
0.006910
0.005725
0.004659
0.003648
0.002669
0.001733
0.000923
0.000330
-0.000092
-0.000476
-0.000843
-0.001247
-0.001791
-0.002295
-0.002603
-0.002898
-0.003279
-0.003643
-0.003925
-0.004137
-0.004154
-0.003952
-0.003665
-0.003329
-0.002895
-0.002367
-0.001809
-0.001273
-0.000817
-0.000444
-0.000094
0.000272
0.000653
0.001113
0.001688
0.002300
0.002898
0.003506
0.004190
0.004950
0.005575
0.006125
0.006887
0.007745
0.008409
0.008739
0.008862
0.008974
0.009130
0.009307
0.009441
0.009553
0.009713
0.009894
0.010021
0.009936
0.009686
0.009506
0.009394
0.009224
0.009117
0.009169
0.009318
0.009434
0.009411
0.009192
0.008769
0.008145
0.007438
0.006776
0.006018
0.005120
0.004313
0.003688
0.003108
0.002529
0.002051
0.001831
0.001806
0.001776
0.001682
0.001544
0.001287
0.000848
0.000254
-0.000399
-0.001000
-0.001469
-0.001743
-0.001822
-0.001818
-0.001854
-0.001923
-0.002045
-0.002271
-0.002576
-0.002887
-0.003131
-0.003333
-0.003528
-0.003715
-0.003901
-0.004033
-0.004106
-0.004096
-0.003925
-0.003607
-0.003339
-0.003177
-0.003002
-0.002827
-0.002698
-0.002494
-0.002169
-0.001885
-0.001571
-0.001061
-0.000561
-0.000215
0.000083
0.000394
0.000682
0.000883
0.000965
0.000921
0.000771
0.000567
0.000283
-0.000061
-0.000419
-0.000779
-0.001115
-0.001363
-0.001519
-0.001672
-0.001765
-0.001665
-0.001438
-0.001182
-0.000821
-0.000363
0.000083
0.000461
0.000812
0.001146
0.001352
0.001394
0.001410
0.001473
0.001537
0.001561
0.001544
0.001512
0.001540
0.001610
0.001606
0.001451
0.001158
0.000657
0.000043
-0.000515
-0.001091
-0.001760
-0.002486
-0.003206
-0.003795
-0.004208
-0.004513
-0.004861
-0.005336
-0.005818
-0.006178
-0.006411
-0.006598
-0.006845
-0.007194
-0.007635
-0.008169
-0.008698
-0.009156
-0.009559
-0.009875
-0.010017
-0.009945
-0.009694
-0.009352
-0.008928
-0.008334
-0.007610
-0.006884
-0.006198
-0.005565
-0.005002
-0.004479
-0.004008
-0.003667
-0.003456
-0.003340
-0.003183
-0.002926
-0.002719
-0.002595
-0.002486
-0.002394
-0.002324
-0.002124
-0.001849
-0.001656
-0.001369
-0.000827
-0.000147
0.000471
0.000971
0.001428
0.001845
0.002129
0.002325
0.002474
0.002554
0.002614
0.002731
0.002862
0.002977
0.003050
0.003110
0.003239
0.003358
0.003371
0.003294
0.003187
0.003025
0.002730
0.002303
0.001798
0.001278
0.000782
0.000356
0.000020
-0.000298
-0.000656
-0.000935
-0.001115
-0.001303
-0.001540
-0.001763
-0.001940
-0.002025
-0.001963
-0.001881
-0.001873
-0.001931
-0.002026
-0.002144
-0.002241
-0.002271
-0.002315
-0.002387
-0.002412
-0.002466
-0.002648
-0.002798
-0.002828
-0.002889
-0.002913
-0.002698
-0.002356
-0.002035
-0.001690
-0.001155
-0.000448
0.000025
0.000160
0.000152
0.000064
-0.000148
-0.000519
-0.000945
-0.001239
-0.001387
-0.001451
-0.001379
-0.001123
-0.000796
-0.000598
-0.000690
-0.000993
-0.001329
-0.001742
-0.002256
-0.002817
-0.003399
-0.003967
-0.004486
-0.004907
-0.005197
-0.005330
-0.005392
-0.005562
-0.005797
-0.005919
-0.005901
-0.005839
-0.005827
-0.005814
-0.005686
-0.005394
-0.004996
-0.004633
-0.004355
-0.004104
-0.003810
-0.003414
-0.002902
-0.002463
-0.002289
-0.002224
-0.002120
-0.002046
-0.001925
-0.001573
-0.001123
-0.000791
-0.000635
-0.000487
-0.000271
-0.000187
-0.000309
-0.000506
-0.000726
-0.001027
-0.001330
-0.001537
-0.001614
-0.001593
-0.001457
-0.001115
-0.000647
-0.000301
-0.000176
-0.000193
-0.000235
-0.000238
-0.000222
-0.000174
0.000017
0.000466
0.001085
0.001715
0.002286
0.002810
0.003334
0.003894
0.004478
0.005016
0.005427
0.005807
0.006281
0.006875
0.007509
0.008056
0.008472
0.008765
0.008920
0.008936
0.008840
0.008660
0.008620
0.008921
0.009278
0.009349
0.009153
0.008931
0.008848
0.008767
0.008557
0.008313
0.008098
0.007863
0.007529
0.007068
0.006609
0.006296
0.006198
0.006181
0.006098
0.005974
0.005862
0.005734
0.005526
0.005202
0.004882
0.004663
0.004402
0.004013
0.003571
0.003146
0.002745
0.002312
0.001874
0.001522
0.001247
0.001015
0.000827
0.000609
0.000311
-0.000056
-0.000434
-0.000709
-0.000821
-0.000800
-0.000706
-0.000491
-0.000168
0.000204
0.000700
0.001293
0.001882
0.002544
0.003287
0.003855
0.004161
0.004408
0.004659
0.004785
0.004695
0.004494
0.004410
0.004571
0.004899
0.005156
0.005207
0.005295
0.005498
0.005551
0.005502
0.005575
0.005782
0.005948
0.005913
0.005777
0.005694
0.005665
0.005594
0.005290
0.004826
0.004493
0.004290
0.004057
0.003631
0.003139
0.002829
0.002743
0.002756
0.002761
0.002684
0.002491
0.002297
0.002254
0.002213
0.002005
0.001716
0.001425
0.001100
0.000733
0.000375
0.000110
-0.000056
-0.000167
-0.000165
-0.000006
0.000173
0.000266
0.000347
0.000426
0.000452
0.000483
0.000594
0.000733
0.000818
0.000839
0.000811
0.000781
0.000791
0.000819
0.000794
0.000729
0.000669
0.000590
0.000432
0.000208
0.000024
0.000046
0.000147
0.000115
-0.000034
-0.000178
-0.000324
-0.000495
-0.000704
-0.000989
-0.001340
-0.001642
-0.001810
-0.001896
-0.002042
-0.002352
-0.002717
-0.002984
-0.003214
-0.003506
-0.003822
-0.004101
-0.004338
-0.004539
-0.004709
-0.004790
-0.004806
-0.004878
-0.005030
-0.005194
-0.005471
-0.005969
-0.007051
-0.008339
-0.009049
-0.009091
-0.008884
-0.008925
-0.009202
-0.009399
-0.009367
-0.009202
-0.008866
-0.008298
-0.007679
-0.007156
-0.006650
-0.006129
-0.005585
-0.005055
-0.004555
-0.004161
-0.003938
-0.003914
-0.003997
-0.004127
-0.004398
-0.004836
-0.005197
-0.005360
-0.005411
-0.005340
-0.005039
-0.004677
-0.004542
-0.004611
-0.004672
-0.004605
-0.004475
-0.004460
-0.004536
-0.004573
-0.004538
-0.004490
-0.004553
-0.004713
-0.004777
-0.004659
-0.004459
-0.004330
-0.004292
-0.004244
-0.004109
-0.003886
-0.003551
-0.003061
-0.002420
-0.001739
-0.001172
-0.000762
-0.000426
-0.000017
0.000444
0.000793
0.001013
0.001189
0.001222
0.001047
0.000877
0.000798
0.000706
0.000662
0.000698
0.000648
0.000567
0.000587
0.000447
0.000029
-0.000210
-0.000190
-0.000280
-0.000528
-0.000695
-0.000681
-0.000662
-0.000817
-0.001036
-0.001135
-0.001088
-0.001053
-0.001199
-0.001448
-0.001601
-0.001571
-0.001412
-0.001437
-0.001700
-0.001933
-0.002056
-0.002168
-0.002301
-0.002441
-0.002657
-0.002971
-0.003350
-0.003695
-0.003957
-0.004131
-0.004254
-0.004347
-0.004440
-0.004555
-0.004626
-0.004633
-0.004591
-0.004547
-0.004530
-0.004520
-0.004480
-0.004402
-0.004304
-0.004210
-0.004251
-0.004440
-0.004684
-0.004845
-0.004834
-0.004747
-0.004667
-0.004577
-0.004512
-0.004532
-0.004493
-0.004268
-0.003940
-0.003642
-0.003364
-0.002986
-0.002533
-0.002179
-0.001994
-0.001917
-0.001825
-0.001652
-0.001511
-0.001404
-0.001223
-0.001071
-0.001079
-0.000995
-0.000735
-0.000549
-0.000534
-0.000600
-0.000708
-0.000843
-0.000937
-0.000942
-0.000814
-0.000666
-0.000567
-0.000386
-0.000107
0.000138
0.000303
0.000441
0.000619
0.000778
0.000867
0.001040
0.001353
0.001724
0.002015
0.002186
0.002358
0.002560
0.002680
0.002570
0.002215
0.001846
0.001627
0.001520
0.001464
0.001483
0.001492
0.001430
0.001384
0.001298
0.001048
0.000903
0.001063
0.001282
0.001418
0.001573
0.001884
0.002272
0.002500
0.002409
0.002061
0.001800
0.001760
0.001746
0.001640
0.001525
0.001517
0.001562
0.001552
0.001513
0.001509
0.001453
0.001288
0.001094
0.000983
0.000983
0.001158
0.001477
0.001868
0.002190
0.002360
0.002560
0.002773
0.002848
0.002856
0.002933
0.003033
0.003044
0.002989
0.003001
0.003141
0.003338
0.003456
0.003431
0.003406
0.003446
0.003319
0.002970
0.002538
0.002143
0.001806
0.001375
0.000795
0.000195
-0.000257
-0.000552
-0.000813
-0.001098
-0.001313
-0.001377
-0.001317
-0.001161
-0.000957
-0.000781
-0.000617
-0.000436
-0.000344
-0.000447
-0.000634
-0.000713
-0.000702
-0.000811
-0.001145
-0.001604
-0.002024
-0.002314
-0.002369
-0.002248
-0.002197
-0.002329
-0.002443
-0.002290
-0.001980
-0.001697
-0.001404
-0.001072
-0.000774
-0.000547
-0.000344
-0.000088
0.000185
0.000381
0.000525
0.000693
0.000922
0.001171
0.001370
0.001424
0.001393
0.001449
0.001589
0.001649
0.001602
0.001517
0.001503
0.001597
0.001662
0.001580
0.001455
0.001534
0.001817
0.002121
0.002337
0.002480
0.002529
0.002461
0.002310
0.002087
0.001789
0.001420
0.001036
0.000637
0.000179
-0.000299
-0.000716
-0.001010
-0.001160
-0.001228
-0.001230
-0.001085
-0.000870
-0.000693
-0.000516
-0.000309
-0.000029
0.000244
0.000411
0.000537
0.000667
0.000779
0.000816
0.000696
0.000476
0.000289
0.000198
0.000177
0.000197
0.000151
-0.000015
-0.000171
-0.000232
-0.000218
-0.000163
-0.000140
-0.000234
-0.000390
-0.000534
-0.000638
-0.000706
-0.000783
-0.000771
-0.000520
-0.000050
0.000490
0.001040
0.001535
0.001936
0.002277
0.002498
0.002433
0.002213
0.002117
0.002132
0.002056
0.001802
0.001490
0.001301
0.001287
0.001337
0.001302
0.001258
0.001348
0.001474
0.001506
0.001464
0.001525
0.001875
0.002298
0.002514
0.002544
0.002525
0.002474
0.002334
0.002106
0.001813
0.001491
0.001124
0.000695
0.000243
-0.000283
-0.000896
-0.001510
-0.002103
-0.002704
-0.003232
-0.003681
-0.004069
-0.004298
-0.004357
-0.004521
-0.004894
-0.005156
-0.005240
-0.005373
-0.005529
-0.005565
-0.005463
-0.005333
-0.005251
-0.005164
-0.005056
-0.005005
-0.005013
-0.005053
-0.005086
-0.005064
-0.004929
-0.004668
-0.004347
-0.004021
-0.003687
-0.003345
-0.003028
-0.002745
-0.002509
-0.002327
-0.002184
-0.002022
-0.001831
-0.001669
-0.001539
-0.001361
-0.001110
-0.000837
-0.000566
-0.000240
0.000121
0.000398
0.000617
0.000933
0.001371
0.001753
0.002063
0.002410
0.002801
0.003159
0.003387
0.003534
0.003746
0.004029
0.004294
0.004504
0.004648
0.004740
0.004839
0.004978
0.005154
0.005321
0.005421
0.005565
0.005778
0.005929
0.006059
0.006320
0.006647
0.006913
0.007135
0.007363
0.007568
0.007676
0.007706
0.007679
0.007500
0.007088
0.006511
0.005926
0.005440
0.005019
0.004530
0.003975
0.003482
0.003012
0.002508
0.002094
0.001937
0.002005
0.002080
0.002074
0.002086
0.002172
0.002241
0.002169
0.001952
0.001698
0.001383
0.000994
0.000707
0.000579
0.000498
0.000420
0.000359
0.000252
0.000078
-0.000053
-0.000038
0.000077
0.000196
0.000317
0.000444
0.000532
0.000578
0.000639
0.000753
0.000829
0.000828
0.000840
0.000840
0.000744
0.000690
0.000823
0.001029
0.001221
0.001459
0.001779
0.002125
0.002376
0.002521
0.002631
0.002624
0.002479
0.002436
0.002548
0.002706
0.002929
0.003222
0.003503
0.003728
0.003948
0.004213
0.004523
0.004826
0.005052
0.005094
0.004949
0.004710
0.004429
0.004167
0.003999
0.003858
0.003613
0.003398
0.003367
0.003457
0.003580
0.003762
0.004023
0.004275
0.004404
0.004494
0.004726
0.005002
0.005203
0.005403
0.005602
0.005695
0.005733
0.005812
0.005906
0.005940
0.005834
0.005616
0.005413
0.005302
0.005238
0.005136
0.004888
0.004582
0.004474
0.004438
0.004198
0.003847
0.003579
0.003425
0.003294
0.003164
0.003159
0.003300
0.003263
0.002841
0.002198
0.001769
0.001786
0.001936
0.001960
0.001928
0.001909
0.001861
0.001775
0.001709
0.001748
0.001872
0.002001
0.002167
0.002327
0.002367
0.002313
0.002285
0.002240
0.002120
0.001966
0.001776
0.001569
0.001490
0.001521
0.001523
0.001478
0.001455
0.001509
0.001615
0.001753
0.001949
0.002256
0.002671
0.003119
0.003578
0.004114
0.004722
0.005225
0.005538
0.005729
0.005832
0.005896
0.005883
0.005779
0.005661
0.005543
0.005369
0.005140
0.004946
0.004901
0.004943
0.004925
0.004888
0.004898
0.004952
0.005000
0.004937
0.004682
0.004295
0.003904
0.003507
0.003050
0.002534
0.001989
0.001443
0.000966
0.000590
0.000229
-0.000131
-0.000402
-0.000563
-0.000668
-0.000781
-0.000877
-0.000890
-0.000821
-0.000706
-0.000550
-0.000375
-0.000025
0.000665
0.001521
0.002258
0.002770
0.003129
0.003385
0.003555
0.003711
0.003860
0.003909
0.003871
0.003826
0.003826
0.003897
0.004074
0.004309
0.004466
0.004477
0.004419
0.004413
0.004456
0.004471
0.004436
0.004323
0.004113
0.003893
0.003733
0.003679
0.003725
0.003806
0.003815
0.003740
0.003643
0.003535
0.003409
0.003267
0.003117
0.002980
0.002886
0.002860
0.002825
0.002707
0.002523
0.002341
0.002258
0.002358
0.002516
0.002452
0.002213
0.002020
0.001905
0.001752
0.001485
0.001179
0.000928
0.000693
0.000448
0.000243
0.000114
0.000053
0.000077
0.000133
0.000076
-0.000008
0.000047
0.000235
0.000453
0.000675
0.000930
0.001237
0.001438
0.001387
0.001114
0.000873
0.000833
0.000782
0.000531
0.000141
-0.000197
-0.000460
-0.000866
-0.001433
-0.001979
-0.002443
-0.002874
-0.003319
-0.003783
-0.004239
-0.004584
-0.004759
-0.004923
-0.005199
-0.005544
-0.005767
-0.005827
-0.005930
-0.006154
-0.006418
-0.006616
-0.006696
-0.006667
-0.006590
-0.006527
-0.006482
-0.006367
-0.006098
-0.005719
-0.005354
-0.004944
-0.004390
-0.003742
-0.003268
-0.003107
-0.002884
-0.002413
-0.002018
-0.001873
-0.001831
-0.001717
-0.001507
-0.001239
-0.001000
-0.000872
-0.000826
-0.000736
-0.000443
-0.000071
0.000156
0.000221
0.000235
0.000241
0.000212
0.000125
-0.000002
-0.000135
-0.000281
-0.000419
-0.000505
-0.000537
-0.000590
-0.000666
-0.000668
-0.000560
-0.000370
-0.000191
-0.000079
0.000013
0.000134
0.000435
0.000803
0.000961
0.000914
0.000798
0.000500
-0.000009
-0.000592
-0.001259
-0.002017
-0.002721
-0.003298
-0.003785
-0.004137
-0.004366
-0.004534
-0.004675
-0.004867
-0.005214
-0.005755
-0.006162
-0.006166
-0.006075
-0.006081
-0.006021
-0.005847
-0.005659
-0.005494
-0.005331
-0.005156
-0.004944
-0.004682
-0.004434
-0.004260
-0.004191
-0.004182
-0.004195
-0.004176
-0.004125
-0.004065
-0.003946
-0.003755
-0.003702
-0.003743
-0.003616
-0.003393
-0.003252
-0.003198
-0.003091
-0.002863
-0.002530
-0.002330
-0.002532
-0.002986
-0.003371
-0.003734
-0.004244
-0.004774
-0.005195
-0.005595
-0.005986
-0.006264
-0.006425
-0.006576
-0.006800
-0.006791
-0.006344
-0.006007
-0.005998
-0.005821
-0.005373
-0.004973
-0.004871
-0.004951
-0.004919
-0.004736
-0.004521
-0.004351
-0.004202
-0.003994
-0.003736
-0.003490
-0.003386
-0.003390
-0.003347
-0.003213
-0.003042
-0.002994
-0.003037
-0.002903
-0.002655
-0.002530
-0.002524
-0.002540
-0.002567
-0.002577
-0.002525
-0.002498
-0.002516
-0.002504
-0.002589
-0.002910
-0.003372
-0.003786
-0.004055
-0.004251
-0.004468
-0.004700
-0.004916
-0.005129
-0.005340
-0.005509
-0.005563
-0.005516
-0.005459
-0.005403
-0.005316
-0.005288
-0.005305
-0.005186
-0.004938
-0.004730
-0.004691
-0.004766
-0.004819
-0.004798
-0.004740
-0.004657
-0.004554
-0.004460
-0.004445
-0.004571
-0.004942
-0.005411
-0.005667
-0.005805
-0.006063
-0.006506
-0.006782
-0.006474
-0.005825
-0.005257
-0.004751
-0.004210
-0.003721
-0.003298
-0.002879
-0.002516
-0.002222
-0.001913
-0.001499
-0.000994
-0.000633
-0.000456
-0.000263
0.000060
0.000467
0.000827
0.001102
0.001326
0.001417
0.001334
0.001177
0.001047
0.000964
0.000817
0.000544
0.000252
-0.000010
-0.000288
-0.000560
-0.000795
-0.001107
-0.001536
-0.001994
-0.002463
-0.002989
-0.003684
-0.004433
-0.004932
-0.005292
-0.005775
-0.006216
-0.006409
-0.006439
-0.006368
-0.006194
-0.006044
-0.005987
-0.005914
-0.005721
-0.005432
-0.005120
-0.004827
-0.004556
-0.004243
-0.003829
-0.003356
-0.002894
-0.002479
-0.002106
-0.001761
-0.001440
-0.001129
-0.000813
-0.000546
-0.000375
-0.000270
-0.000182
-0.000097
-0.000021
0.000043
0.000101
0.000119
0.000034
-0.000129
-0.000278
-0.000329
-0.000306
-0.000320
-0.000356
-0.000344
-0.000384
-0.000524
-0.000643
-0.000710
-0.000804
-0.000945
-0.001066
-0.001079
-0.001026
-0.001006
-0.001029
-0.001054
-0.001072
-0.001101
-0.001155
-0.001375
-0.001734
-0.001941
-0.001897
-0.001728
-0.001557
-0.001423
-0.001364
-0.001362
-0.001328
-0.001229
-0.001108
-0.001013
-0.000929
-0.000822
-0.000750
-0.000744
-0.000740
-0.000596
-0.000216
0.000192
0.000475
0.000734
0.000996
0.001142
0.001104
0.000946
0.000746
0.000549
0.000402
0.000231
-0.000049
-0.000389
-0.000683
-0.000884
-0.001036
-0.001198
-0.001395
-0.001608
-0.001811
-0.002000
-0.002180
-0.002385
-0.002643
-0.002961
-0.003311
-0.003644
-0.003906
-0.004117
-0.004393
-0.004590
-0.004536
-0.004336
-0.004153
-0.004007
-0.003929
-0.003929
-0.003828
-0.003557
-0.003317
-0.003156
-0.002993
-0.002913
-0.002945
-0.002883
-0.002786
-0.002830
-0.002819
-0.002603
-0.002408
-0.002317
-0.002198
-0.001874
-0.001388
-0.000889
-0.000437
-0.000038
0.000221
0.000358
0.000505
0.000625
0.000674
0.000768
0.000925
0.001006
0.001029
0.001089
0.001195
0.001299
0.001375
0.001457
0.001576
0.001799
0.002083
0.002283
0.002156
0.001696
0.001288
0.001036
0.000740
0.000391
0.000113
-0.000053
-0.000099
0.000008
0.000186
0.000333
0.000506
0.000764
0.001067
0.001312
0.001425
0.001301
0.000533
0.000457
0.000463
0.000408
0.000386
0.000374
0.000194
-0.000151
-0.000487
-0.000644
-0.000598
-0.000419
-0.000199
0.000005
0.000187
0.000409
0.000732
0.001021
0.001137
0.001169
0.001229
0.001293
0.001334
0.001385
0.001452
0.001475
0.001401
0.001283
0.001206
0.001156
0.001074
0.000960
0.000877
0.000867
0.001046
0.001335
0.001560
0.001711
0.001848
0.002088
0.002355
0.002456
0.002490
0.002633
0.002818
0.002996
0.003260
0.003557
0.003739
0.003797
0.003841
0.003978
0.004248
0.004603
0.004914
0.005131
0.005261
0.005389
0.005551
0.005614
0.005466
0.005030
0.004481
0.004048
0.003732
0.003380
0.002864
0.002293
0.001812
0.001530
0.001403
0.001345
0.001286
0.001171
0.001006
0.000814
0.000611
0.000383
0.000126
-0.000106
-0.000250
-0.000289
-0.000297
-0.000332
-0.000326
-0.000301
-0.000454
-0.000584
-0.000368
-0.000083
-0.000032
-0.000047
0.000019
0.000080
0.000021
-0.000113
-0.000185
-0.000195
-0.000198
-0.000202
-0.000199
-0.000171
-0.000130
-0.000071
0.000084
0.000297
0.000396
0.000474
0.000690
0.000946
0.001146
0.001368
0.001636
0.001877
0.002044
0.002144
0.002164
0.002103
0.002002
0.001883
0.001769
0.001704
0.001739
0.001849
0.001863
0.001714
0.001529
0.001402
0.001322
0.001168
0.000926
0.000728
0.000638
0.000610
0.000567
0.000499
0.000467
0.000505
0.000598
0.000656
0.000640
0.000594
0.000530
0.000420
0.000237
0.000004
-0.000238
-0.000473
-0.000688
-0.000829
-0.000936
-0.001197
-0.001563
-0.001825
-0.002027
-0.002310
-0.002677
-0.003055
-0.003374
-0.003566
-0.003702
-0.003963
-0.004238
-0.004261
-0.004194
-0.004256
-0.004337
-0.004344
-0.004334
-0.004345
-0.004352
-0.004344
-0.004298
-0.004191
-0.004079
-0.004032
-0.004063
-0.004107
-0.004083
-0.004048
-0.004033
-0.003961
-0.003808
-0.003636
-0.003398
-0.003052
-0.002674
-0.002380
-0.002212
-0.002138
-0.002053
-0.001804
-0.001490
-0.001333
-0.001282
-0.001161
-0.000885
-0.000549
-0.000284
-0.000105
0.000021
0.000097
0.000117
0.000073
-0.000083
-0.000317
-0.000511
-0.000651
-0.000817
-0.000980
-0.001056
-0.001021
-0.000925
-0.000862
-0.000919
-0.001025
-0.000970
-0.000833
-0.000867
-0.001206
-0.001588
-0.001400
-0.000928
-0.000817
-0.000940
-0.000980
-0.001029
-0.001163
-0.001276
-0.001401
-0.001613
-0.001871
-0.002082
-0.002229
-0.002411
-0.002644
-0.002800
-0.002842
-0.002841
-0.002806
-0.002713
-0.002567
-0.002431
-0.002345
-0.002228
-0.002010
-0.001689
-0.001437
-0.001383
-0.001374
-0.001255
-0.000986
-0.000665
-0.000402
-0.000218
-0.000081
0.000041
0.000194
0.000414
0.000652
0.000871
0.001047
0.001177
0.001280
0.001406
0.001552
0.001690
0.001790
0.001849
0.001980
0.002217
0.002449
0.002540
0.002479
0.002527
0.002702
0.002720
0.002581
0.002495
0.002584
0.002732
0.002796
0.002873
0.003080
0.003394
0.003727
0.004049
0.004335
0.004556
0.004733
0.004867
0.004930
0.004930
0.004908
0.005000
0.005221
0.005458
0.005684
0.005944
0.006244
0.006530
0.006767
0.006944
0.007080
0.007220
0.007363
0.007471
0.007510
0.007492
0.007494
0.007481
0.007335
0.007163
0.007096
0.007026
0.006842
0.006566
0.006325
0.006186
0.006097
0.005998
0.005879
0.005813
0.005814
0.005833
0.005848
0.005863
0.005831
0.005729
0.005626
0.005525
0.005368
0.005169
0.004990
0.004844
0.004695
0.004509
0.004312
0.004143
0.004049
0.004014
0.003973
0.003904
0.003816
0.003706
0.003545
0.003341
0.003153
0.002998
0.002793
0.002464
0.002027
0.001631
0.001351
0.001106
0.000856
0.000631
0.000444
0.000291
0.000178
0.000106
0.000073
0.000099
0.000160
0.000183
0.000148
0.000098
0.000051
0.000015
0.000006
-0.000050
-0.000175
-0.000312
-0.000429
-0.000537
-0.000638
-0.000714
-0.000756
-0.000804
-0.000901
-0.001014
-0.001087
-0.001079
-0.001001
-0.000892
-0.000821
-0.000765
-0.000639
-0.000443
-0.000236
-0.000087
0.000029
0.000187
0.000397
0.000617
0.000782
0.000881
0.000948
0.000957
0.000912
0.000882
0.000871
0.000821
0.000758
0.000723
0.000678
0.000620
0.000599
0.000629
0.000667
0.000661
0.000646
0.000672
0.000712
0.000722
0.000693
0.000655
0.000641
0.000684
0.000762
0.000795
0.000753
0.000668
0.000606
0.000569
0.000506
0.000434
0.000397
0.000413
0.000437
0.000420
0.000360
0.000286
0.000257
0.000290
0.000355
0.000395
0.000375
0.000310
0.000213
0.000094
-0.000006
-0.000054
-0.000091
-0.000152
-0.000229
-0.000321
-0.000444
-0.000633
-0.000839
-0.000979
-0.001097
-0.001260
-0.001464
-0.001663
-0.001825
-0.001961
-0.002098
-0.002256
-0.002406
-0.002525
-0.002614
-0.002685
-0.002725
-0.002745
-0.002770
-0.002775
-0.002744
-0.002694
-0.002633
-0.002548
-0.002423
-0.002281
-0.002198
-0.002160
-0.002102
-0.002006
-0.001910
-0.001865
-0.001849
-0.001822
-0.001794
-0.001739
-0.001601
-0.001426
-0.001296
-0.001221
-0.001166
-0.001109
-0.001037
-0.000946
-0.000850
-0.000756
-0.000652
-0.000528
-0.000384
-0.000213
-0.000026
0.000159
0.000320
0.000449
0.000554
0.000651
0.000749
0.000820
0.000864
0.000913
0.000980
0.001054
0.001097
0.001098
0.001082
0.001080
0.001096
0.001103
0.001098
0.001087
0.001067
0.001025
0.000958
0.000883
0.000825
0.000794
0.000773
0.000729
0.000663
0.000600
0.000556
0.000527
0.000505
0.000476
0.000437
0.000401
0.000372
0.000348
0.000313
0.000264
0.000237
0.000238
0.000259
0.000294
0.000333
0.000364
0.000388
0.000415
0.000450
0.000493
0.000545
0.000599
0.000647
0.000680
0.000704
0.000728
0.000763
0.000801
0.000822
0.000828
0.000836
0.000851
0.000866
0.000874
0.000881
0.000894
0.000917
0.000939
0.000945
0.000937
0.000923
0.000909
0.000899
0.000905
0.000915
0.000911
0.000883
0.000842
0.000806
0.000783
0.000772
0.000760
0.000744
0.000721
0.000693
0.000665
0.000656
0.000671
0.000693
0.000716
0.000733
0.000731
0.000712
0.000684
0.000647
0.000604
0.000569
0.000540
0.000507
0.000471
0.000437
0.000405
0.000369
0.000328
0.000288
0.000254
0.000221
0.000190
0.000158
0.000133
0.000106
0.000068
0.000029
-0.000001
-0.000017
-0.000027
-0.000036
-0.000040
-0.000040
-0.000040
-0.000048
-0.000061
-0.000083
-0.000108
-0.000127
-0.000134
-0.000133
-0.000133
-0.000139
-0.000148
-0.000156
-0.000160
-0.000167
-0.000175
-0.000183
-0.000187
-0.000189
-0.000187
-0.000187
-0.000190
-0.000195
-0.000200
-0.000205
-0.000209
-0.000214
-0.000221
-0.000231
-0.000246
-0.000262
-0.000276
-0.000290
-0.000303
-0.000317
-0.000329
-0.000337
-0.000344
-0.000351
-0.000357
-0.000361
-0.000364
-0.000367
-0.000368
-0.000364
-0.000358
-0.000350
-0.000345
-0.000343
-0.000342
-0.000340
-0.000339
-0.000339
-0.000341
-0.000344
-0.000347
-0.000350
-0.000354
-0.000358
-0.000360
-0.000360
-0.000359
-0.000356
-0.000356
-0.000355
-0.000354
-0.000353
-0.000352
-0.000350
-0.000350
-0.000351
-0.000351
-0.000348
-0.000344
-0.000344
-0.000344
-0.000344
-0.000344
-0.000343
-0.000342
-0.000341
-0.000340
-0.000339
-0.000337
-0.000337
-0.000335
-0.000334
-0.000333
-0.000332
-0.000330
-0.000329
-0.000328
-0.000325
-0.000324
-0.000323
-0.000321
-0.000320
-0.000318
-0.000317
-0.000317
-0.000317
-0.000317
-0.000317
-0.000317
-0.000317
-0.000317
-0.000317
-0.000317
-0.000317
-0.000316
-0.000316
-0.000316
-0.000316
-0.000316
-0.000315
-0.000315
-0.000315
-0.000315
-0.000315
-0.000315
-0.000315
-0.000316
-0.000316
-0.000316
-0.000316
-0.000316
-0.000316
-0.000316
-0.000316
-0.000316
-0.000315
-0.000315
-0.000315
-0.000315
-0.000314
-0.000314
-0.000314
-0.000313
-0.000313
-0.000313
-0.000313
-0.000313
-0.000312
-0.000312
-0.000312
-0.000311
-0.000311
-0.000310
-0.000310
-0.000310
-0.000310
-0.000310
-0.000309
-0.000309
-0.000309
-0.000308
-0.000308
-0.000307
-0.000307
-0.000307
-0.000306
-0.000306
-0.000306
-0.000306
-0.000306
-0.000305
-0.000305
-0.000304
-0.000304
-0.000303
-0.000303
-0.000302
-0.000302
-0.000302
-0.000302
-0.000301
-0.000300
-0.000300
-0.000299
-0.000298
-0.000298
-0.000298
-0.000297
-0.000296
