0.000000
-0.001521
0.000201
0.002327
0.002315
0.002344
0.002352
0.002355
0.002357
0.002357
0.002355
0.002354
0.002353
0.002346
0.002339
0.002332
0.002325
0.002320
0.002318
0.002317
0.002310
0.002294
0.002274
0.002254
0.002230
0.002211
0.002203
0.002207
0.002220
0.002236
0.002254
0.002274
0.002294
0.002298
0.002285
0.002261
0.002238
0.002222
0.002219
0.002230
0.002249
0.002269
0.002286
0.002292
0.002277
0.002245
0.002211
0.002184
0.002173
0.002188
0.002222
0.002256
0.002274
0.002266
0.002227
0.002165
0.002100
0.002043
0.002012
0.002031
0.002093
0.002170
0.002242
0.002284
0.002267
0.002203
0.002131
0.002071
0.002017
0.001979
0.001960
0.001949
0.001941
0.001945
0.001963
0.001992
0.002043
0.002135
0.002259
0.002347
0.002329
0.002202
0.002037
0.001900
0.001800
0.001758
0.001808
0.001924
0.002031
0.002104
0.002125
0.002078
0.002001
0.001914
0.001802
0.001713
0.001755
0.001943
0.002183
0.002409
0.002526
0.002413
0.002113
0.001785
0.001480
0.001227
0.001184
0.001409
0.001744
0.002044
0.002220
0.002156
0.001871
0.001534
0.001206
0.000853
0.000569
0.000551
0.000900
0.001482
0.002055
0.002493
0.002692
0.002556
0.002195
0.001826
0.001534
0.001265
0.000989
0.000834
0.000973
0.001339
0.001693
0.001932
0.002003
0.001880
0.001665
0.001482
0.001347
0.001268
0.001293
0.001402
0.001514
0.001609
0.001718
0.001849
0.001985
0.002010
0.001775
0.001291
0.000768
0.000510
0.000656
0.000981
0.001212
0.001305
0.001291
0.001164
0.000983
0.000931
0.001177
0.001664
0.002213
0.002775
0.003121
0.002869
0.002135
0.001334
0.000549
-0.000276
-0.000869
-0.000886
-0.000316
0.000522
0.001284
0.001876
0.002220
0.002155
0.001785
0.001480
0.001468
0.001661
0.001864
0.002057
0.002230
0.002086
0.001541
0.000838
0.000178
-0.000281
-0.000327
0.000166
0.000917
0.001547
0.001995
0.002330
0.002531
0.002501
0.002284
0.002096
0.001946
0.001800
0.001664
0.001466
0.001332
0.001483
0.001822
0.001900
0.001545
0.001115
0.000985
0.001175
0.001436
0.001557
0.001525
0.001341
0.000969
0.000568
0.000450
0.000722
0.001215
0.001750
0.002293
0.002608
0.002279
0.001408
0.000523
0.000004
-0.000109
0.000023
0.000291
0.000619
0.000946
0.001263
0.001612
0.001955
0.002248
0.002497
0.002596
0.002368
0.001845
0.001349
0.001003
0.000666
0.000261
-0.000181
-0.000579
-0.000733
-0.000529
-0.000201
0.000030
0.000191
0.000396
0.000658
0.000937
0.001351
0.001998
0.002676
0.002974
0.002619
0.001792
0.000916
0.000213
-0.000311
-0.000537
-0.000400
-0.000143
0.000068
0.000202
0.000300
0.000463
0.000699
0.000899
0.001012
0.001120
0.001232
0.001353
0.001487
0.001690
0.001982
0.002229
0.002368
0.002306
0.001978
0.001463
0.000805
-0.000140
-0.001491
-0.002906
-0.003881
-0.003890
-0.002528
-0.000367
0.001713
0.003175
0.003632
0.003307
0.002626
0.001970
0.001821
0.002091
0.002282
0.002226
0.002028
0.001670
0.000978
0.000114
-0.000563
-0.000849
-0.000388
0.000938
0.002509
0.003741
0.004327
0.004033
0.003042
0.001921
0.001271
0.001221
0.001344
0.001285
0.001045
0.000539
-0.000302
-0.001149
-0.001597
-0.001257
-0.000195
0.000847
0.001542
0.001920
0.001934
0.001696
0.001393
0.001337
0.001586
0.002092
0.003026
0.004195
0.005417
0.006012
0.004878
0.002390
-0.000237
-0.002580
-0.004562
-0.005602
-0.005134
-0.003266
-0.000834
0.001653
0.004279
0.006672
0.007858
0.007386
0.005871
0.004312
0.003150
0.002001
0.000731
-0.000599
-0.001909
-0.002891
-0.003426
-0.003336
-0.002572
-0.001681
-0.001013
-0.000424
0.000189
0.000852
0.001594
0.002377
0.003096
0.003851
0.004757
0.005596
0.006315
0.006609
0.005723
0.003741
0.001495
-0.000479
-0.002286
-0.004142
-0.005169
-0.004311
-0.001940
0.000659
0.002611
0.004098
0.005191
0.005486
0.005154
0.004565
0.004016
0.003795
0.003816
0.004024
0.004181
0.003554
0.001609
-0.001356
-0.004493
-0.006867
-0.007515
-0.006202
-0.003651
-0.001091
0.000261
0.000389
0.000314
0.000889
0.002342
0.004039
0.005368
0.006507
0.007383
0.007263
0.005837
0.003632
0.001260
-0.000877
-0.002735
-0.004571
-0.005724
-0.005059
-0.002686
0.000107
0.002523
0.004045
0.003799
0.002156
0.000147
-0.002047
-0.004114
-0.005297
-0.004682
-0.001562
0.003160
0.007510
0.009971
0.009655
0.006637
0.002523
-0.000953
-0.003770
-0.006000
-0.006669
-0.005446
-0.002835
0.000441
0.003453
0.005905
0.008179
0.009941
0.010388
0.009469
0.007967
0.006058
0.004029
0.002448
0.001204
0.000387
0.000105
0.000580
0.001404
0.002012
0.002262
0.002477
0.002994
0.003251
0.002878
0.001728
-0.000237
-0.002038
-0.002070
0.000576
0.005819
0.011664
0.014791
0.012607
0.005052
-0.004226
-0.011690
-0.015794
-0.015351
-0.010370
-0.002327
0.005716
0.010557
0.011025
0.008026
0.003558
-0.000636
-0.003989
-0.006139
-0.005827
-0.002977
0.001190
0.004978
0.007056
0.007511
0.006616
0.004960
0.003080
0.001140
-0.000379
-0.001271
-0.001899
-0.001923
-0.001312
-0.000522
-0.000262
-0.002783
-0.008589
-0.015885
-0.020613
-0.018159
-0.008549
0.004533
0.017164
0.027357
0.033391
0.031154
0.017193
-0.005522
-0.027321
-0.037984
-0.033616
-0.016480
0.007396
0.027142
0.032879
0.024471
0.010108
-0.001388
-0.005988
-0.005282
-0.003227
-0.003416
-0.006876
-0.012347
-0.017719
-0.019881
-0.016518
-0.008903
-0.000614
0.007042
0.013799
0.017220
0.014320
0.007246
0.003532
0.007271
0.013230
0.011848
0.001303
-0.010915
-0.017870
-0.018758
-0.016956
-0.015855
-0.014880
-0.009729
0.000338
0.008434
0.008354
0.004141
0.004697
0.011836
0.016506
0.008871
-0.008240
-0.021877
-0.024429
-0.021161
-0.020508
-0.024050
-0.026835
-0.022247
-0.008083
0.010692
0.027409
0.038352
0.040894
0.032329
0.010775
-0.020092
-0.049889
-0.067554
-0.066271
-0.045595
-0.012850
0.017120
0.033460
0.039476
0.044048
0.049454
0.050823
0.041579
0.019930
-0.007604
-0.032157
-0.048703
-0.055583
-0.052677
-0.039538
-0.016849
0.009986
0.032717
0.045692
0.048783
0.044088
0.033368
0.019498
0.005286
-0.007933
-0.019482
-0.027758
-0.029749
-0.024983
-0.018259
-0.014350
-0.012297
-0.006121
0.008864
0.028129
0.041399
0.043696
0.033874
0.008815
-0.028415
-0.061951
-0.077582
-0.076050
-0.061878
-0.031144
0.018114
0.072767
0.111115
0.120807
0.106021
0.076819
0.035823
-0.013914
-0.056790
-0.079446
-0.082990
-0.075509
-0.060010
-0.034361
-0.005252
0.015866
0.025158
0.024815
0.019713
0.014338
0.009586
0.004442
-0.001550
-0.008123
-0.013631
-0.017114
-0.018903
-0.016524
-0.007410
0.006893
0.021359
0.028168
0.021161
-0.001550
-0.034833
-0.066192
-0.082993
-0.076564
-0.044486
0.004949
0.050442
0.074252
0.078259
0.070539
0.052149
0.023181
-0.006305
-0.023261
-0.026293
-0.021920
-0.016685
-0.015418
-0.019829
-0.027858
-0.036393
-0.043789
-0.048851
-0.048878
-0.039995
-0.020488
0.003790
0.020921
0.025662
0.024564
0.025508
0.029569
0.033661
0.035857
0.035307
0.029897
0.015935
-0.007409
-0.031117
-0.042967
-0.041212
-0.030760
-0.013425
0.009184
0.030327
0.040436
0.035791
0.023195
0.011987
0.005553
0.004205
0.007259
0.012207
0.016696
0.019745
0.020835
0.018492
0.008484
-0.013315
-0.043336
-0.071460
-0.088981
-0.093138
-0.086769
-0.073648
-0.053617
-0.024985
0.010355
0.043443
0.063760
0.068654
0.061544
0.048590
0.034913
0.022090
0.010079
-0.000684
-0.009795
-0.022624
-0.045344
-0.072052
-0.088015
-0.081622
-0.051102
-0.007037
0.031902
0.051379
0.052591
0.043871
0.026179
-0.002098
-0.030548
-0.041955
-0.030370
-0.003959
0.022859
0.038802
0.040893
0.034062
0.021784
0.004395
-0.012014
-0.020046
-0.020942
-0.022113
-0.027574
-0.035487
-0.042559
-0.047567
-0.051791
-0.054432
-0.049425
-0.029183
0.012738
0.072873
0.130599
0.162735
0.163668
0.141913
0.101209
0.035763
-0.047248
-0.121071
-0.164772
-0.171262
-0.139967
-0.079420
-0.011957
0.041780
0.078656
0.100393
0.105498
0.094114
0.064545
0.016976
-0.036711
-0.075043
-0.082983
-0.061326
-0.022523
0.012243
0.029493
0.035564
0.040291
0.043763
0.039464
0.022069
-0.007271
-0.040660
-0.065884
-0.074470
-0.064078
-0.035359
0.000944
0.025145
0.030301
0.027898
0.028973
0.035575
0.045820
0.057212
0.064535
0.063994
0.054412
0.031511
-0.007048
-0.054498
-0.096265
-0.121430
-0.128983
-0.121371
-0.099530
-0.066339
-0.030178
-0.002420
0.007863
-0.000094
-0.020738
-0.045453
-0.064546
-0.071435
-0.063182
-0.038971
-0.003282
0.030095
0.046874
0.045021
0.034603
0.023249
0.009339
-0.008930
-0.030257
-0.052117
-0.072048
-0.086797
-0.089505
-0.073894
-0.040034
0.002041
0.033532
0.041692
0.031706
0.014046
-0.008948
-0.037763
-0.066449
-0.082365
-0.077604
-0.056518
-0.031245
-0.014382
-0.009052
-0.006100
-0.001096
0.001241
-0.003213
-0.016317
-0.034515
-0.050303
-0.057958
-0.057074
-0.046796
-0.026747
-0.006219
0.004216
0.001762
-0.010206
-0.028052
-0.046218
-0.054352
-0.048181
-0.031710
-0.012324
0.002917
0.011680
0.015988
0.017135
0.009666
-0.011344
-0.042374
-0.074620
-0.096584
-0.101650
-0.091812
-0.070829
-0.043793
-0.016029
0.005328
0.012872
0.006834
-0.009128
-0.031731
-0.057564
-0.082437
-0.098324
-0.096549
-0.078087
-0.051895
-0.025305
-0.003939
0.007554
0.006591
-0.004976
-0.021540
-0.036732
-0.045438
-0.048314
-0.048080
-0.046688
-0.045429
-0.042085
-0.035539
-0.027464
-0.019180
-0.011556
-0.006090
-0.005497
-0.011160
-0.020213
-0.028836
-0.035467
-0.038594
-0.038141
-0.036763
-0.037051
-0.040251
-0.045994
-0.051827
-0.057646
-0.066997
-0.077065
-0.080753
-0.076157
-0.066036
-0.055771
-0.046471
-0.033496
-0.018497
-0.010729
-0.018855
-0.045677
-0.083460
-0.119250
-0.142765
-0.153387
-0.156140
-0.150688
-0.134799
-0.107906
-0.075391
-0.045602
-0.024048
-0.016434
-0.022900
-0.037347
-0.053995
-0.070486
-0.085492
-0.096389
-0.100361
-0.092832
-0.071226
-0.039966
-0.009548
0.008517
0.012298
0.009855
0.005507
-0.003006
-0.019148
-0.041954
-0.064434
-0.079305
-0.084468
-0.082424
-0.073589
-0.057389
-0.037980
-0.024162
-0.024079
-0.037113
-0.052343
-0.058558
-0.053952
-0.045695
-0.042034
-0.043376
-0.044383
-0.043021
-0.042385
-0.044736
-0.048521
-0.050104
-0.047261
-0.042258
-0.038709
-0.037108
-0.033029
-0.022140
-0.007865
0.000428
-0.004023
-0.019827
-0.038947
-0.053472
-0.060326
-0.060843
-0.056954
-0.048771
-0.034583
-0.014706
0.005854
0.020716
0.024042
0.016359
0.006631
0.002131
0.002031
0.001059
-0.001687
-0.004052
-0.006049
-0.008197
-0.012276
-0.018797
-0.025567
-0.031660
-0.037793
-0.044185
-0.050845
-0.056359
-0.056566
-0.048098
-0.032991
-0.019069
-0.012731
-0.014331
-0.020724
-0.029989
-0.043765
-0.064175
-0.089738
-0.115843
-0.138803
-0.158435
-0.175916
-0.188664
-0.193679
-0.191851
-0.187922
-0.185927
-0.185165
-0.184567
-0.183524
-0.181404
-0.178671
-0.174743
-0.167646
-0.157673
-0.143082
-0.121161
-0.093498
-0.061366
-0.028099
0.000743
0.019842
0.029173
0.035334
0.042691
0.052961
0.065528
0.079974
0.098561
0.121628
0.143206
0.152466
0.141393
0.111554
0.074809
0.046768
0.037672
0.047967
0.069458
0.093009
0.114636
0.132802
0.149575
0.168261
0.184065
0.192446
0.196207
0.196516
0.197222
0.203049
0.216505
0.240744
0.269631
0.291641
0.299853
0.295594
0.283148
0.263371
0.237724
0.206663
0.169451
0.123817
0.065939
-0.001204
-0.066366
-0.116100
-0.146391
-0.163880
-0.173574
-0.179414
-0.183556
-0.186251
-0.192007
-0.202354
-0.216124
-0.232838
-0.249100
-0.261718
-0.269957
-0.276012
-0.281393
-0.287296
-0.294901
-0.300000
-0.296025
-0.279112
-0.253013
-0.227119
-0.206211
-0.188624
-0.170725
-0.151582
-0.135674
-0.128035
-0.128624
-0.129900
-0.122364
-0.102567
-0.073667
-0.042388
-0.013132
0.011955
0.030381
0.040192
0.043421
0.044182
0.045791
0.050898
0.055837
0.059311
0.065088
0.072634
0.082633
0.096610
0.111463
0.124653
0.139522
0.157197
0.176995
0.201742
0.229908
0.252615
0.262873
0.262043
0.253058
0.239764
0.228259
0.218416
0.210156
0.203127
0.193829
0.183644
0.174203
0.165993
0.158782
0.154368
0.153381
0.154411
0.158032
0.163541
0.168380
0.170561
0.167535
0.156008
0.138364
0.123169
0.114917
0.112890
0.113542
0.111517
0.109939
0.111602
0.112872
0.114224
0.117536
0.120720
0.123179
0.130187
0.139979
0.146400
0.148614
0.144510
0.136627
0.134056
0.143806
0.161334
0.180080
0.195593
0.203228
0.206204
0.206164
0.204525
0.204931
0.204779
0.202520
0.202316
0.202789
0.200867
0.201272
0.206657
0.212577
0.215887
0.216998
0.215383
0.210652
0.204895
0.199905
0.198165
0.200414
0.202864
0.201520
0.194955
0.184587
0.172980
0.163057
0.152628
0.141802
0.132429
0.122824
0.114313
0.104655
0.093917
0.084387
0.074879
0.065465
0.059848
0.062980
0.075345
0.095320
0.119920
0.143261
0.162833
0.179123
0.189827
0.192994
0.187154
0.176604
0.166014
0.154004
0.144281
0.140935
0.141969
0.142669
0.140254
0.135660
0.128319
0.123483
0.126782
0.135372
0.140897
0.136737
0.122523
0.103541
0.089125
0.076342
0.063539
0.052624
0.042580
0.041191
0.051826
0.068564
0.085134
0.097625
0.104213
0.102314
0.092941
0.081283
0.070817
0.063586
0.057968
0.052188
0.046830
0.040554
0.034581
0.029518
0.023989
0.020212
0.018126
0.019984
0.030385
0.045561
0.058164
0.066301
0.068101
0.059345
0.043750
0.029616
0.021027
0.014936
0.011748
0.015678
0.020601
0.024062
0.027771
0.029454
0.028231
0.022968
0.014874
0.008342
0.003354
0.002836
0.011716
0.023767
0.038774
0.054029
0.064073
0.069087
0.066155
0.060034
0.055354
0.052336
0.052539
0.051321
0.046483
0.043547
0.037624
0.031275
0.026712
0.018384
0.012534
0.011278
0.015762
0.028483
0.042530
0.050878
0.051418
0.041378
0.026130
0.009221
-0.009398
-0.021145
-0.022172
-0.014733
0.000066
0.016574
0.030206
0.036487
0.026483
0.008738
-0.006634
-0.022781
-0.032433
-0.030671
-0.024130
-0.014801
-0.004920
0.003524
0.009695
0.014105
0.018748
0.022016
0.024949
0.027978
0.030362
0.032649
0.034571
0.033675
0.032803
0.033271
0.031200
0.030481
0.032570
0.034897
0.041981
0.054349
0.063529
0.067530
0.066704
0.060660
0.052065
0.047730
0.047153
0.046648
0.051580
0.056177
0.057448
0.055958
0.052145
0.047978
0.041266
0.038061
0.036194
0.033964
0.035325
0.035030
0.032665
0.032334
0.030786
0.025807
0.019745
0.017939
0.023898
0.036109
0.054558
0.074426
0.089983
0.099932
0.107756
0.114903
0.117006
0.113329
0.104356
0.095757
0.088675
0.079568
0.072536
0.066692
0.060287
0.055655
0.051397
0.047363
0.046114
0.046292
0.046724
0.049242
0.053232
0.055897
0.057688
0.059033
0.056283
0.052520
0.050769
0.048437
0.045958
0.043229
0.040038
0.037682
0.035175
0.029783
0.022927
0.017840
0.013897
0.009758
0.006852
0.006775
0.007576
0.007886
0.009667
0.011439
0.011637
0.012342
0.012407
0.008781
0.000491
-0.010752
-0.021033
-0.029080
-0.037321
-0.044764
-0.052537
-0.060373
-0.065611
-0.072219
-0.078713
-0.085118
-0.092952
-0.098695
-0.104925
-0.112922
-0.119553
-0.125483
-0.133269
-0.142162
-0.149422
-0.158012
-0.168165
-0.177837
-0.189297
-0.201630
-0.213871
-0.227269
-0.242865
-0.256497
-0.267345
-0.275457
-0.278317
-0.277206
-0.274249
-0.272890
-0.267688
-0.259319
-0.250039
-0.232592
-0.210843
-0.188321
-0.165627
-0.142826
-0.121505
-0.105365
-0.094229
-0.090892
-0.096001
-0.109318
-0.126200
-0.142849
-0.159655
-0.170763
-0.178203
-0.182856
-0.185417
-0.192764
-0.199893
-0.205172
-0.212809
-0.218291
-0.220762
-0.222393
-0.220329
-0.215329
-0.205251
-0.190746
-0.176720
-0.162467
-0.151737
-0.147998
-0.148928
-0.147714
-0.146588
-0.147269
-0.143797
-0.141591
-0.138503
-0.132873
-0.132533
-0.133942
-0.136104
-0.140988
-0.148740
-0.156342
-0.159621
-0.163295
-0.164831
-0.161233
-0.153575
-0.142434
-0.130215
-0.117403
-0.107424
-0.100887
-0.098137
-0.100840
-0.104074
-0.105964
-0.107203
-0.108761
-0.111649
-0.111860
-0.109402
-0.105222
-0.099798
-0.094366
-0.088701
-0.083336
-0.078939
-0.076483
-0.075756
-0.076602
-0.076058
-0.072565
-0.069038
-0.062642
-0.052282
-0.041032
-0.029295
-0.018100
-0.005976
0.006042
0.016358
0.026333
0.034571
0.039050
0.042201
0.046364
0.049625
0.051844
0.052432
0.052154
0.051472
0.050160
0.050407
0.052333
0.055113
0.060449
0.065607
0.068829
0.069836
0.066215
0.061364
0.055241
0.046670
0.037844
0.029641
0.021819
0.014690
0.009577
0.009307
0.012025
0.014711
0.016161
0.014557
0.013498
0.012443
0.010773
0.010303
0.008754
0.005901
0.003167
-0.000685
-0.006294
-0.011545
-0.017427
-0.022651
-0.026317
-0.029482
-0.029345
-0.027207
-0.023404
-0.017258
-0.010244
-0.002950
0.003085
0.009184
0.013348
0.014898
0.016226
0.014459
0.010813
0.007231
0.001597
-0.005480
-0.011630
-0.016250
-0.018795
-0.020406
-0.022784
-0.024954
-0.027620
-0.029730
-0.030651
-0.033013
-0.035820
-0.037352
-0.039046
-0.042063
-0.046285
-0.050177
-0.053813
-0.059526
-0.063684
-0.065836
-0.067854
-0.067164
-0.064455
-0.059980
-0.054447
-0.048178
-0.040397
-0.031906
-0.021481
-0.008406
0.004465
0.017383
0.031115
0.041490
0.047745
0.049196
0.044048
0.035824
0.026991
0.016903
0.006694
0.002123
0.004557
0.008237
0.010582
0.011414
0.009090
0.000495
-0.014952
-0.031923
-0.046818
-0.062015
-0.075433
-0.082945
-0.084713
-0.084480
-0.085616
-0.087386
-0.090106
-0.092582
-0.094630
-0.097867
-0.100342
-0.102188
-0.102349
-0.103165
-0.105204
-0.104567
-0.105574
-0.105414
-0.101570
-0.097396
-0.092599
-0.087207
-0.082051
-0.077479
-0.072476
-0.069604
-0.069561
-0.071405
-0.073516
-0.074534
-0.075235
-0.072019
-0.064667
-0.056411
-0.047583
-0.040816
-0.036294
-0.033719
-0.035070
-0.033788
-0.030836
-0.029378
-0.024974
-0.020292
-0.016318
-0.012521
-0.011284
-0.011743
-0.012997
-0.013974
-0.013877
-0.015404
-0.017258
-0.018766
-0.019383
-0.020015
-0.022238
-0.021107
-0.020983
-0.022829
-0.021657
-0.021014
-0.021609
-0.021853
-0.021778
-0.021301
-0.020434
-0.021240
-0.021131
-0.019270
-0.018520
-0.017005
-0.015583
-0.013607
-0.011596
-0.010779
-0.006993
-0.002994
0.000718
0.008214
0.016603
0.023516
0.030421
0.036988
0.041358
0.045229
0.047291
0.044523
0.039247
0.031846
0.021582
0.014065
0.010582
0.011268
0.016567
0.022483
0.028806
0.035545
0.041457
0.044115
0.046225
0.048215
0.048895
0.053226
0.057664
0.063278
0.073006
0.081124
0.088282
0.094799
0.098603
0.100136
0.100167
0.098564
0.095383
0.092399
0.089682
0.088024
0.088543
0.091475
0.094035
0.096546
0.098810
0.097176
0.093618
0.086426
0.075464
0.061253
0.045632
0.033448
0.024289
0.020071
0.020020
0.022220
0.025266
0.026168
0.027448
0.029149
0.028782
0.027423
0.024817
0.023308
0.023571
0.022132
0.020891
0.020047
0.018011
0.015688
0.014186
0.012921
0.010446
0.009452
0.011536
0.014271
0.016847
0.018315
0.019580
0.020727
0.020992
0.024058
0.026555
0.028105
0.033515
0.039129
0.043798
0.049793
0.054508
0.057266
0.058985
0.058919
0.058577
0.056920
0.054931
0.054872
0.054541
0.054651
0.056368
0.057755
0.058203
0.060321
0.063143
0.065364
0.067408
0.067172
0.067150
0.065705
0.061013
0.054986
0.047950
0.039898
0.033055
0.029349
0.025278
0.022141
0.019335
0.015949
0.013210
0.009515
0.007042
0.004234
0.000195
0.001116
0.004417
0.009311
0.016924
0.024587
0.031682
0.035035
0.035963
0.034031
0.028922
0.022291
0.012281
0.002826
-0.003894
-0.009187
-0.011194
-0.011796
-0.011141
-0.008581
-0.007172
-0.005893
-0.002657
0.001140
0.005739
0.011236
0.017644
0.024661
0.030431
0.035718
0.041203
0.044795
0.045292
0.045306
0.043905
0.039680
0.035804
0.030272
0.022988
0.017141
0.009530
0.001224
-0.004464
-0.008974
-0.013079
-0.013171
-0.009364
-0.006285
-0.000659
0.005754
0.010302
0.017195
0.023140
0.028223
0.035086
0.041180
0.046532
0.050983
0.053818
0.054583
0.053118
0.050303
0.046539
0.042803
0.039424
0.037543
0.038517
0.041166
0.042770
0.041236
0.037444
0.032179
0.022996
0.011777
0.004219
-0.001752
-0.006173
-0.006043
-0.006097
-0.007280
-0.009290
-0.012782
-0.016809
-0.022790
-0.028099
-0.032450
-0.036477
-0.038644
-0.040216
-0.040721
-0.038827
-0.035354
-0.028856
-0.018355
-0.005292
0.010622
0.024623
0.035410
0.043801
0.046372
0.043909
0.036866
0.028442
0.020680
0.014234
0.012198
0.012878
0.016456
0.022838
0.028412
0.032927
0.034767
0.032663
0.028873
0.023346
0.017671
0.016057
0.017890
0.021383
0.026797
0.031153
0.031872
0.029914
0.026334
0.020849
0.013747
0.006547
-0.002146
-0.011553
-0.019658
-0.026295
-0.030654
-0.033931
-0.035777
-0.035960
-0.035984
-0.035128
-0.033030
-0.031700
-0.031426
-0.031780
-0.034521
-0.039390
-0.044438
-0.050163
-0.056346
-0.062829
-0.070639
-0.077368
-0.082974
-0.089479
-0.095768
-0.101205
-0.104254
-0.103523
-0.100109
-0.094015
-0.084275
-0.072029
-0.058667
-0.042831
-0.027067
-0.013464
0.001111
0.014242
0.024784
0.033461
0.037845
0.037606
0.031995
0.022461
0.011303
-0.000726
-0.010711
-0.018186
-0.023654
-0.024323
-0.021324
-0.016832
-0.010056
-0.002651
0.003123
0.006160
0.007055
0.005839
0.002120
-0.001307
-0.004318
-0.006854
-0.006564
-0.004670
-0.002634
0.001013
0.006300
0.010967
0.014157
0.015117
0.012814
0.008499
0.004629
0.000601
-0.004534
-0.007177
-0.005841
-0.004777
-0.003656
-0.000655
0.000766
0.000428
-0.000288
-0.002615
-0.005409
-0.007512
-0.010081
-0.014601
-0.019407
-0.022906
-0.027097
-0.030698
-0.033031
-0.035557
-0.037825
-0.039671
-0.040853
-0.042134
-0.043690
-0.045280
-0.048600
-0.050884
-0.049900
-0.047785
-0.044491
-0.039606
-0.034432
-0.030621
-0.028465
-0.027256
-0.027142
-0.028034
-0.028845
-0.029422
-0.030027
-0.029431
-0.027401
-0.026751
-0.025624
-0.022760
-0.021494
-0.019275
-0.016188
-0.014735
-0.013067
-0.011830
-0.011911
-0.012317
-0.014461
-0.018796
-0.025031
-0.032141
-0.038224
-0.044183
-0.048505
-0.049760
-0.049100
-0.046793
-0.042266
-0.035704
-0.027253
-0.016494
-0.005396
0.003312
0.009422
0.013467
0.014743
0.013530
0.011656
0.009894
0.007983
0.006162
0.005351
0.005650
0.006345
0.008221
0.010329
0.011795
0.013859
0.016693
0.020545
0.024871
0.028722
0.032554
0.036385
0.039724
0.041881
0.042966
0.043354
0.042707
0.042273
0.042753
0.043703
0.043314
0.040411
0.035725
0.028979
0.018997
0.007815
0.000743
-0.001440
-0.001000
0.004060
0.013618
0.023160
0.031996
0.039063
0.042998
0.044727
0.044852
0.043885
0.041350
0.038636
0.035841
0.031779
0.027229
0.022507
0.017810
0.012451
0.007979
0.003989
-0.001176
-0.004639
-0.007717
-0.011222
-0.013328
-0.013607
-0.012907
-0.012514
-0.009766
-0.006344
-0.004534
-0.001598
0.000758
0.000644
-0.000095
-0.001530
-0.003813
-0.008270
-0.014982
-0.022515
-0.032251
-0.039774
-0.041809
-0.041684
-0.038875
-0.033166
-0.027965
-0.023633
-0.020038
-0.018802
-0.019550
-0.021422
-0.024432
-0.027039
-0.026372
-0.023505
-0.018817
-0.011614
-0.003922
0.004067
0.010888
0.017130
0.021898
0.023427
0.024240
0.023560
0.020879
0.018023
0.016626
0.015955
0.016172
0.020619
0.026361
0.030592
0.034605
0.035973
0.034668
0.030234
0.022051
0.012466
0.002732
-0.006702
-0.014766
-0.019589
-0.021566
-0.021519
-0.018264
-0.012611
-0.007580
-0.002752
0.001455
0.003299
0.002840
0.001812
0.001438
0.001494
0.003255
0.006938
0.011794
0.016898
0.022218
0.026172
0.027162
0.027362
0.027329
0.024367
0.020303
0.018198
0.015635
0.013625
0.013916
0.014776
0.016667
0.019937
0.023339
0.027508
0.031647
0.034157
0.035955
0.036833
0.036625
0.035162
0.032348
0.029346
0.026403
0.023713
0.020931
0.017490
0.015567
0.014853
0.014680
0.017993
0.022367
0.026390
0.031698
0.037048
0.042734
0.047925
0.051084
0.051928
0.051079
0.050254
0.049554
0.048469
0.047661
0.047672
0.048300
0.048127
0.046829
0.045367
0.042219
0.037658
0.031129
0.022428
0.015002
0.008809
0.002958
-0.001929
-0.003579
-0.002393
-0.000391
0.002312
0.003842
0.003698
0.002188
-0.000961
-0.006281
-0.011978
-0.016873
-0.021168
-0.022761
-0.022522
-0.020822
-0.016740
-0.011885
-0.007571
-0.004730
-0.004310
-0.006258
-0.009465
-0.012050
-0.013299
-0.013334
-0.011462
-0.008241
-0.004266
0.000925
0.006994
0.012949
0.018211
0.022706
0.024749
0.023847
0.022246
0.019202
0.014740
0.011457
0.009667
0.008480
0.006905
0.007234
0.009261
0.010884
0.012600
0.011357
0.006772
-0.000360
-0.010323
-0.020886
-0.030975
-0.040569
-0.049093
-0.055161
-0.059073
-0.061440
-0.061830
-0.061471
-0.061356
-0.061752
-0.062395
-0.062626
-0.062566
-0.061600
-0.059868
-0.057138
-0.052376
-0.046968
-0.040588
-0.032701
-0.025273
-0.018762
-0.014238
-0.011305
-0.009663
-0.009916
-0.009500
-0.008393
-0.006329
-0.001542
0.005127
0.013806
0.023791
0.032860
0.041120
0.048399
0.052417
0.051454
0.045703
0.037081
0.027012
0.016917
0.008830
0.004430
0.003603
0.004902
0.007943
0.011238
0.014525
0.017266
0.018235
0.018568
0.018262
0.017466
0.017350
0.018819
0.021447
0.024627
0.028398
0.032283
0.036170
0.039011
0.040599
0.042589
0.044843
0.046427
0.048228
0.050355
0.052459
0.054701
0.056947
0.058550
0.059761
0.060959
0.060860
0.060196
0.059545
0.058896
0.058405
0.057568
0.056893
0.055739
0.053468
0.051094
0.048956
0.046744
0.044283
0.042781
0.042167
0.042065
0.042609
0.042617
0.042791
0.042249
0.040038
0.036836
0.032734
0.028484
0.024836
0.022685
0.022593
0.023378
0.024372
0.026182
0.027917
0.029119
0.030520
0.031543
0.032193
0.033583
0.034999
0.036349
0.037748
0.038793
0.038864
0.037338
0.034489
0.029838
0.024345
0.018992
0.014497
0.011939
0.011741
0.013056
0.015680
0.019672
0.023026
0.026222
0.029692
0.032387
0.034220
0.035195
0.036202
0.036906
0.036727
0.036767
0.037519
0.038000
0.037934
0.037821
0.036722
0.034713
0.032439
0.029345
0.025598
0.021894
0.018396
0.014514
0.010721
0.007147
0.003198
0.000134
-0.002731
-0.005734
-0.007749
-0.009792
-0.012299
-0.015436
-0.018656
-0.021455
-0.024598
-0.027763
-0.029884
-0.030715
-0.030794
-0.030492
-0.029955
-0.029740
-0.030564
-0.032037
-0.034309
-0.037338
-0.040688
-0.043571
-0.045968
-0.048153
-0.049692
-0.051415
-0.052337
-0.052981
-0.054473
-0.055743
-0.057330
-0.059163
-0.060656
-0.061440
-0.061715
-0.061865
-0.061839
-0.061933
-0.062191
-0.063048
-0.064384
-0.066347
-0.069242
-0.071644
-0.073461
-0.075338
-0.076493
-0.076718
-0.076725
-0.077324
-0.077556
-0.077135
-0.076814
-0.076063
-0.075642
-0.076151
-0.076862
-0.077499
-0.077895
-0.078402
-0.078621
-0.078165
-0.077482
-0.076548
-0.076163
-0.075553
-0.074583
-0.073929
-0.072043
-0.070459
-0.068992
-0.066772
-0.065490
-0.063676
-0.061316
-0.059314
-0.056476
-0.053848
-0.051954
-0.049283
-0.046749
-0.045008
-0.043336
-0.042226
-0.041763
-0.041418
-0.041726
-0.041967
-0.041113
-0.039727
-0.038165
-0.036944
-0.035610
-0.034023
-0.033161
-0.032580
-0.032418
-0.032720
-0.032330
-0.032201
-0.031945
-0.030492
-0.029049
-0.027619
-0.026138
-0.025228
-0.024726
-0.024766
-0.025802
-0.026947
-0.028672
-0.030719
-0.032589
-0.034909
-0.036132
-0.036675
-0.037006
-0.036128
-0.034459
-0.032613
-0.030344
-0.027995
-0.027222
-0.027644
-0.028094
-0.028565
-0.028706
-0.028336
-0.027345
-0.026070
-0.024454
-0.022890
-0.021996
-0.020450
-0.019131
-0.019007
-0.019324
-0.020000
-0.020057
-0.019865
-0.019769
-0.018993
-0.018494
-0.018889
-0.019267
-0.019651
-0.020159
-0.020694
-0.021413
-0.021163
-0.021160
-0.021966
-0.021969
-0.022588
-0.023022
-0.022841
-0.023946
-0.024971
-0.025790
-0.026951
-0.027697
-0.028523
-0.029507
-0.029914
-0.029622
-0.029131
-0.029072
-0.029143
-0.028490
-0.027916
-0.027131
-0.025674
-0.025534
-0.025523
-0.024458
-0.023346
-0.022048
-0.020564
-0.018309
-0.016263
-0.015040
-0.013634
-0.014012
-0.016331
-0.018944
-0.022256
-0.025248
-0.027098
-0.028503
-0.029715
-0.030656
-0.031217
-0.031566
-0.032203
-0.032876
-0.034197
-0.035675
-0.035566
-0.035255
-0.034777
-0.033194
-0.031485
-0.029088
-0.026173
-0.023209
-0.020089
-0.016719
-0.013224
-0.010868
-0.009013
-0.007470
-0.006998
-0.006820
-0.006501
-0.006216
-0.004915
-0.002960
-0.001385
0.000693
0.002808
0.004411
0.005203
0.004972
0.005107
0.005475
0.005088
0.004670
0.004789
0.004767
0.004108
0.003225
0.001999
0.000595
-0.000230
-0.001267
-0.002237
-0.002203
-0.002067
-0.001610
-0.001008
-0.000432
0.000961
0.002721
0.005035
0.006934
0.007776
0.009327
0.010943
0.012122
0.014255
0.015749
0.016196
0.017033
0.017605
0.018380
0.019295
0.019636
0.020216
0.021189
0.022610
0.024568
0.026542
0.028827
0.030777
0.032107
0.033332
0.033832
0.034535
0.035529
0.036543
0.038674
0.040705
0.041914
0.042909
0.043604
0.044332
0.044871
0.044978
0.044867
0.044709
0.044199
0.043698
0.043206
0.042141
0.041627
0.040829
0.039182
0.037800
0.036404
0.035124
0.034411
0.034244
0.035002
0.036293
0.037980
0.040778
0.043241
0.044792
0.046038
0.046163
0.045632
0.045095
0.044164
0.043289
0.042698
0.041888
0.040637
0.039325
0.037968
0.036116
0.034561
0.033574
0.032459
0.031562
0.031251
0.031237
0.031041
0.030934
0.030975
0.030501
0.029425
0.027638
0.024852
0.021477
0.017674
0.013754
0.010272
0.006627
0.003484
0.001204
-0.000352
-0.000808
-0.000284
0.000712
0.001665
0.003165
0.004289
0.004776
0.005412
0.005712
0.006286
0.006865
0.006416
0.005954
0.005611
0.004655
0.003476
0.002346
0.001096
-0.000436
-0.002373
-0.003782
-0.004325
-0.004307
-0.003778
-0.003205
-0.002286
-0.001315
-0.000861
-0.000708
-0.001131
-0.002416
-0.002919
-0.002414
-0.001483
-0.000340
0.001073
0.003086
0.004512
0.005740
0.007950
0.010382
0.011571
0.012185
0.012895
0.013876
0.014835
0.015672
0.016630
0.016555
0.016130
0.016000
0.015985
0.016989
0.018690
0.020614
0.022169
0.023131
0.024290
0.024612
0.024005
0.023231
0.022021
0.020815
0.020223
0.019574
0.018390
0.017727
0.017348
0.016737
0.016801
0.016978
0.017231
0.017845
0.018433
0.019579
0.021193
0.022882
0.024110
0.025349
0.026466
0.026947
0.028223
0.029708
0.030749
0.031882
0.033168
0.033865
0.034157
0.034532
0.034443
0.034357
0.033836
0.032888
0.031588
0.029563
0.027783
0.026532
0.025109
0.023963
0.023955
0.024194
0.024293
0.024528
0.024414
0.024599
0.025499
0.026975
0.027425
0.027369
0.028232
0.027687
0.026849
0.026274
0.024680
0.023708
0.023294
0.022981
0.023358
0.023947
0.023893
0.024156
0.024768
0.024776
0.024896
0.025202
0.025728
0.026076
0.026287
0.026445
0.026728
0.027282
0.027293
0.027211
0.026635
0.025410
0.023997
0.022399
0.021038
0.019964
0.019342
0.018633
0.017764
0.016789
0.016046
0.015655
0.014984
0.014362
0.012880
0.010817
0.009448
0.008384
0.006814
0.005637
0.005417
0.005141
0.004972
0.004652
0.004430
0.003653
0.002010
0.000165
-0.002271
-0.004506
-0.006563
-0.008132
-0.008971
-0.008926
-0.008244
-0.006908
-0.005606
-0.005397
-0.005373
-0.006053
-0.007570
-0.009632
-0.012064
-0.014879
-0.017081
-0.018492
-0.019733
-0.019777
-0.019932
-0.020015
-0.019155
-0.019348
-0.019883
-0.020470
-0.021493
-0.021959
-0.022352
-0.022482
-0.022013
-0.021420
-0.020657
-0.020442
-0.019978
-0.019268
-0.019363
-0.018895
-0.018624
-0.018464
-0.018391
-0.018878
-0.018707
-0.018014
-0.017964
-0.017477
-0.015708
-0.014664
-0.013953
-0.012846
-0.012190
-0.012891
-0.013990
-0.014854
-0.015358
-0.015550
-0.015327
-0.013451
-0.011591
-0.009861
-0.008372
-0.007098
-0.004812
-0.002474
-0.000259
0.001832
0.004046
0.006428
0.008742
0.009941
0.010854
0.012551
0.012687
0.012655
0.013893
0.014103
0.014016
0.014759
0.015615
0.017102
0.018902
0.020009
0.020388
0.021236
0.022471
0.022417
0.022168
0.022053
0.021770
0.022148
0.022296
0.021786
0.020631
0.019006
0.017756
0.016288
0.014521
0.013471
0.012802
0.012390
0.012575
0.013260
0.014070
0.014680
0.014670
0.014671
0.014435
0.013827
0.014162
0.013993
0.013644
0.013631
0.013002
0.012437
0.011091
0.009906
0.009305
0.007958
0.006349
0.004126
0.002110
0.000628
-0.001543
-0.003643
-0.005133
-0.006503
-0.007924
-0.009269
-0.010833
-0.011421
-0.010529
-0.010100
-0.008741
-0.007021
-0.006585
-0.006679
-0.007550
-0.007842
-0.008252
-0.009905
-0.010950
-0.011692
-0.012384
-0.011925
-0.011292
-0.011510
-0.011871
-0.011416
-0.011378
-0.012449
-0.013264
-0.013669
-0.014032
-0.013286
-0.010879
-0.007623
-0.004498
-0.001603
0.000109
-0.000470
-0.001614
-0.003153
-0.006044
-0.009174
-0.011359
-0.013533
-0.015357
-0.015715
-0.016250
-0.016903
-0.017219
-0.018325
-0.019839
-0.021094
-0.021868
-0.022342
-0.022430
-0.021640
-0.020666
-0.019982
-0.019886
-0.019609
-0.019304
-0.019484
-0.019048
-0.018522
-0.018534
-0.017728
-0.016056
-0.014370
-0.011801
-0.009069
-0.006571
-0.004041
-0.001479
0.001144
0.003312
0.005790
0.008366
0.009760
0.011670
0.014071
0.014551
0.014414
0.014410
0.013860
0.013142
0.012834
0.012452
0.011354
0.011582
0.012329
0.012228
0.012801
0.013200
0.013093
0.012854
0.012206
0.011275
0.010323
0.009450
0.008427
0.007441
0.006945
0.006015
0.004915
0.005318
0.005827
0.006030
0.006907
0.007404
0.006885
0.006879
0.008267
0.008916
0.009883
0.012061
0.013462
0.015345
0.017321
0.018007
0.018237
0.017865
0.016124
0.013935
0.012079
0.009875
0.007631
0.005948
0.005566
0.005591
0.006226
0.008352
0.010079
0.012520
0.015448
0.017698
0.019798
0.021087
0.020872
0.020248
0.020223
0.019435
0.018328
0.017091
0.015197
0.013434
0.011763
0.010044
0.009017
0.008700
0.008573
0.008263
0.007727
0.006642
0.005546
0.004571
0.003467
0.003174
0.003342
0.003344
0.002656
0.001972
0.001188
-0.000308
-0.001400
-0.002975
-0.005268
-0.006647
-0.007251
-0.007746
-0.007938
-0.008036
-0.008469
-0.008798
-0.009116
-0.008748
-0.007271
-0.005391
-0.002422
0.001172
0.004722
0.007877
0.009803
0.010474
0.010158
0.008453
0.006288
0.004469
0.002386
0.000917
0.000117
-0.000255
0.000227
0.000937
0.001601
0.002706
0.003826
0.004438
0.005310
0.006611
0.008096
0.009593
0.011029
0.012735
0.014001
0.014679
0.014529
0.012856
0.010356
0.007459
0.004412
0.002659
0.001466
-0.000342
-0.001726
-0.002760
-0.003444
-0.003380
-0.003070
-0.002313
-0.000359
0.001900
0.004720
0.008632
0.012659
0.016166
0.018402
0.019732
0.019769
0.018154
0.016009
0.013743
0.011563
0.010331
0.010256
0.010679
0.011325
0.012222
0.012664
0.013094
0.014374
0.015498
0.016896
0.019131
0.022204
0.025694
0.028868
0.031915
0.033902
0.034690
0.034775
0.033485
0.031040
0.027394
0.023460
0.020286
0.017547
0.015894
0.014577
0.012584
0.010267
0.008594
0.007534
0.007076
0.007732
0.009153
0.011232
0.013774
0.016739
0.019706
0.021587
0.022335
0.022497
0.021679
0.019948
0.017903
0.016204
0.014258
0.011795
0.010097
0.008406
0.006356
0.004733
0.003248
0.001977
0.001351
0.001263
0.001456
0.002612
0.005205
0.008044
0.011302
0.015295
0.018213
0.019800
0.020437
0.019578
0.017879
0.016236
0.014952
0.014786
0.015345
0.015789
0.016911
0.017808
0.018313
0.019438
0.019111
0.017787
0.016661
0.014782
0.013154
0.011923
0.010192
0.008546
0.007052
0.005886
0.005706
0.005527
0.005747
0.007473
0.009147
0.010589
0.012661
0.014229
0.015213
0.015827
0.016152
0.015607
0.013593
0.011885
0.009986
0.007753
0.007078
0.007389
0.007716
0.007768
0.007789
0.007573
0.006685
0.006248
0.005477
0.003908
0.003002
0.002174
0.001563
0.001999
0.002338
0.002521
0.003388
0.003890
0.004247
0.005858
0.008208
0.010281
0.012418
0.014706
0.016061
0.016326
0.015380
0.014093
0.013568
0.013190
0.012876
0.012500
0.012802
0.013274
0.012967
0.013434
0.014170
0.013936
0.013638
0.013028
0.011214
0.008986
0.006350
0.002345
-0.002457
-0.006802
-0.010984
-0.014452
-0.016614
-0.018439
-0.020228
-0.021151
-0.021084
-0.021292
-0.021428
-0.020881
-0.020714
-0.020753
-0.020513
-0.020306
-0.019642
-0.019363
-0.019467
-0.018774
-0.018203
-0.018122
-0.018191
-0.018412
-0.019144
-0.020448
-0.021305
-0.021949
-0.022744
-0.023151
-0.023838
-0.024672
-0.025213
-0.026284
-0.027245
-0.027756
-0.027473
-0.026314
-0.025276
-0.023139
-0.020721
-0.019148
-0.017624
-0.016546
-0.015872
-0.015576
-0.015895
-0.017077
-0.018840
-0.020625
-0.022480
-0.023921
-0.025216
-0.026948
-0.028092
-0.028556
-0.029007
-0.028889
-0.028184
-0.028142
-0.028650
-0.028880
-0.029831
-0.031110
-0.031756
-0.033142
-0.034448
-0.034881
-0.036016
-0.036883
-0.037201
-0.038040
-0.038642
-0.038953
-0.039356
-0.039360
-0.039471
-0.039855
-0.039299
-0.038179
-0.037085
-0.035615
-0.034129
-0.032750
-0.031753
-0.030816
-0.029523
-0.028628
-0.028444
-0.028476
-0.028632
-0.029473
-0.029597
-0.029227
-0.029547
-0.029779
-0.030260
-0.031043
-0.031618
-0.032114
-0.032523
-0.033295
-0.034031
-0.034203
-0.034783
-0.035538
-0.035656
-0.035761
-0.036114
-0.035815
-0.035569
-0.035657
-0.035320
-0.035245
-0.035493
-0.034900
-0.034580
-0.035302
-0.035406
-0.035337
-0.035851
-0.036177
-0.036106
-0.035571
-0.034658
-0.033444
-0.031389
-0.029454
-0.027434
-0.024413
-0.021208
-0.018349
-0.016311
-0.014829
-0.014079
-0.013948
-0.013510
-0.013081
-0.013423
-0.013886
-0.013753
-0.013826
-0.014275
-0.014713
-0.015050
-0.015677
-0.016392
-0.016468
-0.016598
-0.017258
-0.017242
-0.016899
-0.016669
-0.016103
-0.015694
-0.015693
-0.015742
-0.015406
-0.014804
-0.013663
-0.012211
-0.011038
-0.010024
-0.009133
-0.008343
-0.007419
-0.006758
-0.006217
-0.005631
-0.005885
-0.006334
-0.006618
-0.007207
-0.006739
-0.005101
-0.003750
-0.001793
0.001089
0.003363
0.005636
0.008073
0.009663
0.010466
0.010420
0.009401
0.008338
0.007749
0.006281
0.004969
0.004240
0.003496
0.003503
0.003196
0.003014
0.003406
0.003685
0.003367
0.002284
0.001545
0.000468
-0.000906
-0.001270
-0.001262
-0.000725
0.000724
0.002243
0.003895
0.005626
0.006691
0.007066
0.007169
0.007705
0.007905
0.007524
0.007979
0.008691
0.009245
0.010498
0.011729
0.012388
0.012949
0.012878
0.011712
0.009983
0.008188
0.006438
0.004489
0.002434
0.001394
0.000703
-0.000611
-0.001208
-0.001319
-0.001552
-0.001152
-0.000149
0.000893
0.001983
0.003512
0.004196
0.003763
0.003795
0.003940
0.004051
0.004371
0.005354
0.007001
0.008525
0.009950
0.010552
0.010331
0.009059
0.006047
0.002274
-0.001829
-0.006333
-0.009647
-0.010760
-0.010791
-0.009579
-0.007066
-0.004321
-0.001369
0.000682
0.001002
-0.000309
-0.002909
-0.005805
-0.009104
-0.012321
-0.014399
-0.015087
-0.014376
-0.012717
-0.010168
-0.007077
-0.004398
-0.002522
-0.001303
-0.000488
-0.000091
0.000450
0.001461
0.002885
0.004749
0.007121
0.009634
0.011810
0.013761
0.015264
0.016093
0.016204
0.015511
0.013781
0.011805
0.010327
0.009779
0.010270
0.011374
0.012766
0.013864
0.014395
0.014286
0.013292
0.011658
0.009640
0.006722
0.003213
0.000083
-0.002288
-0.004168
-0.005119
-0.005221
-0.005178
-0.004808
-0.003977
-0.003237
-0.002571
-0.001593
-0.000861
-0.000332
-0.000335
-0.000217
0.000915
0.002177
0.004176
0.006907
0.009761
0.012516
0.014810
0.017100
0.019009
0.020004
0.020330
0.020411
0.020295
0.020135
0.020096
0.020271
0.020820
0.020804
0.020012
0.018772
0.017001
0.015634
0.014469
0.013899
0.014469
0.014099
0.013159
0.012603
0.011346
0.010298
0.009792
0.009281
0.009929
0.011322
0.012815
0.014832
0.016787
0.018321
0.019661
0.021019
0.022291
0.023354
0.024205
0.024874
0.025616
0.025889
0.025778
0.025545
0.024994
0.024662
0.024373
0.023783
0.022741
0.021327
0.019693
0.018296
0.017488
0.016711
0.015762
0.014865
0.013580
0.011826
0.010513
0.009427
0.008493
0.008129
0.008350
0.008542
0.008140
0.007522
0.006562
0.005672
0.004848
0.003935
0.003323
0.002820
0.002525
0.002051
0.001678
0.001722
0.001569
0.001626
0.001986
0.002260
0.002968
0.003997
0.004464
0.004302
0.003330
0.001364
-0.000969
-0.003595
-0.005710
-0.007394
-0.009533
-0.011367
-0.013681
-0.016381
-0.018901
-0.021373
-0.022989
-0.023728
-0.024007
-0.023629
-0.022147
-0.020240
-0.018022
-0.015342
-0.012406
-0.009241
-0.006949
-0.005560
-0.004656
-0.004773
-0.005047
-0.005270
-0.005887
-0.006109
-0.006040
-0.006539
-0.007072
-0.007589
-0.008970
-0.010350
-0.011455
-0.013100
-0.014931
-0.016411
-0.017410
-0.017868
-0.017895
-0.017191
-0.016034
-0.014908
-0.013427
-0.012145
-0.011062
-0.010281
-0.010412
-0.010694
-0.010838
-0.011049
-0.010822
-0.010171
-0.009673
-0.009408
-0.009396
-0.009943
-0.010699
-0.011462
-0.012789
-0.014102
-0.014920
-0.015379
-0.015686
-0.016006
-0.016268
-0.016823
-0.017865
-0.019290
-0.020741
-0.021736
-0.022076
-0.021637
-0.020887
-0.020301
-0.019715
-0.019254
-0.018753
-0.018195
-0.018237
-0.018957
-0.019994
-0.021070
-0.021989
-0.022646
-0.022602
-0.021863
-0.021198
-0.020610
-0.020161
-0.020242
-0.020489
-0.020360
-0.019773
-0.018890
-0.017085
-0.014845
-0.012561
-0.009484
-0.006526
-0.003944
-0.001946
-0.000863
-0.000441
-0.000384
-0.000277
-0.000269
0.000280
0.000897
0.001048
0.001445
0.001806
0.001526
0.000835
0.000459
0.000225
0.000124
0.000621
0.000975
0.000801
0.000873
0.001450
0.001952
0.002354
0.003248
0.004125
0.004359
0.004414
0.004863
0.005424
0.005844
0.006163
0.005843
0.004614
0.003233
0.001779
-0.000304
-0.002474
-0.004179
-0.005014
-0.005500
-0.005826
-0.005295
-0.004631
-0.004197
-0.003905
-0.003901
-0.003929
-0.003682
-0.003014
-0.002266
-0.001100
0.000600
0.001745
0.002234
0.001775
-0.000098
-0.002513
-0.005436
-0.008584
-0.011238
-0.013355
-0.014397
-0.014753
-0.014436
-0.013440
-0.012720
-0.012216
-0.012054
-0.012010
-0.011581
-0.010895
-0.009667
-0.008095
-0.006620
-0.005031
-0.003310
-0.001404
0.000483
0.001881
0.003093
0.004139
0.004940
0.006323
0.008286
0.010370
0.012640
0.014749
0.016345
0.017437
0.017748
0.017366
0.016870
0.015779
0.014343
0.013322
0.012316
0.011586
0.010765
0.009818
0.009492
0.009428
0.009961
0.010645
0.011069
0.011716
0.011847
0.011660
0.010920
0.009296
0.007333
0.004956
0.002489
0.000492
-0.000313
-0.000069
0.001107
0.003398
0.006247
0.009050
0.011405
0.012911
0.013115
0.012469
0.011932
0.011489
0.011173
0.011504
0.012414
0.013691
0.015143
0.016572
0.017346
0.017264
0.016792
0.015734
0.014475
0.013465
0.012595
0.011934
0.011299
0.010598
0.009942
0.009357
0.008969
0.008537
0.007941
0.007542
0.007119
0.006728
0.006334
0.005813
0.005416
0.005229
0.005192
0.005184
0.005326
0.005525
0.005783
0.005883
0.005689
0.005632
0.005382
0.004729
0.004278
0.004045
0.004228
0.004896
0.005596
0.006612
0.008070
0.009927
0.012073
0.014160
0.015699
0.016401
0.016553
0.016250
0.015853
0.015570
0.015200
0.014947
0.014868
0.014893
0.014929
0.014783
0.014497
0.013984
0.013530
0.013566
0.013952
0.014835
0.015924
0.016811
0.017669
0.018189
0.017914
0.016553
0.014383
0.011580
0.008208
0.005226
0.003086
0.001156
-0.000312
-0.001001
-0.001495
-0.001640
-0.001331
-0.000600
0.000672
0.002170
0.003868
0.005728
0.007947
0.010149
0.011808
0.013584
0.014707
0.014538
0.014029
0.013413
0.012592
0.011870
0.011088
0.010013
0.008949
0.007749
0.006436
0.005660
0.005759
0.006626
0.008137
0.009977
0.011945
0.013788
0.015245
0.016407
0.017176
0.017383
0.017075
0.016748
0.016422
0.016450
0.017187
0.017509
0.017068
0.015949
0.013927
0.011704
0.009799
0.008464
0.007663
0.007225
0.007591
0.008437
0.009076
0.009472
0.010109
0.010834
0.011039
0.010943
0.010273
0.009174
0.008294
0.007620
0.007265
0.006710
0.005285
0.003406
0.001665
0.000251
-0.000973
-0.001945
-0.002559
-0.002574
-0.001826
-0.000857
0.000020
0.000956
0.001860
0.002807
0.004164
0.005676
0.007077
0.008151
0.008539
0.008267
0.007180
0.005374
0.003340
0.001279
-0.000467
-0.002001
-0.003348
-0.003989
-0.004080
-0.004003
-0.004020
-0.004207
-0.004675
-0.005811
-0.007236
-0.008574
-0.009578
-0.010104
-0.010188
-0.009790
-0.009042
-0.008098
-0.007207
-0.006415
-0.005755
-0.005032
-0.004117
-0.002905
-0.001466
0.000170
0.002135
0.004225
0.005630
0.005918
0.005525
0.004431
0.002835
0.001151
-0.000324
-0.001758
-0.003468
-0.004910
-0.006574
-0.009059
-0.011752
-0.014322
-0.016337
-0.017801
-0.018415
-0.017751
-0.016483
-0.014963
-0.013303
-0.012065
-0.011166
-0.010318
-0.010140
-0.010715
-0.011477
-0.012500
-0.014107
-0.015744
-0.017258
-0.018736
-0.019510
-0.019608
-0.019346
-0.019004
-0.018817
-0.018692
-0.018440
-0.017918
-0.017505
-0.017257
-0.017020
-0.017097
-0.017262
-0.016709
-0.015739
-0.015218
-0.015001
-0.014867
-0.014581
-0.014083
-0.013807
-0.013591
-0.013341
-0.013054
-0.012463
-0.011839
-0.011506
-0.011124
-0.010630
-0.010462
-0.010214
-0.009920
-0.009587
-0.009057
-0.008490
-0.007610
-0.007086
-0.007216
-0.008014
-0.009410
-0.010916
-0.012365
-0.013267
-0.013318
-0.012420
-0.010927
-0.009163
-0.007102
-0.005229
-0.004057
-0.003492
-0.003446
-0.003887
-0.004494
-0.005498
-0.006874
-0.008120
-0.009087
-0.009890
-0.010618
-0.011160
-0.011553
-0.011638
-0.011132
-0.010161
-0.009046
-0.007789
-0.006538
-0.005710
-0.005206
-0.005036
-0.005289
-0.005819
-0.006489
-0.007168
-0.007702
-0.008269
-0.008970
-0.009364
-0.010023
-0.011408
-0.013029
-0.014701
-0.016018
-0.016776
-0.016956
-0.016536
-0.016229
-0.016017
-0.015667
-0.015412
-0.015018
-0.014497
-0.014230
-0.014589
-0.015076
-0.015390
-0.016168
-0.017192
-0.017945
-0.018691
-0.019292
-0.019304
-0.019092
-0.018860
-0.018475
-0.018037
-0.017287
-0.016354
-0.015471
-0.014461
-0.013451
-0.012159
-0.010236
-0.007875
-0.005659
-0.004303
-0.003582
-0.002974
-0.002664
-0.002852
-0.003676
-0.004865
-0.006278
-0.008023
-0.009645
-0.011213
-0.012623
-0.013616
-0.014465
-0.015058
-0.015170
-0.015189
-0.015547
-0.015895
-0.016412
-0.017310
-0.018069
-0.018399
-0.018147
-0.017427
-0.016387
-0.015136
-0.013924
-0.012837
-0.011964
-0.011398
-0.011067
-0.010718
-0.010045
-0.009260
-0.008527
-0.007860
-0.007533
-0.007293
-0.006831
-0.006419
-0.006172
-0.005885
-0.005793
-0.006055
-0.006539
-0.007144
-0.007634
-0.007868
-0.007650
-0.007078
-0.006622
-0.006412
-0.006132
-0.005586
-0.004777
-0.003752
-0.002670
-0.001410
0.000109
0.001366
0.002342
0.003209
0.003806
0.004572
0.005567
0.006255
0.006714
0.007220
0.007829
0.008576
0.009424
0.010124
0.010607
0.011176
0.011734
0.012201
0.012759
0.013230
0.013550
0.014015
0.014567
0.014690
0.014484
0.014103
0.013448
0.012862
0.012343
0.012095
0.012283
0.012658
0.013237
0.013914
0.014811
0.015999
0.017322
0.018793
0.020375
0.021998
0.023185
0.023703
0.023593
0.022940
0.022333
0.021406
0.020014
0.018775
0.017623
0.016542
0.015681
0.015072
0.014652
0.014485
0.014371
0.013925
0.013438
0.012965
0.012407
0.012023
0.011752
0.011763
0.011903
0.012003
0.012265
0.012265
0.011937
0.011509
0.010773
0.009897
0.009344
0.008855
0.008628
0.008798
0.008793
0.008975
0.009450
0.009815
0.010369
0.011370
0.012539
0.013708
0.014221
0.013827
0.012794
0.010576
0.007618
0.004773
0.002263
0.000377
-0.000916
-0.001594
-0.001258
-0.000087
0.001607
0.003378
0.004289
0.004693
0.004636
0.003929
0.003436
0.003189
0.003340
0.004077
0.004931
0.005679
0.006070
0.006127
0.006088
0.006065
0.005898
0.005497
0.004976
0.003878
0.002612
0.001716
0.000595
-0.000927
-0.002706
-0.004520
-0.005834
-0.006313
-0.006404
-0.006534
-0.006535
-0.006548
-0.006822
-0.007416
-0.008334
-0.009254
-0.009778
-0.009436
-0.008508
-0.006973
-0.004401
-0.001602
0.001156
0.003684
0.005301
0.006009
0.006150
0.006010
0.005820
0.006086
0.007046
0.008083
0.009301
0.010573
0.011294
0.012312
0.013244
0.013203
0.012611
0.011901
0.011262
0.010419
0.009183
0.007634
0.005927
0.004312
0.003544
0.003636
0.004015
0.004545
0.004737
0.004627
0.004519
0.003978
0.002522
0.000726
-0.000842
-0.002443
-0.003472
-0.003643
-0.003660
-0.003169
-0.002160
-0.001470
-0.000930
-0.000179
0.000286
0.000274
0.000289
0.000327
0.000287
0.000434
0.000579
0.000632
0.000686
0.000433
-0.000133
-0.000346
-0.000098
-0.000051
-0.000272
-0.000640
-0.001346
-0.001936
-0.002405
-0.002863
-0.002783
-0.002236
-0.001113
0.000666
0.002169
0.003229
0.004396
0.005370
0.005726
0.005462
0.004766
0.003742
0.002364
0.000715
-0.000591
-0.001263
-0.001078
-0.000484
-0.000517
-0.000950
-0.001745
-0.002754
-0.004050
-0.005631
-0.006874
-0.007858
-0.008685
-0.009022
-0.008913
-0.008482
-0.007679
-0.007225
-0.006802
-0.006261
-0.006330
-0.006812
-0.007319
-0.007689
-0.007721
-0.007291
-0.006872
-0.006377
-0.005677
-0.005160
-0.004525
-0.003778
-0.003527
-0.003193
-0.002304
-0.001269
0.000323
0.002161
0.003563
0.004698
0.005421
0.005794
0.006270
0.006834
0.007303
0.007916
0.008191
0.008210
0.008323
0.008113
0.007796
0.007307
0.006552
0.005570
0.004956
0.004928
0.005167
0.005746
0.006304
0.006702
0.006846
0.006336
0.005692
0.005327
0.004429
0.003396
0.002570
0.001910
0.001862
0.002176
0.003039
0.004299
0.005324
0.006334
0.006766
0.006794
0.007567
0.007893
0.007430
0.006974
0.006559
0.006464
0.006707
0.007055
0.007204
0.006748
0.006177
0.006063
0.005458
0.004594
0.004277
0.003898
0.003572
0.003390
0.003070
0.002854
0.002677
0.002494
0.002320
0.002003
0.001315
0.000668
0.000818
0.001398
0.001495
0.001406
0.001888
0.002846
0.003872
0.004729
0.005126
0.005029
0.004614
0.004027
0.003600
0.002884
0.001994
0.001839
0.002083
0.002433
0.002955
0.002982
0.002640
0.002680
0.003304
0.004366
0.005107
0.005179
0.005428
0.006138
0.006953
0.007844
0.008926
0.009858
0.010291
0.010746
0.011097
0.011505
0.012221
0.012823
0.013546
0.013865
0.013865
0.014265
0.014612
0.014919
0.015170
0.015185
0.015343
0.015771
0.016211
0.016715
0.017562
0.018318
0.018568
0.018757
0.019202
0.019374
0.019161
0.018453
0.017750
0.017423
0.016733
0.016490
0.016721
0.016807
0.017292
0.017601
0.017880
0.018251
0.018145
0.018416
0.018728
0.018917
0.019168
0.019248
0.019785
0.020182
0.020068
0.019884
0.019598
0.019008
0.018178
0.017553
0.016883
0.015809
0.015005
0.014432
0.013570
0.012905
0.012300
0.011611
0.011467
0.011577
0.011270
0.011214
0.011561
0.011338
0.011135
0.010912
0.009985
0.009717
0.009997
0.009915
0.009484
0.009070
0.009236
0.009724
0.010153
0.010309
0.010647
0.010789
0.010448
0.009983
0.009108
0.008193
0.007192
0.006255
0.005688
0.005091
0.004888
0.005149
0.005564
0.006110
0.006477
0.007254
0.007681
0.006829
0.006251
0.005903
0.005755
0.006237
0.007249
0.008389
0.009113
0.009969
0.010840
0.011835
0.012504
0.013073
0.014273
0.014648
0.014442
0.014597
0.014232
0.013604
0.013589
0.013503
0.013271
0.013017
0.012495
0.012348
0.012569
0.012933
0.012991
0.012844
0.012766
0.012874
0.013244
0.012842
0.012276
0.011927
0.010808
0.009461
0.008470
0.007568
0.006730
0.006472
0.006789
0.007127
0.007792
0.009002
0.009984
0.010457
0.011120
0.011624
0.011940
0.012193
0.011578
0.010984
0.010706
0.010216
0.010208
0.010290
0.009870
0.010001
0.010493
0.010528
0.010762
0.011600
0.012277
0.012772
0.013259
0.012986
0.012670
0.012163
0.011330
0.011079
0.010994
0.010641
0.010200
0.009884
0.009619
0.009568
0.009151
0.008600
0.008604
0.008119
0.007302
0.006696
0.006132
0.006020
0.006050
0.006281
0.006507
0.006281
0.006279
0.006262
0.006265
0.006426
0.006287
0.006061
0.005903
0.005205
0.004631
0.004483
0.003913
0.003391
0.002865
0.002410
0.002382
0.002882
0.003722
0.004314
0.004524
0.004408
0.004344
0.004017
0.003094
0.002266
0.001649
0.001468
0.001840
0.002230
0.002122
0.001558
0.001369
0.001057
0.000793
0.000957
0.000519
0.000204
0.000712
0.001200
0.001616
0.002379
0.002663
0.002509
0.002266
0.001593
0.001173
0.001208
0.001357
0.001604
0.001768
0.001755
0.001529
0.001017
0.000705
0.000357
0.000006
0.000385
0.000779
0.001176
0.002008
0.002970
0.004046
0.004482
0.004522
0.004776
0.004500
0.004167
0.004057
0.004110
0.004434
0.004347
0.004250
0.004083
0.003026
0.001609
0.000457
-0.000971
-0.002250
-0.002760
-0.003286
-0.003838
-0.004192
-0.004714
-0.005220
-0.005674
-0.006417
-0.007057
-0.007680
-0.008451
-0.009241
-0.009941
-0.010900
-0.012287
-0.013242
-0.014080
-0.014781
-0.014990
-0.014809
-0.014677
-0.014273
-0.013131
-0.012308
-0.011475
-0.010343
-0.009461
-0.008672
-0.007758
-0.007239
-0.007331
-0.007374
-0.007252
-0.007563
-0.008608
-0.009679
-0.010497
-0.011159
-0.011490
-0.011695
-0.011879
-0.012212
-0.012508
-0.012540
-0.012655
-0.013333
-0.014307
-0.014953
-0.015419
-0.015755
-0.016341
-0.017107
-0.017182
-0.016414
-0.015357
-0.014717
-0.014304
-0.013819
-0.013785
-0.013234
-0.012127
-0.011863
-0.011642
-0.011089
-0.010713
-0.010299
-0.009674
-0.008938
-0.008225
-0.008009
-0.008299
-0.008470
-0.008666
-0.009282
-0.010267
-0.011211
-0.012171
-0.012997
-0.013546
-0.013854
-0.013513
-0.013119
-0.012518
-0.011667
-0.011255
-0.011481
-0.012228
-0.012902
-0.013772
-0.014654
-0.015576
-0.016642
-0.017323
-0.018377
-0.019217
-0.018800
-0.018772
-0.018720
-0.017933
-0.017778
-0.017533
-0.017056
-0.017009
-0.016935
-0.017055
-0.017710
-0.018496
-0.018795
-0.018510
-0.018200
-0.017924
-0.017714
-0.017720
-0.017813
-0.018240
-0.018484
-0.018214
-0.017859
-0.017514
-0.017250
-0.016940
-0.016626
-0.016877
-0.017207
-0.016722
-0.016145
-0.015605
-0.014894
-0.014681
-0.014509
-0.013753
-0.013150
-0.012929
-0.013133
-0.013846
-0.014139
-0.013922
-0.013936
-0.013681
-0.013060
-0.012659
-0.012096
-0.011707
-0.012099
-0.012920
-0.013443
-0.013865
-0.014388
-0.014760
-0.015054
-0.014891
-0.014919
-0.014924
-0.014437
-0.014603
-0.014957
-0.015158
-0.015025
-0.014833
-0.014857
-0.013797
-0.012379
-0.011172
-0.009940
-0.009217
-0.008330
-0.007770
-0.007940
-0.007788
-0.007524
-0.007514
-0.007619
-0.007674
-0.007679
-0.007924
-0.008325
-0.008239
-0.008058
-0.007987
-0.008161
-0.008637
-0.009110
-0.010154
-0.011238
-0.012251
-0.013522
-0.014488
-0.015086
-0.015421
-0.015195
-0.014521
-0.013988
-0.013127
-0.012006
-0.011596
-0.011578
-0.011351
-0.011506
-0.012191
-0.012906
-0.013530
-0.013536
-0.013638
-0.014065
-0.013680
-0.013257
-0.013435
-0.013355
-0.012798
-0.012475
-0.012128
-0.011559
-0.011481
-0.011571
-0.011715
-0.011510
-0.011117
-0.011262
-0.011304
-0.011836
-0.012625
-0.013020
-0.013571
-0.014224
-0.014829
-0.015065
-0.015297
-0.015415
-0.015710
-0.016186
-0.015834
-0.015118
-0.014201
-0.013367
-0.012880
-0.012539
-0.012259
-0.011551
-0.010968
-0.010192
-0.008796
-0.008306
-0.008096
-0.007105
-0.006290
-0.005790
-0.005565
-0.005307
-0.004737
-0.004693
-0.004875
-0.004665
-0.004629
-0.005185
-0.005030
-0.004494
-0.004873
-0.004812
-0.005110
-0.005700
-0.005944
-0.007259
-0.008038
-0.008303
-0.008636
-0.008029
-0.007588
-0.007467
-0.007057
-0.006702
-0.006862
-0.007517
-0.007525
-0.007333
-0.007665
-0.007399
-0.007390
-0.007159
-0.006179
-0.006196
-0.006405
-0.006513
-0.006850
-0.007082
-0.007432
-0.007969
-0.008422
-0.008490
-0.008012
-0.007231
-0.007128
-0.006929
-0.006354
-0.005884
-0.005251
-0.004492
-0.003905
-0.003596
-0.003083
-0.002866
-0.003607
-0.004340
-0.004733
-0.006005
-0.007327
-0.008179
-0.008838
-0.009181
-0.009384
-0.008986
-0.008191
-0.007642
-0.007736
-0.008291
-0.008677
-0.009176
-0.010078
-0.010423
-0.010330
-0.010125
-0.009686
-0.009378
-0.008809
-0.008124
-0.007067
-0.005767
-0.004804
-0.004432
-0.004437
-0.003519
-0.002787
-0.002298
-0.001131
-0.000153
-0.000031
-0.000201
0.000464
0.001083
0.002069
0.003472
0.003917
0.004302
0.005216
0.006038
0.006332
0.006529
0.007219
0.008027
0.007968
0.007791
0.008896
0.010001
0.010379
0.011053
0.011229
0.010762
0.010876
0.010801
0.010745
0.010966
0.011274
0.011732
0.011556
0.011612
0.011807
0.011856
0.012035
0.011589
0.011031
0.010897
0.011109
0.011537
0.012098
0.012459
0.011978
0.010733
0.009432
0.008711
0.008070
0.007307
0.006593
0.006172
0.005278
0.004025
0.003782
0.003214
0.002633
0.002497
0.002135
0.002053
0.002156
0.002671
0.003083
0.003276
0.004116
0.004496
0.004392
0.004704
0.004490
0.004613
0.005022
0.004836
0.004962
0.005118
0.004777
0.004125
0.003304
0.002286
0.001939
0.002079
0.001213
0.000308
-0.000015
-0.000548
-0.000884
-0.000699
-0.000487
-0.000746
-0.001372
-0.002232
-0.003165
-0.004241
-0.005161
-0.005764
-0.006270
-0.006089
-0.005744
-0.005642
-0.005298
-0.004903
-0.004374
-0.003363
-0.002704
-0.002552
-0.001924
-0.001871
-0.002247
-0.002473
-0.003565
-0.004383
-0.004481
-0.004628
-0.004570
-0.004403
-0.003920
-0.003147
-0.002865
-0.002560
-0.002636
-0.002720
-0.002588
-0.003011
-0.003096
-0.003378
-0.002959
-0.001979
-0.001871
-0.001767
-0.001918
-0.002397
-0.002772
-0.002755
-0.002400
-0.002465
-0.002994
-0.003535
-0.003504
-0.003347
-0.003551
-0.003972
-0.004555
-0.004879
-0.005060
-0.005250
-0.005226
-0.005505
-0.006177
-0.006119
-0.005546
-0.004965
-0.004156
-0.003223
-0.002210
-0.001291
-0.000640
-0.000517
-0.000830
-0.000773
-0.000579
-0.000839
-0.000989
-0.001187
-0.001889
-0.002131
-0.001446
-0.000693
0.000319
0.001586
0.002774
0.004403
0.005655
0.006395
0.007556
0.008106
0.007669
0.007236
0.006794
0.006351
0.006452
0.007135
0.007598
0.007711
0.007781
0.007154
0.006710
0.006949
0.007193
0.007635
0.008101
0.008447
0.008656
0.008753
0.008567
0.008507
0.008513
0.008095
0.007730
0.007381
0.007065
0.006848
0.006579
0.006308
0.006002
0.005499
0.004848
0.003949
0.003137
0.003096
0.003162
0.003512
0.004555
0.005196
0.005106
0.005023
0.005182
0.005326
0.005724
0.006469
0.007186
0.007799
0.008206
0.008619
0.008747
0.008281
0.007788
0.007492
0.007287
0.007486
0.008481
0.009797
0.011043
0.011773
0.011697
0.011477
0.010761
0.009598
0.008717
0.008230
0.008348
0.008601
0.009165
0.009977
0.010317
0.010362
0.010224
0.009558
0.008433
0.007077
0.005710
0.004908
0.004077
0.003213
0.002593
0.001782
0.001304
0.001008
0.001101
0.001737
0.001974
0.002255
0.002853
0.003326
0.003806
0.003675
0.002982
0.002174
0.001089
0.000414
0.000030
-0.000368
-0.000547
-0.000561
-0.000716
-0.001352
-0.002190
-0.003148
-0.004232
-0.005087
-0.005461
-0.005061
-0.004108
-0.002948
-0.001592
-0.000419
0.000801
0.001843
0.002577
0.003183
0.002863
0.002293
0.001724
0.000611
0.000077
0.000167
0.000865
0.002432
0.003982
0.005263
0.006096
0.006161
0.005895
0.005716
0.005811
0.005939
0.005346
0.004498
0.004755
0.005530
0.005555
0.005380
0.004593
0.003180
0.002020
0.000754
-0.000346
-0.001271
-0.002279
-0.002377
-0.001855
-0.001777
-0.001534
-0.001160
-0.001665
-0.002815
-0.003583
-0.003842
-0.004147
-0.004076
-0.003182
-0.002318
-0.001656
-0.000828
0.000120
0.001016
0.001483
0.002002
0.002885
0.003710
0.004504
0.004916
0.005354
0.005946
0.006037
0.006295
0.006655
0.007191
0.008033
0.008946
0.010156
0.011225
0.011857
0.011701
0.011138
0.010542
0.009294
0.007828
0.006961
0.006675
0.006440
0.006297
0.006424
0.006539
0.006868
0.007396
0.007797
0.007804
0.007552
0.007241
0.006654
0.006074
0.005198
0.004428
0.003873
0.003002
0.002318
0.001546
0.000782
0.000495
0.001008
0.002169
0.003241
0.003592
0.003793
0.004151
0.004366
0.005019
0.005644
0.005919
0.005960
0.005687
0.005288
0.004537
0.003296
0.001899
0.001302
0.001725
0.002051
0.002747
0.003754
0.004386
0.005448
0.006450
0.007009
0.006614
0.005389
0.004520
0.004072
0.004055
0.004118
0.004472
0.004859
0.004521
0.003521
0.002248
0.001014
-0.000432
-0.001847
-0.003102
-0.004078
-0.004500
-0.004777
-0.005103
-0.005091
-0.004685
-0.004090
-0.003537
-0.003200
-0.003113
-0.003543
-0.004665
-0.006160
-0.008046
-0.010164
-0.011854
-0.013361
-0.014178
-0.014215
-0.014485
-0.014531
-0.014417
-0.014362
-0.014128
-0.014137
-0.014314
-0.014265
-0.013835
-0.013443
-0.012911
-0.012222
-0.011705
-0.011078
-0.010751
-0.010901
-0.011158
-0.011318
-0.011292
-0.011294
-0.011503
-0.011471
-0.010956
-0.010274
-0.009793
-0.009381
-0.008876
-0.008679
-0.008826
-0.009088
-0.009170
-0.009092
-0.008969
-0.008530
-0.007768
-0.007084
-0.006543
-0.005970
-0.005763
-0.006015
-0.006394
-0.006613
-0.006696
-0.006717
-0.006881
-0.007443
-0.007492
-0.007051
-0.006698
-0.006068
-0.005006
-0.003587
-0.002195
-0.001172
-0.000225
0.000652
0.001148
0.001449
0.001637
0.001906
0.002223
0.002348
0.002477
0.002925
0.003697
0.004354
0.004428
0.004056
0.003472
0.002590
0.001564
0.000619
-0.000192
-0.001096
-0.002151
-0.003030
-0.003330
-0.003182
-0.002624
-0.001361
0.000227
0.001808
0.003129
0.003961
0.004139
0.003832
0.003257
0.002382
0.001750
0.001403
0.001343
0.001669
0.002159
0.003132
0.004164
0.004916
0.005668
0.006123
0.006396
0.006492
0.006439
0.006637
0.006961
0.007170
0.007470
0.007582
0.006993
0.006245
0.005333
0.004041
0.002799
0.001976
0.001624
0.001403
0.001563
0.002143
0.002568
0.002569
0.002210
0.001786
0.001521
0.001528
0.001615
0.001773
0.002094
0.002614
0.003233
0.003814
0.004518
0.005059
0.005469
0.005697
0.005529
0.005414
0.005104
0.004331
0.003671
0.003342
0.003205
0.003519
0.004517
0.006060
0.007941
0.009720
0.010797
0.010782
0.009930
0.008676
0.007141
0.005552
0.004276
0.003517
0.003228
0.003441
0.003985
0.004560
0.005161
0.005470
0.005388
0.004864
0.003429
0.001324
-0.000942
-0.003090
-0.004457
-0.005307
-0.006087
-0.006690
-0.007443
-0.008287
-0.009213
-0.010333
-0.011505
-0.012446
-0.013338
-0.013860
-0.013522
-0.012666
-0.011233
-0.009539
-0.008082
-0.007001
-0.006540
-0.006518
-0.006524
-0.006749
-0.007005
-0.007154
-0.007244
-0.006977
-0.006451
-0.005483
-0.003983
-0.002272
-0.000547
0.001206
0.002966
0.004544
0.005869
0.007144
0.008592
0.010232
0.011944
0.013581
0.014875
0.015424
0.015048
0.013947
0.012486
0.010818
0.009261
0.008006
0.006883
0.005784
0.004677
0.003638
0.002477
0.001514
0.001507
0.002222
0.003296
0.004316
0.004702
0.004190
0.002541
0.000025
-0.003262
-0.006764
-0.009553
-0.011234
-0.011226
-0.009615
-0.007191
-0.004578
-0.002120
-0.000429
-0.000166
-0.000933
-0.002374
-0.004261
-0.005434
-0.004985
-0.003260
-0.000774
0.002138
0.004776
0.006842
0.008137
0.008237
0.007305
0.005658
0.003241
0.000721
-0.001329
-0.002496
-0.002360
-0.001498
0.000153
0.002926
0.005938
0.008168
0.009667
0.010498
0.010759
0.010586
0.009600
0.008018
0.006108
0.004273
0.003050
0.002451
0.002378
0.002684
0.003264
0.003908
0.004630
0.005294
0.005330
0.004832
0.004123
0.003176
0.002318
0.002091
0.002513
0.003226
0.004145
0.005182
0.005987
0.006539
0.006792
0.006562
0.006035
0.005198
0.004100
0.003304
0.002901
0.003008
0.003711
0.004789
0.006221
0.007605
0.008450
0.008551
0.008210
0.007493
0.006157
0.004887
0.004272
0.004060
0.004178
0.004917
0.006042
0.006983
0.007761
0.008357
0.008272
0.007371
0.006042
0.004726
0.003704
0.003254
0.003547
0.003816
0.003778
0.003799
0.003403
0.002581
0.001463
0.000155
-0.001104
-0.002192
-0.002809
-0.002659
-0.001676
-0.000196
0.001697
0.003246
0.004030
0.004462
0.004290
0.003976
0.004382
0.004922
0.005212
0.005332
0.005153
0.004879
0.004574
0.004168
0.003703
0.003578
0.003476
0.003203
0.003034
0.002694
0.002005
0.001307
0.000953
0.000865
0.001125
0.001539
0.002156
0.003081
0.004188
0.005509
0.006336
0.006359
0.005630
0.004515
0.003676
0.003117
0.002677
0.002223
0.001614
0.000959
0.000487
-0.000024
-0.000620
-0.001159
-0.001462
-0.001218
-0.000470
0.000375
0.001076
0.001835
0.002308
0.002047
0.001594
0.001282
0.000905
0.000690
0.000556
0.000357
0.000313
0.000309
0.000138
-0.000433
-0.001396
-0.002583
-0.003953
-0.005226
-0.005970
-0.006309
-0.006131
-0.005377
-0.004575
-0.003909
-0.003340
-0.002831
-0.002267
-0.001655
-0.001160
-0.000817
-0.000754
-0.000869
-0.001286
-0.001962
-0.002386
-0.003079
-0.003825
-0.003917
-0.003925
-0.003692
-0.002899
-0.001863
-0.000966
-0.000157
0.000544
0.001018
0.001522
0.001843
0.002159
0.002688
0.003231
0.003648
0.003880
0.003869
0.003155
0.001678
-0.000024
-0.001865
-0.003416
-0.004163
-0.004486
-0.004425
-0.004141
-0.003774
-0.002887
-0.001885
-0.001291
-0.001036
-0.001017
-0.001249
-0.001472
-0.001574
-0.001628
-0.001530
-0.001386
-0.001493
-0.001708
-0.001814
-0.001913
-0.001808
-0.001427
-0.000960
-0.000625
-0.000514
-0.000855
-0.001397
-0.001742
-0.001693
-0.001282
-0.000944
-0.000756
-0.000822
-0.000877
-0.000763
-0.000579
-0.000294
-0.000184
-0.000077
0.000277
0.000667
0.001019
0.001071
0.000742
0.000301
-0.000275
-0.001050
-0.001942
-0.002684
-0.003173
-0.003616
-0.003909
-0.003883
-0.003823
-0.003674
-0.003455
-0.003345
-0.003013
-0.002457
-0.001760
-0.000762
0.000448
0.001673
0.002773
0.003293
0.002915
0.001846
0.000293
-0.001516
-0.003300
-0.004796
-0.005813
-0.006318
-0.006413
-0.006269
-0.006194
-0.006093
-0.005681
-0.005395
-0.005239
-0.005025
-0.005033
-0.005223
-0.005385
-0.005428
-0.005462
-0.005468
-0.005179
-0.004737
-0.004371
-0.004001
-0.003743
-0.003778
-0.004031
-0.004409
-0.005191
-0.006301
-0.007265
-0.007701
-0.007204
-0.006045
-0.004545
-0.003013
-0.001924
-0.001052
-0.000348
-0.000169
-0.000226
0.000087
0.000682
0.001291
0.001790
0.001898
0.001482
0.000983
0.000983
0.001291
0.001696
0.002070
0.002383
0.002975
0.003799
0.004566
0.005222
0.005469
0.005227
0.005117
0.005110
0.004994
0.004777
0.004411
0.004005
0.003607
0.003346
0.003127
0.002815
0.002577
0.002544
0.002630
0.002793
0.002799
0.002819
0.003249
0.003713
0.004236
0.004807
0.004787
0.004241
0.003539
0.002562
0.001533
0.000859
0.000505
0.000662
0.001286
0.001905
0.002350
0.002448
0.002072
0.001613
0.001329
0.001116
0.001118
0.001247
0.001427
0.001541
0.001415
0.001233
0.001109
0.001184
0.001423
0.001922
0.002681
0.003402
0.003970
0.004471
0.004678
0.004568
0.004276
0.003554
0.002754
0.002131
0.001684
0.001647
0.002174
0.002942
0.003703
0.004495
0.005081
0.005274
0.005012
0.004335
0.003336
0.002251
0.001498
0.000946
0.000317
-0.000191
-0.000284
0.000233
0.001033
0.001538
0.001333
0.000697
0.000030
-0.000445
-0.000691
-0.001092
-0.001525
-0.001832
-0.002213
-0.002409
-0.002314
-0.002266
-0.001864
-0.001148
-0.000690
-0.000400
-0.000078
0.000429
0.000994
0.001712
0.002690
0.003604
0.004141
0.004174
0.004176
0.004359
0.004512
0.004838
0.005163
0.005167
0.005130
0.005059
0.004776
0.004480
0.004205
0.003984
0.004170
0.004559
0.004904
0.005318
0.005400
0.005041
0.004424
0.003768
0.003126
0.002657
0.002626
0.002568
0.002517
0.002468
0.002248
0.001960
0.001537
0.001125
0.000709
0.000506
0.000785
0.000981
0.001318
0.002066
0.002451
0.002708
0.003120
0.003304
0.003169
0.002694
0.002209
0.001956
0.001967
0.002392
0.002887
0.003197
0.003115
0.002197
0.000334
-0.001918
-0.003754
-0.004892
-0.005158
-0.004549
-0.003224
-0.001428
0.000479
0.002200
0.003281
0.003675
0.003764
0.003635
0.003173
0.002644
0.002548
0.002926
0.003423
0.003845
0.004084
0.003966
0.003622
0.003519
0.003597
0.003673
0.003794
0.003667
0.003564
0.003681
0.003620
0.003444
0.003308
0.003228
0.003155
0.003140
0.003086
0.002628
0.001901
0.001067
0.000284
-0.000395
-0.001160
-0.001898
-0.002258
-0.001749
-0.000510
0.001018
0.002256
0.002471
0.001861
0.000878
-0.000315
-0.001540
-0.002636
-0.003432
-0.003782
-0.003845
-0.003788
-0.003674
-0.003673
-0.003953
-0.004711
-0.005552
-0.006035
-0.006348
-0.006269
-0.005644
-0.004994
-0.004557
-0.004289
-0.004291
-0.004501
-0.004708
-0.004678
-0.004414
-0.004180
-0.003985
-0.003720
-0.003560
-0.003464
-0.003063
-0.002550
-0.002182
-0.001777
-0.001609
-0.001715
-0.001526
-0.001247
-0.001121
-0.000871
-0.000495
-0.000176
0.000053
-0.000109
-0.000757
-0.001470
-0.001725
-0.001611
-0.001196
-0.000141
0.000973
0.002046
0.003133
0.003851
0.004095
0.003838
0.003117
0.002247
0.001505
0.000540
-0.000392
-0.000899
-0.001507
-0.002340
-0.003123
-0.003873
-0.004825
-0.005712
-0.006146
-0.006252
-0.005911
-0.005201
-0.004321
-0.003688
-0.003779
-0.004227
-0.004702
-0.005135
-0.005420
-0.005523
-0.005385
-0.005073
-0.004725
-0.004582
-0.004732
-0.004908
-0.005141
-0.005428
-0.005686
-0.005944
-0.006132
-0.006050
-0.005449
-0.004499
-0.003268
-0.002214
-0.001829
-0.001882
-0.002210
-0.002597
-0.002813
-0.002888
-0.002777
-0.002648
-0.002665
-0.002560
-0.002512
-0.002742
-0.003257
-0.003559
-0.003428
-0.003314
-0.003075
-0.002523
-0.001710
-0.000694
0.000389
0.001315
0.002035
0.002505
0.002493
0.002079
0.001442
0.000696
0.000101
-0.000571
-0.001193
-0.001316
-0.001147
-0.000773
-0.000235
0.000339
0.000987
0.001863
0.002982
0.003957
0.004668
0.005534
0.006397
0.007128
0.007869
0.008262
0.008461
0.008670
0.008732
0.008836
0.009171
0.009480
0.009506
0.009397
0.009118
0.008629
0.007988
0.007273
0.006647
0.006179
0.005912
0.005914
0.006135
0.006332
0.006477
0.006565
0.006328
0.005672
0.004841
0.003967
0.002905
0.001768
0.000825
0.000199
0.000026
0.000180
0.000537
0.001170
0.001678
0.001748
0.001852
0.002007
0.001731
0.001323
0.001001
0.000695
0.000424
0.000050
-0.000495
-0.001136
-0.001725
-0.002301
-0.002733
-0.003010
-0.003376
-0.004059
-0.004987
-0.005660
-0.006058
-0.006138
-0.005987
-0.006004
-0.005895
-0.005351
-0.004713
-0.004273
-0.003877
-0.003453
-0.003332
-0.003493
-0.003723
-0.004090
-0.004258
-0.004080
-0.003485
-0.002620
-0.002013
-0.001551
-0.001152
-0.000901
-0.000729
-0.000741
-0.000824
-0.000874
-0.001093
-0.001376
-0.001584
-0.001753
-0.001852
-0.001666
-0.001151
-0.000582
0.000058
0.000539
0.000477
0.000012
-0.001009
-0.002345
-0.003464
-0.004374
-0.004837
-0.004887
-0.004466
-0.003639
-0.002989
-0.002361
-0.001979
-0.002153
-0.002666
-0.003586
-0.004519
-0.005170
-0.005409
-0.005156
-0.004661
-0.003786
-0.002584
-0.001592
-0.001092
-0.000922
-0.001005
-0.001264
-0.001374
-0.001445
-0.001518
-0.001418
-0.001281
-0.001132
-0.000909
-0.000555
-0.000269
-0.000213
-0.000225
-0.000269
-0.000446
-0.000495
-0.000311
-0.000244
-0.000415
-0.000925
-0.001617
-0.002180
-0.002401
-0.002117
-0.001582
-0.001013
-0.000669
-0.000955
-0.001808
-0.002915
-0.004127
-0.005282
-0.006370
-0.007482
-0.008240
-0.008354
-0.007576
-0.006217
-0.004326
-0.002210
-0.000453
0.000607
0.000872
0.000492
-0.000144
-0.000948
-0.001797
-0.002522
-0.003232
-0.003730
-0.003946
-0.004004
-0.003881
-0.003719
-0.003539
-0.003320
-0.003066
-0.002845
-0.002681
-0.002424
-0.002127
-0.001836
-0.001482
-0.001093
-0.000658
-0.000261
-0.000181
-0.000302
-0.000338
-0.000233
-0.000055
0.000112
0.000036
-0.000200
-0.000238
-0.000217
-0.000251
-0.000226
-0.000255
-0.000434
-0.000659
-0.000922
-0.001206
-0.001586
-0.001964
-0.002129
-0.001960
-0.001368
-0.000503
0.000461
0.001231
0.001580
0.001448
0.001154
0.001133
0.001387
0.001633
0.001656
0.001557
0.001279
0.000846
0.000458
0.000043
-0.000306
-0.000416
-0.000500
-0.000785
-0.001371
-0.002283
-0.003278
-0.004074
-0.004668
-0.005215
-0.005464
-0.005058
-0.004033
-0.002612
-0.001331
-0.000816
-0.001084
-0.001645
-0.002018
-0.002093
-0.002005
-0.001918
-0.001912
-0.001939
-0.002004
-0.002062
-0.002148
-0.002290
-0.002479
-0.002617
-0.002517
-0.002248
-0.002067
-0.002038
-0.001874
-0.001383
-0.000686
-0.000278
-0.000436
-0.000838
-0.000976
-0.000721
-0.000312
0.000249
0.000857
0.001353
0.001582
0.001404
0.000972
0.000417
-0.000256
-0.000977
-0.001492
-0.001513
-0.001090
-0.000421
0.000380
0.001128
0.001834
0.002401
0.002521
0.002334
0.002060
0.001769
0.001526
0.001209
0.000775
0.000283
-0.000201
-0.000540
-0.000685
-0.000611
-0.000286
0.000283
0.001036
0.001760
0.002213
0.002175
0.001465
0.000361
-0.000790
-0.001868
-0.002608
-0.002702
-0.002096
-0.001252
-0.000659
-0.000448
-0.000536
-0.000691
-0.000834
-0.001018
-0.001115
-0.000806
0.000082
0.001261
0.002317
0.003070
0.003452
0.003420
0.003024
0.002340
0.001511
0.000849
0.000592
0.000727
0.001033
0.001343
0.001570
0.001571
0.001381
0.001110
0.000856
0.000844
0.001116
0.001482
0.001810
0.002085
0.002342
0.002596
0.002792
0.002722
0.002366
0.001779
0.000904
-0.000235
-0.001516
-0.002466
-0.002937
-0.003113
-0.002954
-0.002692
-0.002625
-0.002691
-0.002781
-0.002912
-0.003013
-0.003049
-0.003129
-0.003187
-0.002996
-0.002419
-0.001529
-0.000652
-0.000226
-0.000277
-0.000651
-0.001100
-0.001309
-0.001416
-0.001558
-0.001855
-0.002250
-0.002177
-0.001409
-0.000179
0.000889
0.001031
0.000190
-0.001103
-0.002038
-0.002119
-0.001505
-0.000291
0.001496
0.003380
0.004403
0.003700
0.001355
-0.001655
-0.004170
-0.005502
-0.005701
-0.005106
-0.004136
-0.003082
-0.001981
-0.000709
0.000695
0.001888
0.002393
0.001992
0.001161
0.000507
0.000259
0.000344
0.000720
0.001365
0.002250
0.003359
0.004430
0.005160
0.005313
0.004820
0.003957
0.003219
0.003076
0.003535
0.004247
0.004969
0.005448
0.005485
0.005058
0.004381
0.003953
0.004022
0.004474
0.005091
0.005519
0.005573
0.005283
0.004674
0.003947
0.003408
0.003318
0.003615
0.004048
0.004481
0.004732
0.004717
0.004363
0.003694
0.003119
0.003039
0.003481
0.004212
0.004790
0.004770
0.004186
0.003402
0.002693
0.002084
0.001553
0.001148
0.000845
0.000710
0.000850
0.001086
0.001138
0.000960
0.000643
0.000399
0.000406
0.000525
0.000564
0.000493
0.000399
0.000441
0.000619
0.000892
0.001117
0.001196
0.001285
0.001420
0.001590
0.001829
0.002071
0.002174
0.002052
0.001681
0.001067
0.000332
-0.000345
-0.000704
-0.000547
0.000000
0.000575
0.000714
0.000221
-0.000649
-0.001550
-0.002216
-0.002463
-0.002296
-0.001884
-0.001505
-0.001407
-0.001685
-0.002262
-0.002907
-0.003364
-0.003383
-0.002899
-0.002143
-0.001312
-0.000471
0.000280
0.000774
0.000826
0.000435
-0.000120
-0.000609
-0.000866
-0.000776
-0.000501
-0.000193
0.000160
0.000584
0.001068
0.001552
0.001883
0.001924
0.001766
0.001596
0.001536
0.001559
0.001564
0.001498
0.001356
0.001108
0.000746
0.000423
0.000344
0.000555
0.000797
0.000865
0.000798
0.000704
0.000706
0.000794
0.000856
0.000726
0.000316
-0.000239
-0.000690
-0.000846
-0.000674
-0.000260
0.000233
0.000627
0.000842
0.000853
0.000684
0.000451
0.000258
0.000059
-0.000227
-0.000523
-0.000809
-0.001013
-0.001007
-0.000861
-0.000665
-0.000549
-0.000564
-0.000597
-0.000592
-0.000541
-0.000506
-0.000583
-0.000790
-0.001115
-0.001445
-0.001642
-0.001688
-0.001570
-0.001312
-0.001061
-0.000912
-0.000842
-0.000773
-0.000619
-0.000409
-0.000213
-0.000090
-0.000075
-0.000036
0.000130
0.000371
0.000580
0.000718
0.000755
0.000710
0.000682
0.000708
0.000712
0.000616
0.000464
0.000328
0.000291
0.000383
0.000512
0.000637
0.000738
0.000726
0.000556
0.000340
0.000194
0.000104
0.000028
-0.000063
-0.000213
-0.000400
-0.000561
-0.000681
-0.000786
-0.000921
-0.001103
-0.001253
-0.001314
-0.001310
-0.001255
-0.001149
-0.000990
-0.000794
-0.000659
-0.000614
-0.000630
-0.000684
-0.000737
-0.000797
-0.000778
-0.000576
-0.000182
0.000305
0.000714
0.000983
0.001142
0.001162
0.000994
0.000659
0.000203
-0.000261
-0.000566
-0.000601
-0.000352
0.000058
0.000459
0.000705
0.000714
0.000534
0.000255
-0.000054
-0.000305
-0.000443
-0.000448
-0.000264
0.000058
0.000388
0.000646
0.000765
0.000763
0.000632
0.000390
0.000117
-0.000164
-0.000389
-0.000482
-0.000436
-0.000320
-0.000219
-0.000173
-0.000169
-0.000197
-0.000233
-0.000269
-0.000344
-0.000469
-0.000622
-0.000764
-0.000861
-0.000897
-0.000897
-0.000884
-0.000832
-0.000762
-0.000711
-0.000696
-0.000731
-0.000798
-0.000841
-0.000810
-0.000707
-0.000582
-0.000507
-0.000495
-0.000528
-0.000595
-0.000650
-0.000671
-0.000654
-0.000556
-0.000416
-0.000304
-0.000241
-0.000237
-0.000269
-0.000344
-0.000465
-0.000580
-0.000648
-0.000640
-0.000548
-0.000408
-0.000272
-0.000187
-0.000176
-0.000209
-0.000245
-0.000274
-0.000310
-0.000361
-0.000432
-0.000507
-0.000556
-0.000564
-0.000551
-0.000531
-0.000504
-0.000490
-0.000517
-0.000583
-0.000643
-0.000662
-0.000626
-0.000537
-0.000440
-0.000365
-0.000324
-0.000318
-0.000332
-0.000359
-0.000399
-0.000442
-0.000479
-0.000499
-0.000499
-0.000475
-0.000448
-0.000450
-0.000482
-0.000522
-0.000543
-0.000534
-0.000507
-0.000471
-0.000436
-0.000423
-0.000444
-0.000503
-0.000585
-0.000659
-0.000691
-0.000692
-0.000678
-0.000647
-0.000599
-0.000552
-0.000525
-0.000512
-0.000495
-0.000468
-0.000441
-0.000435
-0.000452
-0.000475
-0.000487
-0.000489
-0.000471
-0.000436
-0.000400
-0.000367
-0.000336
-0.000317
-0.000312
-0.000298
-0.000273
-0.000245
-0.000209
-0.000165
-0.000133
-0.000113
-0.000103
-0.000100
-0.000101
-0.000105
-0.000105
-0.000100
-0.000090
-0.000069
-0.000042
-0.000018
-0.000001
0.000010
0.000022
0.000036
0.000054
0.000078
0.000097
0.000116
0.000133
0.000145
0.000157
0.000176
0.000193
0.000206
0.000210
0.000205
0.000193
0.000177
0.000169
0.000169
0.000171
0.000174
0.000173
0.000170
0.000170
0.000167
0.000160
0.000152
0.000141
0.000129
0.000121
0.000113
0.000107
0.000096
0.000077
0.000058
0.000046
0.000041
0.000046
0.000065
0.000098
0.000144
0.000200
0.000258
0.000307
0.000340
0.000352
0.000344
0.000320
0.000281
0.000230
0.000177
0.000127
0.000086
0.000056
0.000043
0.000049
0.000068
0.000094
0.000121
0.000147
0.000169
0.000181
0.000182
0.000176
0.000167
0.000158
0.000153
0.000153
0.000160
0.000169
0.000178
0.000186
0.000189
0.000186
0.000181
0.000173
0.000163
0.000153
0.000145
0.000140
0.000138
0.000141
0.000146
0.000153
0.000159
0.000163
0.000164
0.000163
0.000160
0.000156
0.000152
0.000148
0.000145
0.000144
0.000143
0.000143
0.000143
0.000144
0.000144
0.000145
0.000145
0.000145
0.000145
0.000145
0.000145
0.000145
0.000145
0.000145
0.000145
0.000145
0.000145
0.000145
0.000145
0.000144
0.000144
0.000143
0.000143
0.000143
0.000143
0.000143
0.000143
0.000143
0.000143
0.000143
0.000143
0.000143
0.000142
0.000142
0.000142
0.000143
0.000143
0.000143
0.000143
0.000143
