0.000000
-0.005439
-0.003255
0.000968
0.000968
0.001040
0.001062
0.001069
0.001074
0.001081
0.001087
0.001095
0.001102
0.001108
0.001112
0.001117
0.001120
0.001117
0.001109
0.001097
0.001087
0.001083
0.001085
0.001086
0.001088
0.001087
0.001084
0.001078
0.001070
0.001057
0.001038
0.001013
0.000986
0.000966
0.000954
0.000941
0.000918
0.000886
0.000849
0.000813
0.000782
0.000773
0.000795
0.000833
0.000871
0.000901
0.000910
0.000898
0.000879
0.000865
0.000852
0.000827
0.000794
0.000761
0.000742
0.000745
0.000755
0.000750
0.000717
0.000672
0.000641
0.000629
0.000645
0.000719
0.000851
0.000991
0.001080
0.001087
0.001025
0.000940
0.000867
0.000808
0.000771
0.000776
0.000805
0.000817
0.000788
0.000735
0.000685
0.000647
0.000621
0.000617
0.000633
0.000653
0.000670
0.000690
0.000720
0.000757
0.000787
0.000780
0.000719
0.000647
0.000613
0.000629
0.000668
0.000691
0.000696
0.000697
0.000706
0.000723
0.000738
0.000754
0.000774
0.000797
0.000822
0.000851
0.000883
0.000913
0.000911
0.000838
0.000723
0.000657
0.000670
0.000703
0.000707
0.000690
0.000676
0.000671
0.000651
0.000598
0.000522
0.000439
0.000363
0.000293
0.000219
0.000144
0.000095
0.000151
0.000362
0.000627
0.000782
0.000760
0.000630
0.000559
0.000695
0.001058
0.001517
0.001850
0.001878
0.001587
0.001155
0.000804
0.000624
0.000567
0.000513
0.000396
0.000251
0.000128
0.000028
-0.000062
-0.000089
0.000030
0.000259
0.000424
0.000390
0.000274
0.000316
0.000535
0.000765
0.000893
0.000886
0.000746
0.000551
0.000437
0.000501
0.000694
0.000900
0.001100
0.001229
0.001088
0.000685
0.000261
-0.000054
-0.000278
-0.000402
-0.000382
-0.000240
-0.000052
0.000180
0.000552
0.001108
0.001728
0.002205
0.002293
0.001845
0.001076
0.000330
-0.000391
-0.001159
-0.001726
-0.001798
-0.001415
-0.000897
-0.000615
-0.000738
-0.001082
-0.001358
-0.001500
-0.001550
-0.001443
-0.001158
-0.000815
-0.000503
-0.000196
0.000152
0.000548
0.000939
0.001208
0.001316
0.001377
0.001479
0.001605
0.001702
0.001743
0.001696
0.001420
0.000813
0.000055
-0.000429
-0.000311
0.000209
0.000553
0.000383
-0.000108
-0.000537
-0.000787
-0.000940
-0.000939
-0.000715
-0.000391
-0.000096
0.000172
0.000485
0.000864
0.001209
0.001290
0.000995
0.000521
0.000090
-0.000245
-0.000418
-0.000369
-0.000197
-0.000052
0.000046
0.000154
0.000315
0.000525
0.000826
0.001299
0.001904
0.002533
0.003092
0.003259
0.002720
0.001743
0.000911
0.000491
0.000284
-0.000016
-0.000471
-0.000930
-0.001281
-0.001572
-0.001702
-0.001158
0.000526
0.002935
0.004572
0.004067
0.001913
-0.000041
-0.000554
0.000232
0.001271
0.001737
0.001648
0.001303
0.000779
0.000133
-0.000450
-0.000816
-0.000935
-0.000744
-0.000139
0.000748
0.001642
0.002419
0.003177
0.003995
0.004623
0.004728
0.004385
0.003998
0.003777
0.003583
0.003230
0.002754
0.002168
0.001236
-0.000108
-0.001521
-0.002593
-0.003002
-0.002446
-0.001014
0.000626
0.002002
0.003235
0.004445
0.005308
0.005349
0.004483
0.003100
0.001751
0.000761
0.000178
-0.000014
0.000083
0.000200
0.000178
0.000092
0.000041
0.000072
0.000145
0.000132
-0.000022
-0.000169
0.000099
0.001061
0.002455
0.003605
0.003956
0.003750
0.003640
0.003832
0.004061
0.003964
0.003124
0.001227
-0.001406
-0.003898
-0.005610
-0.006490
-0.006765
-0.006796
-0.006875
-0.007007
-0.006941
-0.006283
-0.004612
-0.001863
0.001269
0.004024
0.006072
0.007152
0.007060
0.005988
0.004548
0.003201
0.001964
0.001009
0.001011
0.002338
0.004140
0.004492
0.002262
-0.001347
-0.004327
-0.005934
-0.006373
-0.005871
-0.004804
-0.003562
-0.002196
-0.001227
-0.001520
-0.002786
-0.003896
-0.004204
-0.003567
-0.002088
-0.000247
0.001354
0.002512
0.003404
0.004156
0.004726
0.004863
0.004332
0.003217
0.001721
0.000141
-0.000875
0.000111
0.004409
0.011249
0.017352
0.018750
0.014886
0.009459
0.005759
0.004287
0.004104
0.004279
0.004348
0.003495
0.000619
-0.003977
-0.008592
-0.011329
-0.010219
-0.005111
0.001214
0.006206
0.009066
0.009866
0.009271
0.007955
0.006390
0.005001
0.004144
0.003939
0.004195
0.004547
0.004798
0.005092
0.005709
0.006439
0.005988
0.003403
-0.000304
-0.003234
-0.004199
-0.002993
-0.000325
0.002591
0.005083
0.007227
0.009091
0.010675
0.012205
0.013876
0.015494
0.016585
0.016007
0.011508
0.001621
-0.011743
-0.023760
-0.030043
-0.030334
-0.027612
-0.023044
-0.015425
-0.005397
0.003426
0.008380
0.010958
0.014223
0.018979
0.024680
0.033976
0.050861
0.069941
0.076173
0.059410
0.026344
-0.002760
-0.012967
-0.008952
-0.005664
-0.009479
-0.015096
-0.015238
-0.006474
0.007708
0.015051
0.005397
-0.015366
-0.030944
-0.032365
-0.023085
-0.009773
0.003281
0.013631
0.021843
0.031616
0.049710
0.091996
0.149601
0.143005
0.033713
-0.069670
-0.075449
-0.049836
-0.081620
-0.140722
-0.146780
-0.082153
0.004197
0.056701
0.064245
0.051184
0.038891
0.033938
0.031918
0.022556
0.003452
-0.012048
-0.007425
0.027926
0.090996
0.138999
0.125826
0.082949
0.059248
0.030269
-0.027410
-0.072588
-0.066605
-0.026998
0.003205
0.006357
-0.002007
-0.005829
-0.007990
-0.015743
-0.025472
-0.029572
-0.027379
-0.020241
0.003375
0.057304
0.125775
0.172384
0.176615
0.140159
0.074179
-0.002571
-0.060889
-0.083070
-0.080243
-0.066174
-0.045548
-0.025883
-0.012269
-0.002279
0.007869
0.016820
0.019288
0.012679
-0.000756
-0.015565
-0.024635
-0.021467
-0.002158
0.028667
0.055649
0.067500
0.066174
0.057150
0.041776
0.019770
-0.003248
-0.017305
-0.019511
-0.015230
-0.009311
-0.001762
0.008405
0.018565
0.023234
0.017674
0.000585
-0.023079
-0.041339
-0.044882
-0.035832
-0.020923
-0.006451
0.000492
-0.003403
-0.015556
-0.029803
-0.038627
-0.037831
-0.028067
-0.013151
0.001782
0.014498
0.025966
0.036668
0.044942
0.046925
0.040100
0.027379
0.014243
0.004341
0.002822
0.015892
0.041241
0.067773
0.082229
0.075276
0.047791
0.012692
-0.012876
-0.021728
-0.016607
-0.000412
0.020870
0.034078
0.031476
0.017657
-0.000528
-0.018266
-0.029960
-0.033629
-0.032788
-0.028823
-0.020728
-0.010368
-0.001141
0.005591
0.009668
0.010965
0.010833
0.011115
0.011919
0.012804
0.014257
0.017685
0.025152
0.035575
0.044282
0.046194
0.037741
0.015902
-0.014707
-0.036187
-0.037594
-0.024588
-0.001989
0.028556
0.054711
0.062112
0.050009
0.026670
-0.001113
-0.029322
-0.054222
-0.071677
-0.077159
-0.070677
-0.054300
-0.028460
0.002201
0.030407
0.051951
0.065881
0.069790
0.054431
0.019352
-0.012218
-0.019637
-0.007109
0.009385
0.019413
0.021413
0.017020
0.008308
-0.001379
-0.007141
-0.003500
0.014752
0.044836
0.071277
0.079591
0.067895
0.045054
0.022356
0.007849
0.005133
0.009773
0.013988
0.015030
0.013850
0.009171
0.000515
-0.008579
-0.016509
-0.023790
-0.030021
-0.033891
-0.035697
-0.036724
-0.036816
-0.035376
-0.031679
-0.026283
-0.021348
-0.017231
-0.012377
-0.006858
-0.001758
0.001934
0.003391
0.003997
0.006938
0.014926
0.028213
0.040670
0.044105
0.039807
0.035240
0.034530
0.037517
0.041032
0.040365
0.030701
0.010239
-0.016073
-0.039756
-0.053115
-0.053095
-0.043030
-0.028477
-0.015554
-0.008742
-0.005982
-0.001799
0.007073
0.020761
0.036704
0.051748
0.059573
0.053246
0.032397
0.004108
-0.017805
-0.022452
-0.010567
0.009500
0.026380
0.033133
0.028428
0.012982
-0.007918
-0.026992
-0.037959
-0.037400
-0.026559
-0.008139
0.018032
0.053154
0.087181
0.098329
0.078060
0.039996
0.002145
-0.021972
-0.029810
-0.033792
-0.044791
-0.060069
-0.072771
-0.080955
-0.085481
-0.086000
-0.077955
-0.054620
-0.017158
0.020247
0.041567
0.042160
0.027523
0.002359
-0.028620
-0.056587
-0.076418
-0.086174
-0.086753
-0.083677
-0.081759
-0.081393
-0.078393
-0.068573
-0.049491
-0.022786
0.005145
0.025692
0.032578
0.028116
0.019958
0.014049
0.012379
0.014328
0.021764
0.039457
0.061964
0.073643
0.067970
0.052705
0.038489
0.028701
0.018714
0.005641
-0.008150
-0.019316
-0.024972
-0.026024
-0.026963
-0.030826
-0.038885
-0.052351
-0.067789
-0.077356
-0.077282
-0.072121
-0.068821
-0.071161
-0.078898
-0.083894
-0.076741
-0.055910
-0.026270
0.006482
0.041273
0.080561
0.121748
0.155529
0.175641
0.173714
0.143187
0.094728
0.041931
-0.007733
-0.045138
-0.062878
-0.057516
-0.033947
-0.007532
0.012420
0.029653
0.048400
0.065294
0.073533
0.068264
0.049673
0.023333
-0.001464
-0.016063
-0.017843
-0.012438
-0.007523
-0.008867
-0.019695
-0.035166
-0.050667
-0.062757
-0.068021
-0.071046
-0.075921
-0.081059
-0.083205
-0.078002
-0.065012
-0.050008
-0.041401
-0.043101
-0.049312
-0.055638
-0.063119
-0.072388
-0.082498
-0.092273
-0.100465
-0.101462
-0.090500
-0.066222
-0.032295
0.002537
0.032319
0.054009
0.070109
0.084152
0.092900
0.094950
0.089923
0.073255
0.041254
-0.002243
-0.043671
-0.073831
-0.092433
-0.098712
-0.095387
-0.088748
-0.079975
-0.069100
-0.056835
-0.046699
-0.046162
-0.059606
-0.086172
-0.115491
-0.136119
-0.143745
-0.135187
-0.107691
-0.062695
-0.012847
0.020988
0.026328
0.009635
-0.012344
-0.030830
-0.043490
-0.048901
-0.050856
-0.055937
-0.066784
-0.079347
-0.085902
-0.085501
-0.085248
-0.088462
-0.093236
-0.097414
-0.099545
-0.092735
-0.072038
-0.043254
-0.018843
-0.006874
-0.004391
-0.008424
-0.016617
-0.022646
-0.019625
-0.005264
0.015727
0.035119
0.045290
0.047325
0.048665
0.052532
0.056428
0.053574
0.039969
0.017064
-0.010864
-0.040804
-0.070137
-0.093873
-0.112734
-0.130497
-0.145766
-0.154546
-0.157707
-0.158975
-0.157196
-0.150080
-0.136958
-0.120217
-0.105785
-0.098017
-0.098809
-0.107949
-0.123620
-0.143825
-0.163649
-0.176003
-0.177448
-0.171400
-0.166069
-0.166833
-0.175095
-0.189996
-0.206932
-0.217263
-0.207721
-0.168404
-0.101695
-0.019678
0.057072
0.103174
0.104884
0.066198
0.004093
-0.055950
-0.090258
-0.091380
-0.075181
-0.063084
-0.061173
-0.065938
-0.074149
-0.082934
-0.091605
-0.102239
-0.114007
-0.126154
-0.138637
-0.144824
-0.142785
-0.131999
-0.111265
-0.088946
-0.070920
-0.059796
-0.058563
-0.061663
-0.063410
-0.065296
-0.067293
-0.067389
-0.066999
-0.073249
-0.089565
-0.109526
-0.118976
-0.109637
-0.086834
-0.062320
-0.046919
-0.040346
-0.037577
-0.032501
-0.022589
-0.010182
0.005349
0.022610
0.037381
0.048828
0.056847
0.057399
0.050204
0.040518
0.033451
0.028793
0.021149
0.007304
-0.011551
-0.032572
-0.050322
-0.060613
-0.067101
-0.073707
-0.080275
-0.087086
-0.093955
-0.099467
-0.105729
-0.114357
-0.123006
-0.133068
-0.146796
-0.163300
-0.179298
-0.191080
-0.194651
-0.188591
-0.179253
-0.171167
-0.166941
-0.168036
-0.170736
-0.170592
-0.165150
-0.154854
-0.143351
-0.135395
-0.131021
-0.123552
-0.105966
-0.074541
-0.033942
0.001314
0.023876
0.035854
0.041737
0.043649
0.042408
0.039981
0.037110
0.035568
0.034347
0.033150
0.033184
0.032811
0.031396
0.030110
0.026830
0.018813
0.006679
-0.006330
-0.013150
-0.013439
-0.013886
-0.016151
-0.020991
-0.030458
-0.043176
-0.056944
-0.070015
-0.078089
-0.081947
-0.085221
-0.088716
-0.094396
-0.102603
-0.112180
-0.121790
-0.130117
-0.136834
-0.142129
-0.146459
-0.150115
-0.151477
-0.149904
-0.147729
-0.144718
-0.139776
-0.131752
-0.119210
-0.103533
-0.085783
-0.069997
-0.059332
-0.053773
-0.053434
-0.053254
-0.050281
-0.046251
-0.038995
-0.024977
-0.004226
0.018668
0.038039
0.053164
0.066335
0.077671
0.085383
0.087403
0.084299
0.080601
0.079335
0.079340
0.079005
0.078194
0.077295
0.076505
0.073575
0.069713
0.067479
0.065781
0.066733
0.070755
0.076873
0.086696
0.099341
0.113181
0.128322
0.141787
0.152848
0.162832
0.170372
0.177404
0.184463
0.190155
0.197248
0.205435
0.213289
0.223874
0.235197
0.244652
0.252126
0.253966
0.249302
0.243372
0.240701
0.242375
0.248771
0.257148
0.265899
0.275910
0.286298
0.295429
0.300000
0.297494
0.286073
0.266324
0.240830
0.213657
0.186940
0.160354
0.136182
0.114683
0.098337
0.089344
0.085447
0.085115
0.085113
0.083544
0.082462
0.080589
0.076425
0.069917
0.060880
0.052935
0.048949
0.046676
0.044861
0.044461
0.042839
0.041860
0.043309
0.044157
0.045474
0.046510
0.048209
0.049645
0.050103
0.052672
0.054942
0.058036
0.061340
0.064485
0.069356
0.073233
0.076067
0.079306
0.083936
0.087086
0.087238
0.086550
0.084867
0.082831
0.081539
0.080202
0.079708
0.082320
0.086196
0.089694
0.090963
0.088068
0.082367
0.076567
0.072344
0.068016
0.063871
0.062185
0.059834
0.057880
0.058163
0.057321
0.056807
0.056530
0.057166
0.058972
0.061536
0.067827
0.076888
0.085395
0.094383
0.104346
0.114644
0.124894
0.131940
0.136148
0.138495
0.137918
0.137752
0.138737
0.138038
0.137342
0.136679
0.135280
0.132610
0.130546
0.128811
0.125430
0.123467
0.121872
0.117750
0.110795
0.103168
0.095726
0.087921
0.081405
0.077412
0.073245
0.067735
0.062110
0.056859
0.052281
0.046184
0.040193
0.034930
0.031009
0.028611
0.024219
0.020879
0.017870
0.011073
0.003908
-0.002757
-0.009544
-0.015467
-0.021558
-0.025533
-0.027920
-0.030779
-0.031695
-0.028483
-0.022653
-0.017366
-0.009648
0.001652
0.012369
0.026127
0.044889
0.064339
0.085112
0.106717
0.126546
0.140652
0.146741
0.148702
0.147759
0.145615
0.144133
0.141817
0.139513
0.136885
0.133955
0.133068
0.134184
0.135242
0.136483
0.137682
0.138816
0.140251
0.140834
0.141461
0.140600
0.137346
0.134395
0.129306
0.123005
0.117419
0.106989
0.095044
0.084091
0.071500
0.061920
0.054315
0.046401
0.040920
0.037566
0.034660
0.033453
0.035444
0.037629
0.038030
0.039493
0.042554
0.044282
0.045426
0.048215
0.051530
0.054094
0.057844
0.061538
0.063752
0.064337
0.066778
0.070861
0.073847
0.081067
0.090294
0.100034
0.113040
0.125833
0.138796
0.151640
0.159670
0.165927
0.171715
0.175143
0.177196
0.180223
0.184036
0.183957
0.182608
0.181816
0.179268
0.174964
0.169781
0.163705
0.156559
0.151138
0.144522
0.135428
0.125357
0.110037
0.088011
0.058901
0.025864
-0.003545
-0.028933
-0.051672
-0.066289
-0.070762
-0.069604
-0.062818
-0.051132
-0.040246
-0.032000
-0.025896
-0.024651
-0.028851
-0.034175
-0.039825
-0.044651
-0.046976
-0.048918
-0.050596
-0.051347
-0.052939
-0.055651
-0.057269
-0.057622
-0.060873
-0.063575
-0.060842
-0.059129
-0.055662
-0.047588
-0.038879
-0.029894
-0.021323
-0.012458
-0.002834
0.007516
0.020104
0.037048
0.055029
0.071596
0.088995
0.104187
0.113467
0.120262
0.124678
0.121914
0.117703
0.115042
0.111543
0.109040
0.105900
0.102078
0.100224
0.098781
0.092554
0.084713
0.074544
0.061671
0.050770
0.036082
0.020430
0.007666
-0.004436
-0.012519
-0.018793
-0.026691
-0.032552
-0.036793
-0.041315
-0.043599
-0.043236
-0.043750
-0.045597
-0.044374
-0.043595
-0.044782
-0.044604
-0.045892
-0.047162
-0.049242
-0.052508
-0.054180
-0.059281
-0.066431
-0.068917
-0.071022
-0.075381
-0.076562
-0.077230
-0.078417
-0.076767
-0.076114
-0.075991
-0.074858
-0.073892
-0.073221
-0.074418
-0.075273
-0.076839
-0.080601
-0.082825
-0.086219
-0.092760
-0.097948
-0.101944
-0.106809
-0.111828
-0.117356
-0.120505
-0.122996
-0.127155
-0.128112
-0.127371
-0.127631
-0.130028
-0.131369
-0.130271
-0.131948
-0.134663
-0.135346
-0.136024
-0.138081
-0.138606
-0.137023
-0.136666
-0.137410
-0.137303
-0.136425
-0.135157
-0.133379
-0.129863
-0.125631
-0.120398
-0.113272
-0.104836
-0.094135
-0.081391
-0.066782
-0.051583
-0.036713
-0.023709
-0.014314
-0.004671
0.004623
0.012271
0.019394
0.023396
0.027837
0.032464
0.033667
0.035060
0.037239
0.038893
0.041082
0.041943
0.043040
0.045296
0.044655
0.043971
0.040868
0.030637
0.017264
0.000816
-0.021490
-0.044851
-0.063483
-0.077536
-0.087077
-0.092258
-0.091618
-0.087545
-0.083809
-0.080957
-0.079295
-0.078299
-0.077375
-0.075781
-0.075609
-0.074272
-0.069809
-0.064613
-0.059826
-0.056191
-0.052943
-0.051132
-0.050024
-0.049790
-0.050459
-0.050389
-0.050941
-0.050493
-0.049689
-0.052774
-0.056528
-0.059944
-0.067014
-0.074066
-0.080569
-0.086431
-0.088322
-0.089404
-0.091345
-0.093122
-0.092570
-0.091706
-0.092180
-0.092064
-0.092050
-0.088779
-0.085530
-0.083730
-0.080023
-0.078038
-0.077743
-0.078719
-0.080966
-0.083574
-0.084674
-0.085391
-0.086522
-0.085169
-0.084988
-0.086070
-0.085642
-0.085959
-0.084885
-0.083638
-0.085087
-0.085208
-0.084355
-0.083440
-0.081812
-0.080760
-0.080038
-0.078258
-0.078398
-0.079923
-0.080456
-0.081989
-0.082330
-0.083366
-0.083068
-0.080976
-0.081359
-0.080704
-0.079321
-0.079565
-0.080550
-0.081529
-0.083114
-0.084310
-0.083938
-0.082979
-0.082071
-0.082343
-0.082681
-0.082179
-0.083027
-0.083369
-0.083661
-0.084911
-0.083790
-0.081990
-0.082056
-0.081385
-0.079008
-0.077966
-0.077655
-0.076114
-0.074655
-0.073286
-0.070946
-0.068320
-0.066911
-0.065567
-0.063481
-0.062063
-0.059605
-0.057185
-0.056451
-0.053752
-0.050650
-0.049099
-0.046030
-0.043374
-0.041878
-0.039050
-0.036101
-0.035282
-0.034378
-0.033682
-0.034005
-0.032922
-0.032167
-0.032767
-0.034237
-0.035193
-0.036038
-0.038374
-0.039378
-0.040261
-0.042878
-0.042693
-0.041381
-0.039990
-0.036213
-0.031491
-0.026758
-0.023065
-0.020645
-0.018590
-0.016299
-0.015180
-0.013410
-0.011119
-0.010656
-0.011162
-0.012990
-0.016348
-0.020969
-0.025219
-0.029625
-0.033972
-0.037467
-0.040669
-0.041583
-0.041422
-0.042452
-0.042518
-0.042999
-0.044131
-0.046305
-0.051328
-0.053957
-0.055721
-0.059447
-0.059811
-0.057832
-0.058629
-0.058392
-0.054568
-0.052541
-0.050340
-0.044625
-0.037517
-0.028938
-0.020086
-0.011551
-0.003710
0.005090
0.014504
0.020501
0.025728
0.030096
0.032470
0.034428
0.035396
0.037121
0.039283
0.041138
0.043356
0.045698
0.048706
0.050400
0.051074
0.052999
0.053755
0.054410
0.056849
0.058281
0.060315
0.064399
0.067355
0.068975
0.072518
0.076391
0.077599
0.078703
0.078756
0.077447
0.076054
0.073086
0.068416
0.063266
0.059281
0.054229
0.049515
0.045566
0.041144
0.038081
0.035035
0.032686
0.030165
0.025064
0.017663
0.008229
-0.002076
-0.012802
-0.020417
-0.023668
-0.024181
-0.018619
-0.010071
-0.001354
0.007768
0.014932
0.018575
0.019399
0.022419
0.025989
0.026707
0.030076
0.034846
0.038098
0.045193
0.052244
0.056536
0.061621
0.065666
0.067917
0.068982
0.071405
0.075065
0.076791
0.079901
0.084035
0.086795
0.089630
0.090403
0.090106
0.088538
0.086090
0.083428
0.078263
0.074349
0.069981
0.062163
0.052535
0.039734
0.024571
0.010006
-0.001437
-0.009233
-0.012368
-0.009949
-0.006223
-0.002546
0.002013
0.005363
0.008035
0.010071
0.009157
0.006750
0.005569
0.003869
0.002265
0.002390
0.002112
0.004781
0.010753
0.016397
0.022898
0.029370
0.035324
0.042187
0.048766
0.053435
0.057108
0.060125
0.059583
0.057273
0.053790
0.048909
0.044663
0.039915
0.034941
0.028847
0.022245
0.016046
0.009479
0.003053
-0.002143
-0.005766
-0.008587
-0.010499
-0.010840
-0.011753
-0.013450
-0.013638
-0.013418
-0.013526
-0.014988
-0.016770
-0.016464
-0.015959
-0.014598
-0.011169
-0.007951
-0.004428
0.000109
0.004506
0.010450
0.017604
0.024177
0.033013
0.041770
0.047213
0.051972
0.056532
0.060057
0.062011
0.063559
0.064949
0.063886
0.062842
0.061965
0.058907
0.055088
0.049714
0.043805
0.037509
0.030269
0.025107
0.019510
0.013397
0.009180
0.004822
0.000084
-0.004950
-0.009767
-0.013852
-0.016945
-0.021180
-0.024860
-0.026464
-0.030423
-0.033142
-0.034204
-0.035557
-0.033305
-0.027884
-0.021143
-0.012506
-0.000574
0.010720
0.019179
0.027038
0.032403
0.036373
0.040840
0.043844
0.046267
0.048630
0.050534
0.053484
0.057007
0.059382
0.060283
0.061424
0.061172
0.058258
0.055192
0.049382
0.039338
0.027086
0.012865
-0.002924
-0.018761
-0.032253
-0.043993
-0.052582
-0.056951
-0.058805
-0.058145
-0.057027
-0.053416
-0.046904
-0.041487
-0.035066
-0.027276
-0.018423
-0.007378
0.004317
0.017871
0.030308
0.038493
0.045450
0.049459
0.049736
0.048303
0.045100
0.041329
0.037971
0.035022
0.030424
0.024829
0.019849
0.014048
0.008257
0.004124
0.000490
-0.003874
-0.008352
-0.013777
-0.021003
-0.028750
-0.036315
-0.043964
-0.051040
-0.057915
-0.065213
-0.071975
-0.077275
-0.080968
-0.081627
-0.081832
-0.082883
-0.082006
-0.082119
-0.082790
-0.081375
-0.079217
-0.074854
-0.068603
-0.063118
-0.057023
-0.048513
-0.040409
-0.033853
-0.026310
-0.019300
-0.013493
-0.008008
-0.004006
-0.000259
0.005242
0.010183
0.015377
0.021515
0.026387
0.030863
0.033613
0.032989
0.030469
0.025944
0.018214
0.010003
0.002298
-0.006444
-0.014224
-0.018604
-0.021729
-0.025205
-0.027580
-0.029537
-0.032538
-0.036064
-0.039227
-0.041099
-0.042329
-0.044157
-0.044902
-0.044743
-0.045638
-0.047047
-0.046328
-0.043769
-0.042317
-0.040650
-0.037713
-0.034530
-0.030445
-0.024406
-0.016359
-0.007984
0.001326
0.011638
0.021518
0.029964
0.035783
0.039930
0.041349
0.040475
0.038803
0.036118
0.034327
0.033895
0.033753
0.033845
0.034569
0.034867
0.034027
0.033051
0.032015
0.029261
0.024431
0.018396
0.010875
0.003181
-0.006379
-0.016909
-0.024930
-0.032013
-0.036339
-0.038166
-0.038846
-0.037022
-0.034355
-0.032316
-0.031651
-0.030891
-0.028812
-0.026794
-0.025160
-0.021998
-0.016739
-0.012825
-0.009933
-0.007280
-0.005837
-0.004237
-0.001960
0.001263
0.005713
0.010275
0.014597
0.018738
0.021537
0.023298
0.023600
0.022160
0.019806
0.017296
0.014223
0.010820
0.008492
0.005869
0.002323
-0.001314
-0.005585
-0.011025
-0.016192
-0.020875
-0.025146
-0.027178
-0.027612
-0.026850
-0.023624
-0.018827
-0.014154
-0.010198
-0.006600
-0.004049
-0.002735
-0.002227
-0.002797
-0.003746
-0.004869
-0.005308
-0.005041
-0.005043
-0.004317
-0.002553
0.000001
0.003224
0.005973
0.008585
0.011247
0.013097
0.014570
0.014913
0.013957
0.011173
0.006338
0.001620
-0.003686
-0.009516
-0.015040
-0.020550
-0.025699
-0.031080
-0.036319
-0.041457
-0.046253
-0.049314
-0.052381
-0.053979
-0.053536
-0.053219
-0.051444
-0.048964
-0.046466
-0.044026
-0.041414
-0.038644
-0.036630
-0.035155
-0.033623
-0.031882
-0.030731
-0.029880
-0.027195
-0.023527
-0.021014
-0.017842
-0.014412
-0.011741
-0.008147
-0.004324
-0.001122
0.001426
0.003841
0.006024
0.006948
0.007248
0.007155
0.006231
0.004282
0.002957
0.002696
0.002551
0.003502
0.005141
0.006675
0.007982
0.007462
0.005646
0.003456
0.000257
-0.003549
-0.007314
-0.011258
-0.014667
-0.016047
-0.016716
-0.016810
-0.016246
-0.014883
-0.012425
-0.010244
-0.006884
-0.002216
0.002660
0.007592
0.012386
0.017550
0.021092
0.023417
0.026162
0.027617
0.028891
0.030827
0.031920
0.033663
0.035949
0.036522
0.038023
0.040090
0.040488
0.041189
0.041233
0.039918
0.037865
0.034835
0.032635
0.030328
0.025920
0.022417
0.020372
0.018245
0.016464
0.015781
0.015131
0.014395
0.015453
0.017339
0.019177
0.020461
0.022382
0.023829
0.023176
0.022472
0.020746
0.018641
0.016564
0.013751
0.011479
0.009320
0.008392
0.008774
0.008837
0.009949
0.012769
0.014856
0.016549
0.019566
0.021647
0.022989
0.024850
0.026347
0.027176
0.027101
0.026551
0.025288
0.022853
0.020735
0.018543
0.014953
0.012320
0.010443
0.008195
0.006771
0.005359
0.003852
0.002912
0.001318
-0.001064
-0.003543
-0.006221
-0.009140
-0.011572
-0.013154
-0.014819
-0.016150
-0.016168
-0.015196
-0.014494
-0.013959
-0.012482
-0.010661
-0.009784
-0.009773
-0.010258
-0.011009
-0.012099
-0.014189
-0.016573
-0.018190
-0.018994
-0.019416
-0.018758
-0.015515
-0.011552
-0.007493
-0.002492
0.002326
0.007760
0.012843
0.015357
0.016665
0.018502
0.019460
0.018902
0.018969
0.018828
0.017348
0.016249
0.014766
0.012658
0.010873
0.008978
0.007406
0.006437
0.006209
0.006311
0.006614
0.007925
0.009834
0.011409
0.013184
0.015217
0.016612
0.017890
0.019324
0.021279
0.022947
0.024742
0.027724
0.030244
0.032587
0.035452
0.038387
0.040416
0.042086
0.043608
0.044566
0.045500
0.045651
0.045664
0.045481
0.044378
0.043077
0.041504
0.038744
0.035063
0.029805
0.022640
0.015306
0.007099
-0.002078
-0.011001
-0.019101
-0.026719
-0.033233
-0.037458
-0.040782
-0.042558
-0.041934
-0.040754
-0.038534
-0.035071
-0.031719
-0.028337
-0.025048
-0.021473
-0.019068
-0.018063
-0.016998
-0.017467
-0.018099
-0.018193
-0.018473
-0.017723
-0.018020
-0.019205
-0.019598
-0.020349
-0.021640
-0.022911
-0.023768
-0.023495
-0.022157
-0.020083
-0.016123
-0.011855
-0.007732
-0.003107
0.000937
0.005681
0.011231
0.016748
0.022382
0.026829
0.029534
0.032328
0.034077
0.033104
0.030874
0.027156
0.021654
0.016352
0.010732
0.003930
-0.001898
-0.007832
-0.014411
-0.019908
-0.025119
-0.029700
-0.033542
-0.036273
-0.038024
-0.039950
-0.040675
-0.040218
-0.039589
-0.038042
-0.036002
-0.033819
-0.030489
-0.025612
-0.020105
-0.014376
-0.007171
0.001059
0.008655
0.015419
0.021841
0.027238
0.031028
0.034420
0.037020
0.038741
0.040348
0.041600
0.042693
0.042708
0.041759
0.040020
0.037661
0.034484
0.030688
0.026836
0.022390
0.017766
0.012995
0.008484
0.003649
-0.001146
-0.005010
-0.007906
-0.010281
-0.013481
-0.016924
-0.020200
-0.023146
-0.025633
-0.027731
-0.028571
-0.028431
-0.027155
-0.024180
-0.020761
-0.016837
-0.012976
-0.010054
-0.006942
-0.004700
-0.003369
-0.001769
-0.000203
0.000976
0.001743
0.002521
0.002419
0.001375
-0.000080
-0.002863
-0.005605
-0.008363
-0.012787
-0.017525
-0.022036
-0.027073
-0.032187
-0.036448
-0.039133
-0.040215
-0.041146
-0.042002
-0.042416
-0.043203
-0.044272
-0.045519
-0.046610
-0.047137
-0.047702
-0.047785
-0.046938
-0.045968
-0.044562
-0.043364
-0.042484
-0.041487
-0.041130
-0.040240
-0.038720
-0.037439
-0.034938
-0.031090
-0.027058
-0.022415
-0.017476
-0.012800
-0.007884
-0.003115
0.001066
0.004336
0.006414
0.008076
0.009513
0.010797
0.012113
0.013516
0.014877
0.015904
0.016657
0.016803
0.016363
0.015517
0.014000
0.012108
0.010753
0.009585
0.008539
0.007713
0.006900
0.006371
0.005538
0.004368
0.003043
0.001826
0.001013
0.000251
-0.000012
0.000520
0.001522
0.003227
0.005425
0.008047
0.011172
0.014137
0.016191
0.016682
0.015926
0.013871
0.010689
0.007584
0.004055
0.000363
-0.002141
-0.003977
-0.005552
-0.006362
-0.007231
-0.009040
-0.011295
-0.014398
-0.018239
-0.021098
-0.022798
-0.024565
-0.025747
-0.026243
-0.026897
-0.027269
-0.027595
-0.027778
-0.028154
-0.028398
-0.027912
-0.027636
-0.027588
-0.027472
-0.027405
-0.027487
-0.027790
-0.028291
-0.027847
-0.026746
-0.025821
-0.023935
-0.021228
-0.018222
-0.014365
-0.009309
-0.003516
0.002040
0.007885
0.014085
0.019034
0.022984
0.025870
0.027104
0.027267
0.026199
0.023171
0.019489
0.016261
0.012326
0.008027
0.003939
-0.000550
-0.005170
-0.009512
-0.013883
-0.017732
-0.020758
-0.023359
-0.024781
-0.025213
-0.025074
-0.023630
-0.021306
-0.018541
-0.015076
-0.011191
-0.007474
-0.003782
-0.000727
0.001316
0.002972
0.003333
0.002622
0.001394
-0.000858
-0.003857
-0.006768
-0.009528
-0.012666
-0.015647
-0.018066
-0.019680
-0.020832
-0.021729
-0.021753
-0.021454
-0.021603
-0.021803
-0.021774
-0.021926
-0.022218
-0.022575
-0.023171
-0.023722
-0.024289
-0.024833
-0.025033
-0.025411
-0.026001
-0.026700
-0.027140
-0.027327
-0.027818
-0.027723
-0.027973
-0.029163
-0.029926
-0.030568
-0.030663
-0.030128
-0.029503
-0.028130
-0.026304
-0.024199
-0.021793
-0.020036
-0.018372
-0.016445
-0.015074
-0.013646
-0.012231
-0.011286
-0.010732
-0.010594
-0.010599
-0.010821
-0.010789
-0.010052
-0.009393
-0.008399
-0.006739
-0.005244
-0.003714
-0.001828
0.000156
0.001993
0.003965
0.006064
0.007910
0.009521
0.010835
0.012051
0.013175
0.013900
0.015086
0.016352
0.016843
0.017193
0.017322
0.017299
0.017335
0.016898
0.016519
0.016337
0.015613
0.015138
0.015104
0.015021
0.014980
0.014901
0.014950
0.014822
0.014966
0.015889
0.016328
0.016682
0.017751
0.018852
0.019716
0.020249
0.021033
0.022324
0.023725
0.025184
0.027154
0.029547
0.031499
0.033035
0.033958
0.034246
0.034556
0.034541
0.034814
0.035172
0.034715
0.034263
0.033685
0.032832
0.031281
0.029797
0.028938
0.027382
0.026012
0.024863
0.023631
0.022735
0.021410
0.020027
0.018598
0.016866
0.015644
0.014331
0.012444
0.011420
0.011363
0.011318
0.011526
0.012222
0.012643
0.012999
0.013729
0.014280
0.014441
0.014698
0.014881
0.014232
0.013490
0.012559
0.011491
0.010313
0.008681
0.007908
0.007802
0.008334
0.009870
0.011856
0.014305
0.016517
0.017936
0.018538
0.018723
0.018248
0.016984
0.016114
0.015222
0.014077
0.013365
0.013247
0.013151
0.013140
0.013962
0.014850
0.015766
0.016922
0.017804
0.018772
0.020140
0.021320
0.021988
0.022629
0.023133
0.023446
0.023924
0.024373
0.025140
0.026630
0.028190
0.029580
0.031063
0.032491
0.033716
0.034181
0.034310
0.034083
0.032879
0.032168
0.031646
0.030589
0.029672
0.029054
0.028572
0.027811
0.027229
0.027084
0.026691
0.025628
0.024366
0.022959
0.021220
0.019689
0.018893
0.018158
0.016835
0.015607
0.014682
0.013798
0.013020
0.013122
0.013808
0.014431
0.015518
0.016724
0.017933
0.018868
0.019284
0.019903
0.019997
0.019823
0.020267
0.020267
0.019773
0.019818
0.020197
0.020674
0.021808
0.023104
0.023625
0.024177
0.025487
0.026143
0.026103
0.026386
0.026154
0.024882
0.023158
0.020903
0.017900
0.014611
0.011404
0.008426
0.005563
0.002940
0.001063
-0.000001
-0.000771
-0.001227
-0.001030
-0.000185
0.000987
0.001798
0.002701
0.003877
0.004650
0.005979
0.007640
0.008280
0.009112
0.010458
0.011632
0.012765
0.013213
0.013446
0.013047
0.012525
0.012260
0.010990
0.010128
0.009253
0.008544
0.008431
0.007660
0.007274
0.007241
0.007188
0.007141
0.006782
0.006851
0.006672
0.006017
0.005573
0.004392
0.002611
0.000974
-0.000874
-0.003009
-0.005190
-0.007409
-0.009432
-0.010861
-0.012097
-0.012648
-0.012140
-0.011470
-0.010130
-0.008242
-0.006539
-0.004796
-0.003049
-0.001407
-0.000551
0.000159
0.001253
0.001057
0.000608
0.000422
-0.001140
-0.002762
-0.003967
-0.005032
-0.005607
-0.006361
-0.006632
-0.005910
-0.004809
-0.003310
-0.001398
0.000522
0.002757
0.005142
0.007275
0.009093
0.010010
0.010501
0.010675
0.010272
0.009244
0.007885
0.006947
0.005540
0.004014
0.002207
0.000029
-0.002044
-0.004485
-0.006619
-0.008870
-0.010898
-0.012638
-0.014354
-0.016224
-0.018913
-0.020993
-0.022187
-0.023591
-0.024822
-0.024958
-0.024649
-0.024266
-0.023311
-0.022623
-0.022249
-0.021930
-0.021738
-0.021303
-0.020758
-0.019746
-0.018775
-0.018073
-0.016442
-0.014847
-0.013617
-0.011611
-0.009815
-0.008306
-0.006110
-0.003946
-0.002213
-0.000437
0.001012
0.001839
0.001870
0.001668
0.001970
0.001845
0.001428
0.001500
0.001293
0.000746
0.000568
-0.000028
-0.000877
-0.001452
-0.001955
-0.001532
-0.001038
-0.000989
0.000147
0.001936
0.003395
0.004754
0.006415
0.008151
0.009654
0.010585
0.011037
0.011300
0.010793
0.010047
0.008938
0.007309
0.006298
0.005422
0.004721
0.004396
0.003514
0.002302
0.001392
0.000385
-0.000850
-0.001227
-0.000998
-0.000611
-0.000111
0.000528
0.001195
0.000664
-0.000244
-0.001101
-0.002488
-0.003308
-0.003522
-0.003457
-0.002852
-0.001617
0.000024
0.000576
0.000672
0.001104
0.000518
-0.000024
0.000045
0.000280
0.000797
0.001695
0.002547
0.002510
0.002688
0.002566
0.001781
0.001256
0.000303
-0.001004
-0.002116
-0.002808
-0.003158
-0.003213
-0.003189
-0.002950
-0.002854
-0.003610
-0.004080
-0.003785
-0.003295
-0.002329
-0.000583
0.001494
0.003515
0.005495
0.007202
0.008028
0.008506
0.008432
0.007192
0.005796
0.003769
0.001413
0.000012
-0.001100
-0.001791
-0.001756
-0.001083
0.000477
0.002395
0.004345
0.006551
0.008649
0.010264
0.011577
0.012405
0.012937
0.012881
0.012199
0.011848
0.011464
0.010385
0.009038
0.007713
0.006549
0.005614
0.004391
0.003337
0.002261
0.000683
-0.000653
-0.002126
-0.003435
-0.004544
-0.006121
-0.006985
-0.007133
-0.007380
-0.006758
-0.005308
-0.004181
-0.003380
-0.002992
-0.003154
-0.003750
-0.004470
-0.004865
-0.005124
-0.005195
-0.004322
-0.002745
-0.000760
0.002043
0.005052
0.007689
0.010335
0.012975
0.015129
0.017480
0.020205
0.022163
0.023256
0.023943
0.023978
0.023283
0.021782
0.020067
0.018663
0.017265
0.015928
0.014868
0.014520
0.014197
0.014414
0.015755
0.017108
0.018786
0.020030
0.020016
0.019723
0.018868
0.017551
0.016305
0.014848
0.013570
0.012654
0.011978
0.011098
0.010255
0.009866
0.008865
0.007645
0.006772
0.006132
0.006167
0.006313
0.006549
0.006913
0.006904
0.007115
0.007851
0.008618
0.009584
0.010655
0.011272
0.011432
0.011371
0.010861
0.009419
0.007965
0.006765
0.004861
0.003064
0.001887
0.000474
-0.000966
-0.001985
-0.002718
-0.003210
-0.003723
-0.004290
-0.004298
-0.004161
-0.004557
-0.004823
-0.005109
-0.005784
-0.006676
-0.007408
-0.008235
-0.009292
-0.010252
-0.011790
-0.013854
-0.015538
-0.017070
-0.018489
-0.018914
-0.019092
-0.018974
-0.018152
-0.017405
-0.016512
-0.015717
-0.015124
-0.015048
-0.015613
-0.015910
-0.016530
-0.017617
-0.018620
-0.019708
-0.020620
-0.021343
-0.022087
-0.022463
-0.022718
-0.022487
-0.021782
-0.021257
-0.020482
-0.020050
-0.019620
-0.019032
-0.019200
-0.019469
-0.019167
-0.019083
-0.019500
-0.020056
-0.020663
-0.021073
-0.021590
-0.022017
-0.022048
-0.022119
-0.022242
-0.022344
-0.022640
-0.022978
-0.023654
-0.024598
-0.025394
-0.026272
-0.026807
-0.026531
-0.026164
-0.025718
-0.024480
-0.022912
-0.021403
-0.019467
-0.017526
-0.015935
-0.013760
-0.011713
-0.009897
-0.007349
-0.004807
-0.002170
0.000249
0.002077
0.004059
0.005889
0.007376
0.008606
0.009886
0.011003
0.012140
0.013128
0.013599
0.014537
0.015509
0.016145
0.016611
0.017466
0.018580
0.019490
0.020480
0.021274
0.021962
0.022458
0.022306
0.021679
0.020986
0.019998
0.018761
0.017576
0.016498
0.015418
0.013941
0.012718
0.011829
0.010720
0.009847
0.009023
0.008012
0.006813
0.005604
0.004358
0.003002
0.001669
0.000379
-0.000979
-0.002042
-0.002774
-0.003622
-0.004456
-0.005893
-0.007164
-0.007882
-0.008852
-0.009890
-0.011132
-0.012233
-0.013059
-0.014091
-0.015259
-0.016381
-0.017029
-0.018012
-0.019540
-0.020313
-0.020734
-0.020950
-0.020824
-0.020791
-0.020206
-0.019573
-0.019458
-0.018851
-0.018594
-0.019032
-0.019263
-0.019786
-0.020862
-0.021745
-0.022467
-0.022987
-0.023493
-0.024096
-0.023971
-0.023808
-0.023641
-0.023128
-0.022671
-0.022294
-0.022068
-0.021621
-0.020946
-0.020496
-0.019961
-0.019141
-0.018353
-0.017313
-0.015611
-0.013859
-0.012280
-0.010764
-0.010066
-0.009847
-0.009838
-0.010053
-0.010109
-0.010249
-0.009833
-0.008846
-0.008208
-0.007825
-0.007588
-0.007347
-0.007091
-0.006432
-0.004532
-0.002383
-0.000192
0.002086
0.003886
0.005495
0.006549
0.007292
0.007922
0.008210
0.008396
0.008866
0.009572
0.010023
0.010746
0.011738
0.012583
0.013262
0.013146
0.012698
0.012030
0.010762
0.009400
0.008164
0.006927
0.005850
0.005227
0.005130
0.005537
0.005988
0.006432
0.007014
0.007738
0.008148
0.008310
0.008914
0.009371
0.009214
0.009250
0.009707
0.009981
0.010132
0.010027
0.009385
0.008105
0.006648
0.005531
0.004254
0.003240
0.002634
0.002102
0.002571
0.003583
0.004689
0.006322
0.008134
0.009900
0.011695
0.013578
0.015060
0.015806
0.015904
0.015624
0.014938
0.013730
0.012478
0.011358
0.010170
0.008692
0.007118
0.005795
0.004550
0.003188
0.002112
0.001159
0.000153
-0.000309
-0.000452
-0.000382
0.000427
0.001827
0.003184
0.004367
0.005040
0.005192
0.004916
0.003854
0.002674
0.001457
0.000441
0.000183
0.000259
0.000625
0.001225
0.001692
0.001775
0.001475
0.000659
-0.000533
-0.001578
-0.002804
-0.004043
-0.004445
-0.004739
-0.004766
-0.004230
-0.004269
-0.004546
-0.005287
-0.006767
-0.008382
-0.010028
-0.011530
-0.012438
-0.012600
-0.012517
-0.011862
-0.010855
-0.010065
-0.008822
-0.007427
-0.006338
-0.005157
-0.004037
-0.002913
-0.001606
-0.000424
0.000645
0.001593
0.002036
0.001640
0.000681
-0.000562
-0.002242
-0.003886
-0.004942
-0.005548
-0.005615
-0.004840
-0.004108
-0.003757
-0.003365
-0.003407
-0.003776
-0.004016
-0.004274
-0.004569
-0.004761
-0.004527
-0.003822
-0.003108
-0.002275
-0.001521
-0.000765
0.000458
0.002088
0.004040
0.005945
0.007797
0.009637
0.010922
0.011773
0.012275
0.012493
0.012984
0.013103
0.012772
0.012568
0.012214
0.011384
0.010220
0.009193
0.008513
0.008187
0.007990
0.008035
0.008363
0.008752
0.009588
0.010557
0.011032
0.011286
0.011094
0.010311
0.009617
0.009068
0.008471
0.008172
0.008117
0.008007
0.008066
0.008765
0.009585
0.010139
0.011140
0.012254
0.012877
0.013266
0.013662
0.014170
0.014367
0.013482
0.012125
0.010973
0.009708
0.008232
0.006349
0.004595
0.003453
0.002754
0.002415
0.002205
0.002093
0.001662
0.000895
0.000211
-0.000687
-0.001676
-0.002530
-0.003380
-0.003560
-0.002573
-0.001575
-0.001363
-0.001227
-0.000985
-0.001325
-0.002262
-0.002995
-0.003391
-0.003544
-0.003543
-0.003629
-0.003258
-0.002232
-0.000662
0.001103
0.003118
0.005418
0.007064
0.007904
0.008135
0.008089
0.008016
0.007609
0.006883
0.006218
0.006106
0.006376
0.006682
0.006890
0.006543
0.005977
0.005347
0.004453
0.003860
0.003608
0.003088
0.002330
0.001595
0.000976
0.000272
-0.000551
-0.001091
-0.001523
-0.001972
-0.002224
-0.002258
-0.002083
-0.001875
-0.001731
-0.001572
-0.001942
-0.002728
-0.003419
-0.004231
-0.004852
-0.005187
-0.005364
-0.004976
-0.004339
-0.003529
-0.002405
-0.001458
-0.000397
0.000827
0.001586
0.001713
0.001604
0.001343
0.000973
0.000473
-0.000490
-0.001686
-0.003010
-0.004276
-0.005529
-0.006547
-0.006841
-0.006713
-0.006196
-0.005552
-0.004929
-0.004277
-0.004112
-0.004233
-0.004509
-0.005097
-0.005538
-0.006043
-0.006587
-0.006898
-0.006881
-0.006480
-0.006391
-0.006659
-0.006875
-0.007183
-0.007300
-0.007060
-0.006614
-0.006012
-0.005668
-0.005629
-0.005730
-0.005800
-0.005323
-0.004222
-0.002757
-0.000834
0.001280
0.003389
0.005542
0.007315
0.008504
0.009106
0.009256
0.009760
0.010752
0.011449
0.011915
0.012280
0.012285
0.012376
0.012433
0.012127
0.011679
0.011187
0.010667
0.009767
0.008591
0.007674
0.006873
0.006124
0.005830
0.005935
0.006017
0.005787
0.005267
0.004420
0.003355
0.002562
0.001701
0.000278
-0.001429
-0.003544
-0.006168
-0.009186
-0.012042
-0.014093
-0.015891
-0.017485
-0.018505
-0.019265
-0.019991
-0.020527
-0.020726
-0.020863
-0.020649
-0.020138
-0.019758
-0.019126
-0.018467
-0.018015
-0.017381
-0.016644
-0.015655
-0.013973
-0.011983
-0.009856
-0.007468
-0.004910
-0.002423
-0.000421
0.001244
0.003005
0.004863
0.006896
0.009129
0.011148
0.012815
0.013947
0.014199
0.013725
0.013281
0.013094
0.013205
0.013740
0.014303
0.014938
0.015366
0.015067
0.013964
0.012540
0.011035
0.009479
0.007973
0.006163
0.004662
0.003481
0.002552
0.002190
0.001856
0.001758
0.001914
0.002143
0.002611
0.002982
0.003155
0.003255
0.003060
0.003270
0.003868
0.003814
0.003810
0.004197
0.004019
0.003151
0.002425
0.001959
0.001538
0.001454
0.002036
0.002524
0.002791
0.003415
0.003373
0.002914
0.002391
0.001081
-0.001125
-0.003460
-0.005842
-0.008422
-0.010749
-0.013022
-0.014936
-0.016587
-0.018012
-0.018723
-0.018589
-0.018073
-0.017269
-0.015978
-0.014670
-0.012900
-0.011129
-0.010118
-0.009503
-0.009592
-0.010711
-0.012188
-0.013903
-0.016103
-0.017647
-0.018418
-0.018914
-0.018970
-0.018998
-0.018842
-0.018176
-0.017423
-0.016693
-0.015582
-0.014017
-0.012540
-0.011369
-0.010386
-0.009536
-0.009209
-0.009093
-0.008462
-0.007503
-0.006432
-0.005485
-0.004510
-0.003993
-0.003907
-0.003221
-0.002575
-0.002218
-0.001458
-0.000376
0.000724
0.001494
0.002205
0.002640
0.002116
0.001581
0.001379
0.000994
0.000494
-0.000052
-0.000442
-0.001324
-0.002819
-0.004413
-0.006258
-0.008512
-0.010980
-0.013005
-0.014865
-0.016450
-0.017332
-0.017749
-0.017455
-0.016844
-0.016138
-0.014995
-0.013799
-0.013058
-0.012897
-0.013303
-0.014578
-0.016503
-0.018438
-0.020264
-0.021672
-0.022160
-0.021760
-0.020815
-0.019272
-0.017531
-0.016239
-0.015256
-0.014911
-0.015034
-0.014917
-0.014646
-0.014385
-0.014313
-0.014279
-0.014655
-0.015281
-0.014885
-0.014191
-0.013910
-0.012785
-0.011132
-0.009847
-0.008708
-0.007779
-0.007085
-0.006704
-0.006652
-0.006878
-0.007292
-0.007446
-0.007127
-0.006845
-0.006572
-0.006305
-0.006195
-0.005948
-0.006157
-0.006301
-0.005566
-0.004615
-0.003567
-0.002248
-0.000968
0.000170
0.001352
0.002105
0.002457
0.002933
0.003083
0.003224
0.003870
0.004396
0.005002
0.005556
0.005592
0.005612
0.005368
0.004603
0.003797
0.003297
0.002630
0.001816
0.001201
-0.000169
-0.001831
-0.002735
-0.003629
-0.004480
-0.005056
-0.005702
-0.006168
-0.006584
-0.006673
-0.006352
-0.005638
-0.004859
-0.004593
-0.004099
-0.003913
-0.004328
-0.004644
-0.005046
-0.005550
-0.005973
-0.006203
-0.006228
-0.005759
-0.005037
-0.004351
-0.003467
-0.002757
-0.002183
-0.001806
-0.001920
-0.002008
-0.002037
-0.002395
-0.002412
-0.001974
-0.001648
-0.000948
-0.000468
-0.000352
-0.000132
-0.000283
-0.000222
-0.000253
0.000008
0.001086
0.002133
0.003384
0.004430
0.005371
0.005661
0.005112
0.004736
0.004150
0.003966
0.004401
0.004859
0.005626
0.006788
0.008306
0.010008
0.011524
0.012394
0.012547
0.012429
0.011707
0.010446
0.009555
0.009095
0.008454
0.008002
0.007675
0.006702
0.005495
0.004320
0.002989
0.001568
0.000436
-0.000729
-0.001853
-0.002589
-0.003526
-0.004339
-0.004961
-0.005653
-0.005877
-0.005869
-0.006034
-0.006013
-0.006392
-0.007614
-0.008979
-0.010658
-0.012463
-0.013687
-0.014504
-0.015311
-0.015876
-0.015737
-0.015404
-0.014940
-0.014068
-0.012732
-0.011772
-0.011448
-0.011028
-0.011189
-0.011483
-0.011352
-0.011531
-0.011807
-0.011619
-0.011481
-0.011524
-0.011420
-0.011220
-0.011113
-0.011168
-0.010778
-0.010177
-0.010114
-0.010144
-0.010021
-0.010033
-0.010312
-0.010741
-0.011206
-0.011953
-0.012948
-0.014301
-0.015884
-0.017199
-0.018228
-0.018516
-0.018217
-0.017710
-0.016731
-0.015308
-0.013154
-0.011029
-0.009339
-0.007404
-0.006080
-0.005736
-0.005661
-0.005813
-0.005942
-0.005860
-0.005521
-0.004807
-0.004228
-0.003894
-0.003297
-0.002529
-0.001917
-0.000820
0.000921
0.002893
0.005265
0.007522
0.009564
0.011144
0.011546
0.011104
0.009845
0.008311
0.006688
0.004842
0.003568
0.002834
0.002725
0.003274
0.003851
0.004311
0.004626
0.004872
0.004974
0.004689
0.004521
0.004567
0.004419
0.004036
0.003705
0.003706
0.003857
0.004044
0.004557
0.005494
0.006525
0.007561
0.008452
0.009264
0.009934
0.010128
0.009903
0.009465
0.008590
0.007319
0.006381
0.005560
0.005194
0.005476
0.006048
0.007276
0.008651
0.009860
0.011132
0.011959
0.012154
0.012018
0.011351
0.010490
0.009482
0.007943
0.006760
0.005938
0.005215
0.005240
0.005462
0.005663
0.006384
0.007274
0.008143
0.009231
0.010162
0.010727
0.011309
0.011320
0.010427
0.009423
0.008613
0.007845
0.006915
0.006379
0.006305
0.006271
0.006485
0.006619
0.006392
0.005894
0.005234
0.004235
0.003106
0.002176
0.001424
0.001155
0.001161
0.001738
0.002777
0.003338
0.003805
0.004478
0.004984
0.005190
0.005463
0.005509
0.005153
0.004803
0.004160
0.003664
0.003265
0.003028
0.003820
0.004944
0.006468
0.008685
0.010624
0.012347
0.013962
0.015082
0.015942
0.016195
0.015674
0.014822
0.013834
0.012644
0.011115
0.009993
0.009129
0.007817
0.006185
0.004404
0.002661
0.000668
-0.001534
-0.003640
-0.006052
-0.008318
-0.010050
-0.011143
-0.011370
-0.011164
-0.010349
-0.009237
-0.007950
-0.006294
-0.004995
-0.003843
-0.002742
-0.002401
-0.002322
-0.002154
-0.002469
-0.002815
-0.003155
-0.003843
-0.004521
-0.005141
-0.005653
-0.005634
-0.005010
-0.004627
-0.004248
-0.003205
-0.002249
-0.001425
-0.000115
0.001386
0.003030
0.004900
0.006765
0.008128
0.009043
0.010006
0.010505
0.010099
0.009200
0.008013
0.006382
0.004840
0.003831
0.003381
0.003456
0.003961
0.004709
0.005496
0.006391
0.007110
0.007598
0.007779
0.007502
0.007127
0.006764
0.006027
0.004726
0.003881
0.003328
0.002624
0.002274
0.001911
0.002154
0.003270
0.004713
0.006317
0.007753
0.009017
0.010145
0.010880
0.010959
0.010994
0.011221
0.011337
0.011629
0.012140
0.012729
0.013460
0.014182
0.014816
0.015584
0.016024
0.016408
0.017112
0.017529
0.017805
0.018035
0.017934
0.017577
0.017036
0.016274
0.015680
0.015130
0.014576
0.014316
0.014088
0.013751
0.013474
0.013673
0.013439
0.012104
0.011084
0.009862
0.008287
0.007455
0.006551
0.006005
0.006170
0.006254
0.006788
0.007569
0.007888
0.008282
0.008640
0.008765
0.008883
0.009145
0.009466
0.009573
0.009277
0.008562
0.007840
0.006816
0.005316
0.003369
0.001053
-0.000655
-0.001932
-0.003496
-0.004473
-0.004747
-0.005135
-0.005275
-0.005072
-0.004834
-0.004227
-0.003548
-0.002876
-0.001987
-0.001299
-0.000359
0.000761
0.001207
0.001142
0.000781
-0.000280
-0.002029
-0.003772
-0.005316
-0.006883
-0.008021
-0.008140
-0.007440
-0.006356
-0.005515
-0.005036
-0.004365
-0.003996
-0.003811
-0.003229
-0.002929
-0.002745
-0.002647
-0.002929
-0.003299
-0.004278
-0.005484
-0.006556
-0.007916
-0.008915
-0.009272
-0.009203
-0.008794
-0.008167
-0.007370
-0.006721
-0.006261
-0.005370
-0.004133
-0.003164
-0.002270
-0.001340
-0.000659
0.000029
0.001009
0.001839
0.002154
0.002350
0.002277
0.001678
0.000957
0.000595
0.000700
0.000689
0.000811
0.001647
0.002338
0.002174
0.001791
0.001370
0.000522
-0.000444
-0.001107
-0.001417
-0.001732
-0.001794
-0.000992
0.000219
0.001610
0.003339
0.004921
0.006328
0.007683
0.009013
0.010705
0.012167
0.013273
0.014234
0.014512
0.014329
0.014140
0.013723
0.013103
0.012487
0.012065
0.012268
0.012762
0.013145
0.013505
0.013829
0.013694
0.013151
0.012335
0.011062
0.009940
0.009049
0.008283
0.007906
0.007420
0.006824
0.006502
0.005871
0.005042
0.004255
0.003241
0.002719
0.002575
0.002630
0.003198
0.004200
0.005528
0.006550
0.007147
0.007630
0.008169
0.008423
0.008323
0.008604
0.009194
0.009437
0.009541
0.009684
0.009504
0.009358
0.009328
0.009256
0.009777
0.010636
0.011093
0.011107
0.010833
0.010297
0.009650
0.009087
0.008107
0.006509
0.004725
0.002874
0.001121
-0.000137
-0.000816
-0.001371
-0.001833
-0.002058
-0.002376
-0.002410
-0.002257
-0.002249
-0.002438
-0.002785
-0.002934
-0.003149
-0.003416
-0.003642
-0.004085
-0.004790
-0.005391
-0.006050
-0.006782
-0.007106
-0.007440
-0.007858
-0.007957
-0.007815
-0.007377
-0.006738
-0.006178
-0.005569
-0.005027
-0.004653
-0.004179
-0.003540
-0.003119
-0.002850
-0.002350
-0.002201
-0.002355
-0.002241
-0.002107
-0.002008
-0.002082
-0.002283
-0.002574
-0.002938
-0.003005
-0.002924
-0.002753
-0.002544
-0.002486
-0.002581
-0.003015
-0.003934
-0.004904
-0.005901
-0.007319
-0.008477
-0.008999
-0.009595
-0.010379
-0.010967
-0.011749
-0.012872
-0.013719
-0.014176
-0.014629
-0.015182
-0.015750
-0.015937
-0.015531
-0.015136
-0.014599
-0.013845
-0.013200
-0.012723
-0.012443
-0.011982
-0.011267
-0.010586
-0.010090
-0.009448
-0.008490
-0.007796
-0.007442
-0.006892
-0.006085
-0.005678
-0.005804
-0.006126
-0.006919
-0.008183
-0.009637
-0.011024
-0.012117
-0.012961
-0.013506
-0.013731
-0.013831
-0.013651
-0.012922
-0.011697
-0.010202
-0.008411
-0.006153
-0.004038
-0.002376
-0.000884
0.000168
0.000775
0.001307
0.001502
0.001591
0.002203
0.003148
0.004142
0.005279
0.006662
0.007933
0.009034
0.010132
0.010687
0.010401
0.009775
0.008659
0.006615
0.004125
0.001751
-0.000393
-0.002422
-0.004167
-0.005442
-0.006265
-0.006392
-0.005916
-0.005374
-0.004729
-0.004032
-0.003578
-0.003364
-0.003462
-0.003611
-0.003899
-0.004398
-0.004889
-0.005453
-0.006034
-0.006610
-0.006802
-0.006664
-0.006554
-0.006186
-0.005589
-0.004946
-0.004342
-0.003733
-0.002840
-0.001845
-0.000918
-0.000047
0.000305
0.000375
0.000478
0.000357
0.000295
0.000095
-0.000098
-0.000077
-0.000332
-0.000813
-0.001364
-0.002080
-0.003109
-0.004346
-0.005723
-0.007104
-0.008151
-0.008892
-0.009117
-0.008787
-0.007848
-0.006374
-0.005042
-0.003723
-0.002279
-0.001053
-0.000068
0.000496
0.000536
0.000597
0.000584
0.000368
0.000148
-0.000014
0.000318
0.000804
0.001119
0.001494
0.001963
0.002534
0.003026
0.003200
0.002901
0.002421
0.001760
0.000619
-0.000659
-0.002083
-0.003699
-0.005163
-0.006574
-0.007953
-0.009145
-0.010161
-0.010770
-0.011094
-0.011287
-0.011251
-0.011134
-0.010620
-0.010006
-0.009675
-0.008968
-0.008041
-0.007185
-0.005918
-0.004291
-0.002778
-0.001607
-0.000814
-0.000318
-0.000004
0.000325
0.000770
0.001268
0.001881
0.002276
0.002384
0.002166
0.001651
0.001462
0.001181
0.000797
0.000692
0.000293
-0.000305
-0.000914
-0.001601
-0.002316
-0.003104
-0.003814
-0.004559
-0.005240
-0.005658
-0.006307
-0.006985
-0.007216
-0.007156
-0.006483
-0.005526
-0.004764
-0.003852
-0.002971
-0.002047
-0.001106
-0.000553
0.000108
0.000892
0.001595
0.002586
0.003395
0.004070
0.004856
0.005302
0.005405
0.005331
0.005228
0.005118
0.005202
0.005403
0.005636
0.006187
0.006546
0.006570
0.006796
0.006766
0.006377
0.006263
0.006347
0.006374
0.006299
0.006166
0.006210
0.006508
0.006803
0.007131
0.007788
0.008611
0.009070
0.009547
0.010426
0.011054
0.011491
0.012097
0.012700
0.013236
0.013745
0.014318
0.014724
0.014588
0.014218
0.013539
0.012402
0.011474
0.010666
0.009756
0.009191
0.008952
0.008814
0.008724
0.008803
0.009144
0.009449
0.009727
0.010120
0.010360
0.010817
0.011305
0.011430
0.012039
0.012786
0.013217
0.013780
0.014667
0.015478
0.015887
0.016065
0.016142
0.016414
0.016505
0.016176
0.015973
0.015791
0.015380
0.014891
0.014238
0.013626
0.013091
0.012255
0.011422
0.010994
0.010459
0.009733
0.009496
0.009301
0.008951
0.008917
0.009066
0.009350
0.009487
0.009460
0.009404
0.009108
0.009000
0.009041
0.008795
0.008298
0.007849
0.007619
0.007345
0.007036
0.006674
0.006333
0.006123
0.005905
0.006138
0.006583
0.006902
0.007706
0.008778
0.009799
0.010700
0.011119
0.011069
0.010939
0.010554
0.009845
0.009312
0.008632
0.007970
0.007469
0.006628
0.005967
0.005338
0.004588
0.004165
0.003820
0.003458
0.002920
0.002488
0.002554
0.002671
0.002806
0.003326
0.003797
0.004155
0.004474
0.004538
0.004887
0.005337
0.005484
0.005827
0.006373
0.006774
0.007275
0.007623
0.007626
0.007548
0.007209
0.006612
0.005793
0.004990
0.004567
0.004000
0.003455
0.003566
0.003477
0.003431
0.003625
0.003129
0.002397
0.001796
0.001180
0.000416
-0.000215
-0.000596
-0.001390
-0.002239
-0.002652
-0.003266
-0.004255
-0.004928
-0.005455
-0.005967
-0.006005
-0.005993
-0.005645
-0.004807
-0.003994
-0.002981
-0.002019
-0.001053
0.000007
0.000687
0.001080
0.001580
0.001918
0.002098
0.002645
0.002930
0.002867
0.002967
0.002910
0.002765
0.002603
0.002357
0.001972
0.001551
0.001380
0.001388
0.001422
0.001464
0.001692
0.001970
0.002116
0.002495
0.002935
0.003115
0.003560
0.004036
0.004400
0.004747
0.004831
0.004835
0.004729
0.004586
0.004768
0.005040
0.005378
0.005720
0.005990
0.006320
0.006092
0.005842
0.005791
0.005226
0.004362
0.003447
0.002400
0.001241
0.000235
-0.000441
-0.000844
-0.000800
-0.000196
0.000469
0.001152
0.001548
0.001388
0.001007
0.000300
-0.000376
-0.000791
-0.000933
-0.000944
-0.001129
-0.001327
-0.001670
-0.002491
-0.003480
-0.004186
-0.004559
-0.004598
-0.004313
-0.004011
-0.003809
-0.003565
-0.003562
-0.003640
-0.003695
-0.003930
-0.003943
-0.003557
-0.003271
-0.003130
-0.002732
-0.002544
-0.002664
-0.002664
-0.002723
-0.002942
-0.003133
-0.003058
-0.002817
-0.002596
-0.002029
-0.001087
-0.000136
0.000670
0.000988
0.001153
0.001409
0.001511
0.001623
0.001691
0.001545
0.001290
0.001021
0.000698
0.000401
0.000069
-0.000373
-0.001110
-0.001867
-0.002440
-0.003253
-0.003959
-0.004086
-0.003876
-0.003744
-0.003492
-0.003014
-0.002854
-0.002704
-0.001980
-0.001199
-0.000788
-0.000764
-0.001137
-0.001466
-0.001533
-0.001489
-0.001500
-0.001808
-0.002222
-0.002457
-0.002546
-0.002389
-0.001999
-0.001595
-0.001201
-0.000842
-0.000447
-0.000077
-0.000084
-0.000544
-0.000983
-0.001466
-0.002136
-0.002608
-0.003157
-0.003754
-0.004260
-0.004644
-0.004819
-0.005152
-0.005681
-0.006214
-0.006494
-0.006456
-0.006270
-0.005634
-0.004539
-0.003450
-0.002401
-0.001249
-0.000520
-0.000225
0.000226
0.000504
0.000383
0.000065
-0.000452
-0.001191
-0.001757
-0.002230
-0.003004
-0.003771
-0.004233
-0.004455
-0.004464
-0.004210
-0.003716
-0.003406
-0.003547
-0.003767
-0.004185
-0.004948
-0.005820
-0.006469
-0.007049
-0.007777
-0.008198
-0.008441
-0.008949
-0.009685
-0.010462
-0.011071
-0.011464
-0.011726
-0.011889
-0.011867
-0.011694
-0.011625
-0.011602
-0.011532
-0.011720
-0.012050
-0.012034
-0.011567
-0.011022
-0.010577
-0.009947
-0.009089
-0.007856
-0.006587
-0.005718
-0.004933
-0.004136
-0.003325
-0.002583
-0.002071
-0.001838
-0.001847
-0.001925
-0.002110
-0.002402
-0.002637
-0.002954
-0.003263
-0.003397
-0.003283
-0.002969
-0.002581
-0.002088
-0.001726
-0.001467
-0.001019
-0.000544
-0.000329
-0.000164
-0.000228
-0.000746
-0.001313
-0.001903
-0.002536
-0.003107
-0.003661
-0.004121
-0.004749
-0.005508
-0.006098
-0.006487
-0.006423
-0.006239
-0.005959
-0.005383
-0.004900
-0.004607
-0.004724
-0.004903
-0.004803
-0.004858
-0.004885
-0.004903
-0.005444
-0.006213
-0.006650
-0.007026
-0.007770
-0.008691
-0.009506
-0.009982
-0.010341
-0.010637
-0.010558
-0.010327
-0.010219
-0.010253
-0.010061
-0.009895
-0.009836
-0.009788
-0.009960
-0.009900
-0.009705
-0.009417
-0.008830
-0.008056
-0.007203
-0.006344
-0.005359
-0.004503
-0.003639
-0.002646
-0.002007
-0.001836
-0.001987
-0.002257
-0.002613
-0.003041
-0.003401
-0.003465
-0.003211
-0.002904
-0.002565
-0.002207
-0.001347
-0.000276
0.000186
0.000515
0.000681
0.000496
0.000120
-0.000268
-0.000439
-0.000594
-0.000698
-0.000780
-0.000693
-0.000242
-0.000001
-0.000055
-0.000005
0.000242
0.000363
0.000484
0.000585
0.000302
0.000205
0.000180
0.000008
0.000096
0.000287
0.000165
0.000274
0.000894
0.001585
0.002666
0.003727
0.004333
0.004700
0.004800
0.004639
0.004133
0.003594
0.002990
0.002249
0.001482
0.000871
0.000756
0.000554
0.000239
0.000062
-0.000276
-0.000705
-0.001060
-0.001239
-0.001456
-0.001571
-0.001423
-0.001072
-0.000852
-0.000846
-0.000621
-0.000464
-0.000152
0.000189
0.000479
0.001030
0.001436
0.001648
0.001477
0.001083
0.000632
0.000286
0.000014
-0.000454
-0.000750
-0.000900
-0.000731
-0.000217
0.000289
0.000839
0.001703
0.002774
0.003706
0.004510
0.005044
0.005170
0.004833
0.004116
0.003294
0.002436
0.001553
0.000897
0.000488
-0.000023
-0.000484
-0.000490
-0.000382
-0.000293
0.000040
0.000287
0.000235
-0.000026
-0.000306
-0.000569
-0.001066
-0.001366
-0.001388
-0.001433
-0.001279
-0.001015
-0.000592
0.000011
0.000666
0.001137
0.001346
0.001540
0.001505
0.001244
0.001084
0.001129
0.001173
0.001070
0.001011
0.000960
0.000882
0.000875
0.000927
0.000833
0.000469
-0.000004
-0.000310
-0.000369
-0.000343
-0.000213
-0.000171
-0.000256
-0.000111
0.000181
0.000613
0.001441
0.002391
0.002927
0.002986
0.002979
0.002687
0.001950
0.001115
0.000393
-0.000350
-0.001364
-0.002374
-0.003212
-0.003820
-0.004059
-0.003983
-0.003676
-0.003104
-0.002407
-0.001849
-0.001752
-0.001871
-0.001852
-0.002181
-0.002650
-0.002933
-0.003380
-0.003840
-0.004271
-0.004808
-0.005497
-0.006450
-0.007408
-0.008108
-0.008388
-0.008233
-0.007878
-0.007555
-0.007482
-0.007479
-0.007055
-0.006400
-0.005795
-0.004942
-0.004135
-0.003308
-0.002452
-0.002047
-0.001815
-0.001481
-0.001233
-0.001210
-0.000981
-0.000660
-0.000465
-0.000158
0.000215
0.000569
0.000991
0.001662
0.002367
0.002889
0.003097
0.003042
0.003006
0.002861
0.002515
0.001995
0.001256
0.000319
-0.000672
-0.001763
-0.003000
-0.004285
-0.005320
-0.005787
-0.005689
-0.005234
-0.004557
-0.003703
-0.003208
-0.003232
-0.003644
-0.004189
-0.004627
-0.005255
-0.005701
-0.005717
-0.005912
-0.006397
-0.006903
-0.007263
-0.007175
-0.006414
-0.005106
-0.003630
-0.002121
-0.000529
0.000802
0.001653
0.002272
0.002647
0.002641
0.002385
0.001944
0.001325
0.000797
0.000431
0.000082
-0.000252
-0.000795
-0.001393
-0.001749
-0.002042
-0.002565
-0.003375
-0.004061
-0.004614
-0.005169
-0.005097
-0.004418
-0.003546
-0.002893
-0.002835
-0.002647
-0.002305
-0.002131
-0.001797
-0.001400
-0.001206
-0.000909
-0.000511
-0.000190
0.000115
0.000280
0.000685
0.001328
0.002075
0.003085
0.003972
0.004610
0.005398
0.006105
0.006325
0.006237
0.006024
0.005627
0.004864
0.004032
0.003327
0.002500
0.001618
0.000695
0.000147
0.000352
0.000918
0.001939
0.003088
0.003594
0.003731
0.003592
0.002982
0.002348
0.001926
0.001480
0.001409
0.001972
0.002505
0.002949
0.003441
0.003659
0.003663
0.003328
0.002433
0.001432
0.000853
0.000763
0.000860
0.001004
0.001049
0.000803
0.000694
0.000679
0.000379
0.000173
0.000422
0.000885
0.001331
0.001951
0.002319
0.002245
0.002273
0.002239
0.001993
0.001904
0.001852
0.001624
0.001559
0.001691
0.001899
0.002170
0.001957
0.001225
0.000646
0.000223
-0.000316
-0.000795
-0.001002
-0.001072
-0.000903
-0.000602
-0.000651
-0.000731
-0.000490
-0.000262
0.000015
0.000344
0.000360
0.000384
0.000357
0.000247
0.000238
0.000278
0.000551
0.000936
0.001240
0.001485
0.001786
0.001963
0.001773
0.001576
0.001369
0.000847
0.000270
-0.000108
-0.000219
-0.000247
-0.000188
-0.000121
-0.000469
-0.000877
-0.001328
-0.002216
-0.003091
-0.003899
-0.004601
-0.004985
-0.005337
-0.005757
-0.006088
-0.006619
-0.007352
-0.007542
-0.007197
-0.006540
-0.005684
-0.005035
-0.004431
-0.003719
-0.003121
-0.002480
-0.001773
-0.000918
-0.000096
0.000380
0.000628
0.000713
0.000771
0.000819
0.000719
-0.000106
-0.001397
-0.002060
-0.002079
-0.001985
-0.001914
-0.001952
-0.002331
-0.003028
-0.003693
-0.004229
-0.004654
-0.004728
-0.004520
-0.004116
-0.003306
-0.002142
-0.001081
-0.000405
-0.000194
-0.000438
-0.001029
-0.001956
-0.002709
-0.002879
-0.002658
-0.002204
-0.001593
-0.000637
0.000322
0.001093
0.001752
0.002103
0.002669
0.003087
0.003107
0.003528
0.003872
0.003765
0.003693
0.003270
0.002186
0.001053
-0.000100
-0.001254
-0.001951
-0.002425
-0.002824
-0.003459
-0.004255
-0.004478
-0.004423
-0.004447
-0.004695
-0.005302
-0.006193
-0.006987
-0.007521
-0.008183
-0.008704
-0.009127
-0.009543
-0.009434
-0.009081
-0.008892
-0.008464
-0.007578
-0.006468
-0.005605
-0.004994
-0.004420
-0.004188
-0.003968
-0.003789
-0.003889
-0.004022
-0.004317
-0.004468
-0.004301
-0.004145
-0.003932
-0.003682
-0.003538
-0.003165
-0.002450
-0.001763
-0.001185
-0.000616
-0.000175
0.000089
0.000137
0.000065
-0.000108
-0.000346
-0.000391
-0.000319
-0.000442
-0.000911
-0.001491
-0.002189
-0.002967
-0.003786
-0.004616
-0.005289
-0.005784
-0.006046
-0.006274
-0.006337
-0.006204
-0.005905
-0.005294
-0.004623
-0.003949
-0.003409
-0.002916
-0.002260
-0.001678
-0.001214
-0.000835
-0.000454
-0.000096
0.000009
0.000003
-0.000062
-0.000097
0.000032
0.000084
0.000181
0.000498
0.000808
0.001034
0.001230
0.001399
0.001527
0.001652
0.001954
0.002340
0.002630
0.002912
0.003207
0.003393
0.003439
0.003274
0.002823
0.002325
0.001840
0.001174
0.000422
-0.000260
-0.001030
-0.001673
-0.001798
-0.001764
-0.001809
-0.001851
-0.001901
-0.002143
-0.002518
-0.002821
-0.003167
-0.003344
-0.003536
-0.004090
-0.004802
-0.005223
-0.005253
-0.005264
-0.005165
-0.004923
-0.004660
-0.004451
-0.004107
-0.003553
-0.002965
-0.002401
-0.002171
-0.002077
-0.001661
-0.000970
-0.000396
-0.000048
0.000298
0.000431
0.000135
-0.000215
-0.000623
-0.001400
-0.002151
-0.002641
-0.003121
-0.003493
-0.003581
-0.003369
-0.002833
-0.001978
-0.000562
0.001055
0.002380
0.003612
0.004638
0.005357
0.005632
0.005550
0.005268
0.004591
0.003872
0.003225
0.002260
0.001098
0.000148
-0.000638
-0.001202
-0.001197
-0.000774
-0.000112
0.000719
0.001613
0.002531
0.003234
0.003325
0.002747
0.001824
0.001026
0.000312
-0.000516
-0.001158
-0.001768
-0.002329
-0.002480
-0.002062
-0.001336
-0.000431
0.000582
0.001218
0.001444
0.001333
0.000873
0.000124
-0.000783
-0.001707
-0.002551
-0.002915
-0.002732
-0.002454
-0.002391
-0.002766
-0.003478
-0.004205
-0.004787
-0.005308
-0.005631
-0.005561
-0.005134
-0.004418
-0.003792
-0.003183
-0.002484
-0.002053
-0.001883
-0.001774
-0.001604
-0.001280
-0.000962
-0.000833
-0.001056
-0.001444
-0.001477
-0.001224
-0.000820
-0.000221
0.000346
0.000976
0.001720
0.002449
0.003213
0.003994
0.004759
0.005512
0.006484
0.007419
0.007981
0.008166
0.007950
0.007705
0.007508
0.007082
0.006591
0.006206
0.005884
0.005776
0.005806
0.005772
0.005736
0.005677
0.005755
0.006028
0.006167
0.006252
0.006274
0.006012
0.005653
0.005336
0.005174
0.005302
0.005569
0.005876
0.006064
0.006026
0.005792
0.005335
0.004830
0.004409
0.004238
0.004398
0.004604
0.004783
0.005061
0.005296
0.005279
0.005006
0.004586
0.004068
0.003793
0.003936
0.004472
0.005466
0.006544
0.007624
0.008649
0.009451
0.010108
0.010457
0.010332
0.009573
0.008586
0.007895
0.007272
0.006430
0.005389
0.004481
0.003712
0.002798
0.001685
0.000540
-0.000051
0.000047
0.000425
0.000858
0.001289
0.001731
0.001902
0.001780
0.001571
0.001017
0.000139
-0.000542
-0.000641
0.000058
0.001404
0.002715
0.003797
0.005033
0.006351
0.007541
0.008055
0.007463
0.006045
0.004273
0.002808
0.001853
0.001337
0.001159
0.001316
0.001932
0.002857
0.004010
0.005268
0.006507
0.007661
0.008655
0.009306
0.009313
0.008955
0.008397
0.007402
0.005873
0.004114
0.002351
0.000324
-0.001687
-0.003297
-0.004455
-0.004968
-0.004701
-0.003640
-0.001967
0.000109
0.002296
0.004204
0.005882
0.007138
0.007548
0.007193
0.006260
0.004840
0.003174
0.001559
0.000190
-0.001187
-0.002613
-0.003724
-0.004594
-0.005478
-0.006316
-0.006609
-0.006150
-0.005321
-0.004595
-0.004177
-0.004135
-0.004569
-0.005395
-0.006392
-0.007391
-0.008149
-0.008342
-0.008132
-0.007705
-0.006928
-0.006110
-0.005516
-0.005081
-0.004828
-0.004545
-0.004379
-0.004283
-0.003986
-0.003746
-0.003342
-0.002866
-0.002522
-0.002427
-0.002672
-0.002818
-0.003126
-0.004021
-0.004880
-0.005192
-0.005025
-0.004290
-0.003254
-0.002265
-0.001416
-0.000834
-0.000598
-0.000467
-0.000199
0.000189
0.000715
0.001047
0.001048
0.000882
0.000340
-0.000496
-0.001290
-0.002126
-0.002844
-0.003164
-0.003066
-0.002429
-0.001634
-0.000873
0.000276
0.001653
0.002999
0.004276
0.005298
0.005911
0.006008
0.005787
0.005273
0.004178
0.002920
0.001875
0.001245
0.001103
0.001105
0.001590
0.002462
0.003135
0.003785
0.004351
0.004573
0.004709
0.004845
0.004787
0.004506
0.003975
0.003218
0.002428
0.001623
0.000704
-0.000051
-0.000623
-0.001251
-0.001623
-0.001500
-0.001270
-0.001110
-0.000821
-0.000667
-0.000732
-0.000842
-0.000958
-0.000864
-0.000468
0.000171
0.000880
0.001671
0.002445
0.003101
0.003628
0.003949
0.004203
0.004341
0.004605
0.005074
0.005540
0.006036
0.006242
0.006301
0.006232
0.005804
0.005427
0.004847
0.004202
0.003910
0.003332
0.002485
0.001825
0.001273
0.001093
0.001291
0.001407
0.001261
0.000942
0.000708
0.000640
0.000874
0.001305
0.001571
0.001646
0.001900
0.002438
0.002959
0.003360
0.003498
0.003005
0.002315
0.001822
0.000997
0.000200
-0.000368
-0.000829
-0.000814
-0.000710
-0.000685
-0.000575
-0.000380
-0.000053
0.000125
0.000272
0.000501
0.000437
0.000293
0.000251
0.000186
0.000079
-0.000209
-0.000437
-0.000460
-0.000337
-0.000181
-0.000027
0.000161
0.000199
0.000397
0.000784
0.001148
0.001740
0.002350
0.002561
0.002686
0.003009
0.003202
0.003461
0.003944
0.004377
0.004700
0.005004
0.005303
0.005248
0.004861
0.004601
0.004127
0.003272
0.002540
0.001809
0.001361
0.001542
0.001796
0.001843
0.001775
0.001540
0.001440
0.001657
0.002048
0.002556
0.002834
0.002867
0.002854
0.002827
0.002678
0.002307
0.001887
0.001557
0.001464
0.001524
0.001634
0.001822
0.001836
0.001693
0.001671
0.001572
0.001408
0.001437
0.001284
0.000845
0.000519
0.000258
-0.000295
-0.000708
-0.000499
0.000099
0.001123
0.002512
0.003856
0.005033
0.006227
0.007418
0.008196
0.008558
0.008756
0.008739
0.008385
0.007586
0.006762
0.006172
0.005579
0.005080
0.004554
0.004085
0.003903
0.003812
0.003676
0.003600
0.003735
0.003949
0.003979
0.003961
0.004211
0.004526
0.004899
0.005294
0.005213
0.004728
0.004181
0.003579
0.003058
0.002753
0.002654
0.002563
0.002378
0.002363
0.002470
0.002661
0.002920
0.003099
0.003251
0.003481
0.003691
0.003585
0.003321
0.003115
0.002899
0.002841
0.003009
0.002955
0.002512
0.002060
0.001612
0.001021
0.000376
-0.000270
-0.000892
-0.001387
-0.001658
-0.001866
-0.002057
-0.002140
-0.002382
-0.002738
-0.003047
-0.003673
-0.004356
-0.005022
-0.005826
-0.006257
-0.006561
-0.006771
-0.006821
-0.007080
-0.007054
-0.006673
-0.006093
-0.005137
-0.004178
-0.003084
-0.001803
-0.000846
-0.000068
0.000829
0.001560
0.001993
0.001968
0.001745
0.001966
0.002283
0.002738
0.003397
0.003845
0.004248
0.004574
0.004764
0.004878
0.004769
0.004723
0.004663
0.004358
0.004047
0.003674
0.003232
0.002899
0.002314
0.001503
0.000899
0.000365
-0.000027
-0.000280
-0.000498
-0.000689
-0.000856
-0.001020
-0.001383
-0.001912
-0.002391
-0.002901
-0.003432
-0.003636
-0.003500
-0.003286
-0.003012
-0.002751
-0.002609
-0.002492
-0.002452
-0.002344
-0.002147
-0.002053
-0.001978
-0.001807
-0.001611
-0.001688
-0.001824
-0.001797
-0.001984
-0.002202
-0.002166
-0.001999
-0.001932
-0.001877
-0.001613
-0.001326
-0.000983
-0.000409
0.000196
0.000465
0.000430
0.000439
0.000534
0.000480
0.000382
0.000225
0.000032
-0.000033
-0.000004
0.000086
0.000099
0.000139
0.000321
0.000468
0.000694
0.001061
0.001281
0.001301
0.001232
0.001217
0.001295
0.001346
0.001435
0.001513
0.001434
0.001572
0.002019
0.002436
0.002748
0.002988
0.003134
0.003403
0.003682
0.003651
0.003765
0.003971
0.004007
0.004053
0.004082
0.004271
0.004360
0.004281
0.004123
0.003584
0.003273
0.003402
0.003581
0.003767
0.003782
0.003582
0.003119
0.002463
0.001840
0.001282
0.000739
0.000066
-0.000401
-0.000571
-0.000716
-0.000659
-0.000668
-0.000880
-0.001007
-0.000985
-0.000882
-0.000861
-0.000732
-0.000490
-0.000429
-0.000287
0.000058
0.000341
0.000682
0.001110
0.001261
0.001371
0.001795
0.002109
0.002292
0.002736
0.003136
0.003289
0.003666
0.004122
0.004157
0.004224
0.004624
0.005260
0.006095
0.006845
0.007324
0.007642
0.008031
0.008612
0.009140
0.009324
0.009570
0.010137
0.010713
0.011248
0.011735
0.012135
0.012463
0.012516
0.012321
0.012216
0.012239
0.012005
0.011667
0.011280
0.010519
0.009866
0.009436
0.009062
0.008974
0.008835
0.008615
0.008650
0.008723
0.008589
0.008257
0.007898
0.007393
0.006700
0.006235
0.006099
0.006002
0.005714
0.005402
0.005307
0.005232
0.005166
0.005065
0.004913
0.004785
0.004396
0.003866
0.003515
0.003483
0.003468
0.003407
0.003542
0.003270
0.002376
0.001624
0.000979
0.000189
-0.000614
-0.001244
-0.001436
-0.001512
-0.001676
-0.001853
-0.002031
-0.002158
-0.001973
-0.001930
-0.002469
-0.003128
-0.003805
-0.004472
-0.004885
-0.005082
-0.005268
-0.005515
-0.005846
-0.006126
-0.006362
-0.006493
-0.006343
-0.006097
-0.005853
-0.005507
-0.005010
-0.004444
-0.003972
-0.003831
-0.003907
-0.003929
-0.004133
-0.004463
-0.004559
-0.004751
-0.005088
-0.005201
-0.005232
-0.005286
-0.005520
-0.005645
-0.005376
-0.005250
-0.005208
-0.005046
-0.004906
-0.004576
-0.004120
-0.003604
-0.002810
-0.001840
-0.001128
-0.000964
-0.000973
-0.000879
-0.000939
-0.001307
-0.001636
-0.002012
-0.002626
-0.003078
-0.003499
-0.003945
-0.004283
-0.004435
-0.004325
-0.004263
-0.004494
-0.004825
-0.004948
-0.004991
-0.005003
-0.004812
-0.004692
-0.004804
-0.005020
-0.005308
-0.005555
-0.005800
-0.006072
-0.006314
-0.006458
-0.006384
-0.006145
-0.005903
-0.005586
-0.004924
-0.004059
-0.003198
-0.002196
-0.001333
-0.000869
-0.000287
0.000468
0.000959
0.001259
0.001556
0.001957
0.002453
0.002796
0.002968
0.003109
0.003086
0.002770
0.002261
0.001633
0.000861
0.000219
-0.000143
-0.000476
-0.000825
-0.000965
-0.000866
-0.000748
-0.000591
-0.000253
0.000110
0.000336
0.000507
0.000494
0.000044
-0.000685
-0.001363
-0.002162
-0.002940
-0.003427
-0.003996
-0.004494
-0.004702
-0.004711
-0.004680
-0.004722
-0.004840
-0.005391
-0.006011
-0.006265
-0.006609
-0.006940
-0.007135
-0.007422
-0.007666
-0.007740
-0.007604
-0.007496
-0.007256
-0.006923
-0.006760
-0.006500
-0.006286
-0.006168
-0.005857
-0.005624
-0.005776
-0.005825
-0.005629
-0.005595
-0.005496
-0.005239
-0.005060
-0.004813
-0.004501
-0.004190
-0.003975
-0.004009
-0.004330
-0.004739
-0.005232
-0.005821
-0.006220
-0.006519
-0.006815
-0.007006
-0.006915
-0.006987
-0.007580
-0.008075
-0.008226
-0.008168
-0.008020
-0.007969
-0.007807
-0.007633
-0.007590
-0.007285
-0.006844
-0.006530
-0.006199
-0.005777
-0.005313
-0.004727
-0.004165
-0.003623
-0.003052
-0.002634
-0.002113
-0.001636
-0.001289
-0.001013
-0.000911
-0.001022
-0.001129
-0.000975
-0.001060
-0.001316
-0.001697
-0.002279
-0.002834
-0.003667
-0.004701
-0.005698
-0.006520
-0.007102
-0.007542
-0.007683
-0.007537
-0.007314
-0.007060
-0.007003
-0.007093
-0.007191
-0.007609
-0.008062
-0.008402
-0.009024
-0.009448
-0.009363
-0.009365
-0.009561
-0.009642
-0.009491
-0.009243
-0.008844
-0.008410
-0.008226
-0.008060
-0.007959
-0.008067
-0.008247
-0.008371
-0.008317
-0.008185
-0.007999
-0.007517
-0.006886
-0.006362
-0.005919
-0.005630
-0.005499
-0.005371
-0.005048
-0.004631
-0.004337
-0.004074
-0.003941
-0.003966
-0.003799
-0.003407
-0.003067
-0.002617
-0.001989
-0.001578
-0.001256
-0.000653
-0.000006
0.000415
0.000505
0.000319
0.000286
0.000382
0.000348
0.000334
0.000269
0.000263
0.000232
-0.000675
-0.000334
0.000077
0.000192
0.000303
0.000274
-0.000061
-0.000338
-0.000492
-0.000776
-0.000997
-0.000946
-0.000622
-0.000202
0.000444
0.001300
0.002350
0.003459
0.003982
0.004239
0.004312
0.004212
0.004351
0.004363
0.004294
0.004064
0.003530
0.002818
0.002031
0.001320
0.000683
0.000300
0.000101
0.000127
0.000517
0.001059
0.001300
0.001399
0.001591
0.001588
0.001761
0.002233
0.002593
0.003019
0.003412
0.003627
0.003813
0.003757
0.003861
0.004189
0.004290
0.004226
0.003998
0.003792
0.003780
0.003880
0.003984
0.004224
0.004658
0.004879
0.005048
0.005389
0.005725
0.005904
0.005742
0.005458
0.005167
0.004496
0.003609
0.002885
0.002134
0.001322
0.000511
-0.000199
-0.000388
0.000124
0.000776
0.001208
0.001462
0.001343
0.000949
0.000550
0.000086
-0.000300
-0.000452
-0.000668
-0.000766
-0.000825
-0.001036
-0.001013
-0.000817
-0.000539
-0.000037
0.000410
0.000485
0.000479
0.000611
0.000593
0.000374
0.000079
-0.000412
-0.001165
-0.002014
-0.002624
-0.002872
-0.003018
-0.003215
-0.003474
-0.003853
-0.004157
-0.004335
-0.004552
-0.004964
-0.005399
-0.005691
-0.005991
-0.006022
-0.005824
-0.005634
-0.005358
-0.005141
-0.004936
-0.004608
-0.004322
-0.004347
-0.004576
-0.004803
-0.005050
-0.005001
-0.004729
-0.004548
-0.004455
-0.004507
-0.004512
-0.004372
-0.004290
-0.004258
-0.004132
-0.004052
-0.003985
-0.003786
-0.003740
-0.003610
-0.003278
-0.003188
-0.003119
-0.002883
-0.002737
-0.002597
-0.002334
-0.002173
-0.002063
-0.001758
-0.001481
-0.001415
-0.001269
-0.001041
-0.000926
-0.000797
-0.000689
-0.000594
-0.000622
-0.000829
-0.000814
-0.000701
-0.000639
-0.000647
-0.000770
-0.000800
-0.000878
-0.001030
-0.001005
-0.001286
-0.001980
-0.002378
-0.002586
-0.002844
-0.003145
-0.003194
-0.002548
-0.001845
-0.001413
-0.000904
-0.000415
-0.000218
-0.000111
-0.000026
-0.000336
-0.000610
-0.000729
-0.000966
-0.001368
-0.001992
-0.002457
-0.002350
-0.001667
-0.000369
0.001142
0.002064
0.002272
0.001476
-0.000249
-0.001762
-0.002278
-0.001898
-0.000992
0.000096
0.000607
0.000308
-0.000451
-0.001822
-0.003527
-0.004874
-0.005594
-0.005628
-0.004493
-0.002380
-0.000422
0.000576
0.000250
-0.001207
-0.002820
-0.003555
-0.003325
-0.002301
-0.000854
0.000379
0.001269
0.001924
0.002394
0.002633
0.002592
0.002514
0.002444
0.002230
0.002310
0.002605
0.002817
0.003185
0.003387
0.003134
0.002564
0.002033
0.001686
0.001517
0.001773
0.002510
0.003217
0.003330
0.003039
0.002507
0.001703
0.000958
0.000530
0.000278
0.000177
0.000511
0.001065
0.001598
0.002221
0.002672
0.002778
0.002770
0.003092
0.003791
0.004310
0.004445
0.004464
0.004367
0.003928
0.003246
0.002808
0.002721
0.002734
0.002918
0.003141
0.003318
0.003431
0.003311
0.003117
0.002682
0.001904
0.001345
0.001000
0.000674
0.000552
0.000353
-0.000227
-0.000918
-0.001503
-0.001915
-0.001961
-0.001788
-0.001648
-0.001653
-0.001892
-0.002261
-0.002448
-0.002304
-0.002003
-0.001569
-0.000911
-0.000172
0.000395
0.000750
0.000935
0.000998
0.001169
0.001540
0.001784
0.001894
0.002162
0.002168
0.001833
0.001486
0.001089
0.000860
0.000888
0.000974
0.000960
0.000735
0.000375
-0.000021
-0.000507
-0.000997
-0.001408
-0.001644
-0.001555
-0.001340
-0.001252
-0.001355
-0.001553
-0.001774
-0.001836
-0.001584
-0.001159
-0.000656
-0.000165
0.000238
0.000404
0.000481
0.000754
0.001167
0.001707
0.002359
0.003039
0.003510
0.003799
0.004032
0.004130
0.004228
0.004375
0.004521
0.004627
0.004671
0.004582
0.004397
0.004290
0.004108
0.003865
0.003676
0.003431
0.003234
0.003098
0.002922
0.002691
0.002497
0.002378
0.002222
0.002045
0.001773
0.001481
0.001261
0.001028
0.000812
0.000793
0.001053
0.001378
0.001709
0.002061
0.002326
0.002432
0.002440
0.002572
0.002915
0.003404
0.003850
0.004019
0.003833
0.003458
0.003214
0.003262
0.003469
0.003632
0.003665
0.003665
0.003661
0.003608
0.003553
0.003420
0.003225
0.003074
0.002930
0.002859
0.002871
0.002825
0.002742
0.002694
0.002726
0.002841
0.002960
0.003112
0.003320
0.003523
0.003704
0.003851
0.003951
0.004025
0.004069
0.004049
0.004008
0.003932
0.003820
0.003808
0.003850
0.003884
0.003910
0.003845
0.003729
0.003564
0.003380
0.003330
0.003320
0.003312
0.003387
0.003485
0.003537
0.003515
0.003500
0.003433
0.003234
0.002943
0.002550
0.002186
0.002009
0.001985
0.001934
0.001790
0.001661
0.001651
0.001712
0.001793
0.001920
0.002071
0.002158
0.002155
0.002119
0.001988
0.001776
0.001615
0.001531
0.001535
0.001594
0.001651
0.001719
0.001796
0.001836
0.001789
0.001697
0.001589
0.001555
0.001572
0.001508
0.001504
0.001604
0.001656
0.001601
0.001506
0.001414
0.001308
0.001234
0.001234
0.001255
0.001235
0.001197
0.001129
0.001026
0.000945
0.000837
0.000742
0.000706
0.000672
0.000661
0.000604
0.000461
0.000345
0.000341
0.000432
0.000535
0.000558
0.000486
0.000381
0.000300
0.000252
0.000227
0.000236
0.000287
0.000336
0.000371
0.000436
0.000509
0.000541
0.000479
0.000350
0.000210
0.000080
-0.000007
-0.000079
-0.000138
-0.000179
-0.000233
-0.000256
-0.000208
-0.000155
-0.000160
-0.000215
-0.000321
-0.000471
-0.000608
-0.000679
-0.000703
-0.000702
-0.000664
-0.000619
-0.000598
-0.000586
-0.000585
-0.000620
-0.000674
-0.000716
-0.000742
-0.000759
-0.000755
-0.000725
-0.000691
-0.000684
-0.000670
-0.000650
-0.000686
-0.000738
-0.000807
-0.000899
-0.000924
-0.000854
-0.000743
-0.000635
-0.000538
-0.000463
-0.000412
-0.000393
-0.000426
-0.000477
-0.000525
-0.000579
-0.000613
-0.000637
-0.000664
-0.000674
-0.000668
-0.000627
-0.000562
-0.000487
-0.000414
-0.000363
-0.000340
-0.000333
-0.000349
-0.000376
-0.000398
-0.000422
-0.000418
-0.000399
-0.000394
-0.000381
-0.000361
-0.000342
-0.000342
-0.000333
-0.000313
-0.000318
-0.000323
-0.000334
-0.000337
-0.000329
-0.000344
-0.000329
-0.000294
-0.000274
-0.000257
-0.000255
-0.000276
-0.000303
-0.000337
-0.000381
-0.000410
-0.000430
-0.000443
-0.000446
-0.000456
-0.000459
-0.000466
-0.000469
-0.000453
-0.000441
-0.000428
-0.000397
-0.000363
-0.000345
-0.000328
-0.000317
-0.000330
-0.000345
-0.000361
-0.000384
-0.000408
-0.000415
-0.000403
-0.000388
-0.000375
-0.000363
-0.000355
-0.000347
-0.000330
-0.000316
-0.000316
-0.000330
-0.000348
-0.000359
-0.000379
-0.000398
-0.000405
-0.000414
-0.000427
-0.000446
-0.000467
-0.000489
-0.000503
-0.000502
-0.000496
-0.000484
-0.000461
-0.000429
-0.000391
-0.000353
-0.000318
-0.000278
-0.000237
-0.000202
-0.000185
-0.000194
-0.000218
-0.000271
-0.000360
-0.000470
-0.000582
-0.000684
-0.000753
-0.000771
-0.000739
-0.000668
-0.000583
-0.000509
-0.000459
-0.000437
-0.000438
-0.000455
-0.000483
-0.000503
-0.000505
-0.000490
-0.000461
-0.000422
-0.000376
-0.000327
-0.000283
-0.000249
-0.000230
-0.000225
-0.000230
-0.000242
-0.000256
-0.000263
-0.000267
-0.000270
-0.000276
-0.000287
-0.000304
-0.000327
-0.000345
-0.000357
-0.000363
-0.000361
-0.000352
-0.000346
-0.000341
-0.000338
-0.000336
-0.000338
-0.000340
-0.000338
-0.000333
-0.000322
-0.000310
-0.000300
-0.000291
-0.000285
-0.000283
-0.000284
-0.000285
-0.000289
-0.000295
-0.000297
-0.000297
-0.000295
-0.000291
-0.000285
-0.000280
-0.000276
-0.000272
-0.000270
-0.000269
-0.000268
-0.000268
-0.000268
-0.000268
-0.000268
-0.000266
-0.000266
-0.000266
-0.000265
-0.000265
-0.000266
-0.000265
-0.000264
-0.000264
-0.000263
-0.000261
-0.000259
-0.000257
-0.000256
-0.000255
-0.000253
-0.000252
-0.000251
-0.000250
-0.000249
-0.000247
-0.000247
-0.000245
-0.000245
-0.000243
-0.000242
-0.000241
-0.000240
-0.000240
-0.000238
-0.000238
-0.000237
-0.000236
-0.000235
-0.000234
-0.000233
-0.000232
-0.000232
-0.000230
-0.000230
-0.000228
-0.000228
-0.000227
-0.000225
