0.000000
-0.001454
0.000161
0.001909
0.001706
0.001746
0.001762
0.001753
0.001728
0.001692
0.001647
0.001592
0.001534
0.001487
0.001461
0.001454
0.001457
0.001472
0.001507
0.001552
0.001603
0.001651
0.001692
0.001722
0.001729
0.001709
0.001671
0.001628
0.001578
0.001519
0.001458
0.001401
0.001340
0.001279
0.001251
0.001270
0.001312
0.001339
0.001367
0.001432
0.001540
0.001663
0.001763
0.001824
0.001842
0.001827
0.001783
0.001708
0.001617
0.001535
0.001469
0.001426
0.001422
0.001467
0.001571
0.001695
0.001764
0.001773
0.001796
0.001869
0.001925
0.001905
0.001805
0.001661
0.001547
0.001517
0.001506
0.001458
0.001421
0.001394
0.001324
0.001232
0.001170
0.001139
0.001113
0.001069
0.001023
0.001013
0.001061
0.001128
0.001161
0.001166
0.001187
0.001210
0.001095
0.000747
0.000186
-0.000501
-0.001033
-0.001074
-0.000618
0.000097
0.000888
0.001666
0.002412
0.003037
0.003386
0.003475
0.003480
0.003503
0.003501
0.003416
0.003299
0.003260
0.003266
0.003161
0.002913
0.002651
0.002434
0.002143
0.001650
0.000875
-0.000083
-0.000787
-0.000889
-0.000285
0.000851
0.001830
0.001959
0.001224
0.000272
-0.000309
-0.000482
-0.000368
-0.000088
-0.000104
-0.000826
-0.001784
-0.001932
-0.000938
0.000585
0.001995
0.002760
0.002564
0.002050
0.002110
0.002610
0.003046
0.003604
0.004814
0.006682
0.008280
0.008577
0.007626
0.006305
0.005268
0.004568
0.004080
0.003939
0.004355
0.005285
0.006224
0.006462
0.005791
0.004553
0.003107
0.001706
0.000452
-0.000834
-0.002266
-0.003527
-0.004046
-0.003610
-0.002667
-0.001896
-0.001617
-0.001712
-0.001632
-0.001003
-0.000396
-0.000349
-0.000649
-0.001023
-0.001144
-0.000820
-0.000296
0.000488
0.001956
0.003847
0.005358
0.006194
0.006152
0.005075
0.003922
0.004106
0.005671
0.007431
0.008524
0.008856
0.008471
0.007486
0.005921
0.003200
-0.000838
-0.004937
-0.007385
-0.007427
-0.005621
-0.003232
-0.001428
-0.000413
0.000882
0.003316
0.005713
0.005962
0.003732
0.000299
-0.003231
-0.005649
-0.005509
-0.002818
0.000968
0.004522
0.006367
0.005127
0.001608
-0.001725
-0.003689
-0.004831
-0.005781
-0.006706
-0.007280
-0.006890
-0.005705
-0.004717
-0.004571
-0.004984
-0.004619
-0.001886
0.002693
0.005966
0.006061
0.005408
0.007894
0.014037
0.020093
0.021562
0.016343
0.005580
-0.007162
-0.018292
-0.025719
-0.028621
-0.027050
-0.022475
-0.017086
-0.012461
-0.010247
-0.012134
-0.017645
-0.023342
-0.025115
-0.020438
-0.009865
0.002520
0.012076
0.016848
0.016644
0.012181
0.005994
0.001544
0.000731
0.001937
0.001861
-0.000303
-0.002471
-0.002898
-0.001222
0.002910
0.010273
0.021208
0.033679
0.043012
0.045161
0.039460
0.028945
0.018851
0.013551
0.013507
0.015635
0.017066
0.016980
0.014928
0.010023
0.002522
-0.005547
-0.011983
-0.015536
-0.016877
-0.018760
-0.022386
-0.024527
-0.021232
-0.014387
-0.010551
-0.012219
-0.015181
-0.015247
-0.013867
-0.015748
-0.021751
-0.027589
-0.029189
-0.026215
-0.021237
-0.016379
-0.011591
-0.005553
0.002444
0.009928
0.013097
0.011627
0.008043
0.004083
0.000149
-0.001906
0.001173
0.009116
0.017885
0.025246
0.031029
0.033393
0.030357
0.024166
0.020212
0.021533
0.026589
0.030544
0.029012
0.023422
0.018928
0.016167
0.011568
0.005704
0.004487
0.010636
0.019186
0.021653
0.012753
-0.004703
-0.022276
-0.033378
-0.036299
-0.031831
-0.022455
-0.012792
-0.007146
-0.007450
-0.012429
-0.017957
-0.020778
-0.021203
-0.021041
-0.019959
-0.014994
-0.004699
0.006613
0.010712
0.003100
-0.011154
-0.020616
-0.017790
-0.004537
0.012350
0.026486
0.035101
0.039695
0.041634
0.041585
0.042132
0.043321
0.040335
0.031640
0.023928
0.023856
0.027771
0.024157
0.007559
-0.013684
-0.026138
-0.025707
-0.020866
-0.020876
-0.025233
-0.026627
-0.020659
-0.010125
0.000283
0.009060
0.016311
0.021478
0.022991
0.019387
0.011995
0.004860
0.001447
0.003591
0.012552
0.027466
0.042598
0.050566
0.048516
0.039402
0.030318
0.028284
0.034614
0.044507
0.050650
0.046374
0.029778
0.008211
-0.005443
-0.005304
0.000599
-0.001139
-0.012809
-0.022769
-0.022467
-0.018060
-0.020828
-0.032440
-0.043330
-0.043185
-0.030832
-0.014306
-0.003266
-0.003117
-0.012404
-0.022547
-0.024658
-0.019179
-0.013390
-0.009699
-0.004304
0.004565
0.013829
0.020024
0.022330
0.021292
0.019075
0.020132
0.026465
0.034671
0.039491
0.038716
0.035682
0.035409
0.038419
0.041249
0.040900
0.036054
0.027262
0.018538
0.015190
0.017988
0.022509
0.024350
0.020325
0.009530
-0.002210
-0.007012
-0.003721
0.002165
0.005094
0.004725
0.003185
-0.000722
-0.010509
-0.025748
-0.038749
-0.040348
-0.030361
-0.018032
-0.012064
-0.014597
-0.021854
-0.027930
-0.030344
-0.031805
-0.036164
-0.043158
-0.047971
-0.046014
-0.038057
-0.030186
-0.027621
-0.029341
-0.028789
-0.020898
-0.006973
0.008380
0.021013
0.029800
0.037152
0.044531
0.049256
0.048502
0.044920
0.043827
0.045589
0.044978
0.038320
0.028558
0.022264
0.023345
0.029723
0.035220
0.034194
0.023953
0.004757
-0.018927
-0.038979
-0.049375
-0.050292
-0.045727
-0.038040
-0.027708
-0.016375
-0.006431
-0.000438
0.001073
0.001036
0.002547
0.003123
-0.004500
-0.022737
-0.046714
-0.069538
-0.086957
-0.098618
-0.105216
-0.108109
-0.109555
-0.110798
-0.112481
-0.116388
-0.123723
-0.132487
-0.138816
-0.139477
-0.135341
-0.131287
-0.129781
-0.129500
-0.129080
-0.129176
-0.130815
-0.132802
-0.131893
-0.123617
-0.105992
-0.083191
-0.061492
-0.043510
-0.028783
-0.017400
-0.011161
-0.012198
-0.020386
-0.032291
-0.044898
-0.058196
-0.071707
-0.082872
-0.089801
-0.092660
-0.092288
-0.087968
-0.077067
-0.056749
-0.026969
0.009056
0.048102
0.087159
0.119953
0.136205
0.129391
0.104690
0.072619
0.039779
0.011171
-0.009385
-0.022573
-0.029871
-0.031704
-0.031414
-0.034215
-0.042546
-0.055862
-0.071917
-0.087942
-0.102022
-0.113469
-0.122883
-0.130809
-0.136518
-0.139885
-0.141855
-0.143212
-0.144688
-0.145611
-0.144772
-0.142627
-0.139288
-0.133944
-0.126497
-0.118079
-0.111379
-0.108847
-0.110277
-0.113023
-0.114354
-0.113766
-0.113275
-0.114744
-0.117116
-0.118330
-0.117284
-0.113315
-0.105534
-0.092576
-0.075108
-0.054588
-0.028579
0.005933
0.046859
0.088960
0.128294
0.162486
0.189463
0.209553
0.226527
0.242481
0.255906
0.266186
0.274574
0.281944
0.287954
0.291794
0.294157
0.296239
0.298275
0.299716
0.300000
0.299578
0.298600
0.296701
0.292638
0.283241
0.264372
0.230655
0.177573
0.104374
0.015657
-0.071850
-0.136664
-0.174212
-0.198157
-0.222814
-0.249322
-0.269405
-0.278987
-0.280622
-0.279443
-0.279546
-0.278744
-0.265992
-0.225172
-0.151148
-0.059522
0.032619
0.120615
0.192234
0.225076
0.221034
0.206623
0.192546
0.163819
0.107441
0.033279
-0.028745
-0.053815
-0.044855
-0.020934
0.004469
0.026387
0.043306
0.054888
0.062808
0.069279
0.073169
0.072037
0.066912
0.061448
0.057715
0.054443
0.047308
0.031308
0.007693
-0.015024
-0.030713
-0.041021
-0.049482
-0.054802
-0.053940
-0.048264
-0.041240
-0.032511
-0.017709
0.006696
0.040176
0.078314
0.114332
0.141970
0.158406
0.164214
0.163370
0.162772
0.168300
0.179418
0.187287
0.182313
0.164845
0.145326
0.132731
0.126373
0.119969
0.110910
0.101800
0.094714
0.088546
0.079925
0.065800
0.045841
0.025037
0.010878
0.004158
0.000851
0.000346
0.004560
0.012390
0.020516
0.025557
0.022842
0.009144
-0.015662
-0.049928
-0.090855
-0.134363
-0.175839
-0.211160
-0.235558
-0.244911
-0.240207
-0.228145
-0.215824
-0.206000
-0.199476
-0.197276
-0.197597
-0.198546
-0.201174
-0.205489
-0.208900
-0.207639
-0.198990
-0.183514
-0.164672
-0.145715
-0.127623
-0.111310
-0.098579
-0.089607
-0.082087
-0.072925
-0.058519
-0.036345
-0.005940
0.032637
0.076140
0.118524
0.155223
0.185179
0.209488
0.226982
0.234562
0.232237
0.224294
0.214886
0.206088
0.199644
0.196731
0.197524
0.199839
0.198812
0.190425
0.175229
0.157108
0.138995
0.124372
0.116696
0.115913
0.119262
0.124002
0.129481
0.136591
0.145651
0.154863
0.162162
0.166893
0.168055
0.163895
0.154982
0.143976
0.132842
0.122563
0.110974
0.091444
0.056309
0.001220
-0.071967
-0.148326
-0.202878
-0.225207
-0.228220
-0.228629
-0.231312
-0.234449
-0.238827
-0.245240
-0.252480
-0.260107
-0.267537
-0.272467
-0.271825
-0.263661
-0.248921
-0.229615
-0.205261
-0.173903
-0.136411
-0.098449
-0.068604
-0.051094
-0.042249
-0.037826
-0.036655
-0.039177
-0.045248
-0.052460
-0.058161
-0.059565
-0.055257
-0.047748
-0.039151
-0.028220
-0.012611
0.008397
0.031204
0.051741
0.071241
0.091482
0.108533
0.115732
0.109147
0.090928
0.068378
0.049473
0.040083
0.041404
0.050416
0.063973
0.079687
0.095905
0.111185
0.122675
0.127702
0.125899
0.116802
0.098761
0.072890
0.042569
0.012016
-0.013763
-0.031766
-0.040026
-0.037708
-0.027311
-0.013156
0.000692
0.011604
0.018519
0.021337
0.019456
0.011775
-0.000910
-0.016055
-0.031614
-0.046604
-0.058599
-0.063144
-0.058209
-0.045437
-0.027744
-0.008489
0.009150
0.024077
0.037121
0.049271
0.061190
0.072775
0.082607
0.088899
0.090113
0.083727
0.065557
0.031935
-0.014593
-0.061896
-0.097133
-0.120149
-0.136680
-0.143884
-0.133618
-0.098875
-0.040482
0.022004
0.067001
0.097932
0.127792
0.155018
0.168659
0.162978
0.143303
0.117862
0.090723
0.065393
0.045270
0.032326
0.028683
0.034920
0.049906
0.071699
0.098735
0.129231
0.157738
0.178917
0.193172
0.202486
0.204823
0.196386
0.170708
0.117878
0.040370
-0.037194
-0.091210
-0.117294
-0.122631
-0.119182
-0.114613
-0.105521
-0.088980
-0.071498
-0.060689
-0.059015
-0.065033
-0.075619
-0.087801
-0.099452
-0.109435
-0.115994
-0.117338
-0.112955
-0.100402
-0.076361
-0.045254
-0.015605
0.010356
0.034073
0.054916
0.069490
0.075902
0.076853
0.076622
0.078128
0.082987
0.091450
0.100312
0.105604
0.106801
0.105915
0.105682
0.106659
0.106560
0.102713
0.092929
0.077301
0.058077
0.037832
0.020331
0.008234
0.000293
-0.006371
-0.014656
-0.025926
-0.038002
-0.047264
-0.052733
-0.054899
-0.055189
-0.055791
-0.056939
-0.057817
-0.057067
-0.052808
-0.042362
-0.024166
0.001551
0.030265
0.050988
0.058391
0.058871
0.057528
0.050702
0.035286
0.013830
-0.008672
-0.026765
-0.036875
-0.038584
-0.033879
-0.025621
-0.015448
-0.004104
0.007240
0.017189
0.024502
0.028138
0.027419
0.021282
0.008048
-0.011878
-0.034094
-0.053280
-0.067066
-0.074598
-0.073985
-0.063294
-0.044140
-0.020212
0.004984
0.026883
0.042771
0.052912
0.057244
0.055675
0.050298
0.043026
0.031149
0.010189
-0.020302
-0.056619
-0.092470
-0.122275
-0.142880
-0.153311
-0.153723
-0.145455
-0.132756
-0.120039
-0.109067
-0.099090
-0.088072
-0.073168
-0.051053
-0.017107
0.028402
0.070926
0.095545
0.103557
0.101634
0.089626
0.064158
0.025818
-0.015524
-0.045904
-0.060064
-0.062083
-0.056624
-0.045203
-0.027512
-0.005294
0.017820
0.040146
0.061369
0.080979
0.096576
0.104949
0.106697
0.104258
0.098502
0.090847
0.083504
0.078086
0.075890
0.076898
0.078362
0.077484
0.074918
0.071595
0.066102
0.057489
0.047045
0.037828
0.032290
0.029562
0.025753
0.017413
0.003390
-0.015063
-0.034087
-0.050540
-0.065057
-0.077940
-0.087239
-0.092439
-0.093217
-0.088638
-0.079844
-0.069670
-0.061212
-0.056990
-0.058086
-0.064932
-0.076371
-0.087872
-0.095460
-0.099271
-0.101364
-0.102434
-0.101298
-0.096521
-0.088654
-0.079240
-0.067599
-0.052156
-0.032308
-0.009885
0.011328
0.029346
0.043317
0.051238
0.051153
0.043379
0.031366
0.020118
0.012680
0.009253
0.009499
0.012979
0.018073
0.022036
0.021910
0.015910
0.005746
-0.003858
-0.010165
-0.014099
-0.017094
-0.018735
-0.017602
-0.014353
-0.011771
-0.012344
-0.017032
-0.024228
-0.031753
-0.039278
-0.046569
-0.052068
-0.053596
-0.050314
-0.041206
-0.025001
-0.003783
0.018616
0.037989
0.049948
0.052031
0.044911
0.032002
0.017067
0.002080
-0.012199
-0.024559
-0.032759
-0.035165
-0.032673
-0.027188
-0.020101
-0.013239
-0.008412
-0.004611
0.000941
0.009494
0.020740
0.032821
0.042562
0.048942
0.054164
0.059376
0.063136
0.063343
0.059236
0.051904
0.042825
0.032153
0.019632
0.006360
-0.006332
-0.017223
-0.025886
-0.032592
-0.036439
-0.036948
-0.034842
-0.029974
-0.022391
-0.013649
-0.005186
0.002634
0.009394
0.013491
0.013992
0.012172
0.009672
0.006386
0.000805
-0.007659
-0.018265
-0.028471
-0.034850
-0.036383
-0.034331
-0.030572
-0.025474
-0.017876
-0.008721
-0.001292
0.002581
0.003434
0.002564
0.001129
-0.000177
-0.000299
0.001798
0.005292
0.008188
0.009511
0.009575
0.007942
0.003632
-0.002698
-0.009731
-0.016134
-0.020470
-0.022152
-0.021578
-0.019347
-0.015421
-0.009641
-0.001727
0.008510
0.020267
0.031796
0.040478
0.045019
0.047054
0.048741
0.050217
0.049880
0.046822
0.041875
0.035843
0.028119
0.018736
0.010128
0.004551
0.001540
0.000085
0.001247
0.005263
0.009214
0.010694
0.010534
0.010119
0.008611
0.005076
0.001076
-0.001315
-0.001852
-0.001471
-0.001307
-0.002221
-0.004036
-0.005894
-0.007568
-0.009377
-0.010839
-0.011439
-0.012051
-0.013429
-0.014929
-0.015566
-0.014969
-0.013902
-0.013246
-0.012461
-0.011633
-0.011980
-0.013938
-0.017067
-0.020859
-0.025092
-0.028735
-0.029858
-0.027261
-0.021856
-0.015445
-0.008808
-0.002397
0.003227
0.007881
0.011682
0.014179
0.013752
0.009796
0.003750
-0.003114
-0.010130
-0.016445
-0.020903
-0.022290
-0.019562
-0.013393
-0.006506
-0.001401
0.000263
-0.002040
-0.007545
-0.014962
-0.023408
-0.031315
-0.036050
-0.036802
-0.034806
-0.031611
-0.027562
-0.021731
-0.013969
-0.006052
-0.000214
0.002276
0.001259
-0.001602
-0.004550
-0.007476
-0.011333
-0.016157
-0.019373
-0.018958
-0.015364
-0.008971
-0.000241
0.009024
0.017903
0.026665
0.034011
0.038654
0.040349
0.038274
0.031957
0.021672
0.009007
-0.003688
-0.014238
-0.021258
-0.025837
-0.029433
-0.031173
-0.030064
-0.026816
-0.022176
-0.016501
-0.010648
-0.005779
-0.002417
-0.000091
0.002354
0.006301
0.011954
0.018461
0.025044
0.030573
0.033940
0.034942
0.034357
0.032738
0.029783
0.025538
0.020625
0.014961
0.008334
0.001858
-0.003799
-0.008908
-0.012359
-0.012821
-0.011582
-0.010820
-0.010919
-0.011439
-0.011943
-0.011547
-0.009739
-0.007221
-0.004826
-0.001905
0.002837
0.008426
0.010977
0.007572
-0.000265
-0.008666
-0.015080
-0.018371
-0.018458
-0.017245
-0.016574
-0.016114
-0.015717
-0.016456
-0.018797
-0.022475
-0.026700
-0.030203
-0.031998
-0.031337
-0.027843
-0.021749
-0.012518
0.001434
0.019117
0.034871
0.043006
0.043853
0.042238
0.040350
0.037120
0.032526
0.027625
0.023132
0.019836
0.019038
0.021620
0.026506
0.031563
0.035903
0.039767
0.043266
0.044943
0.042179
0.034917
0.026024
0.018106
0.012190
0.008169
0.006162
0.007249
0.011778
0.018199
0.024828
0.030825
0.036236
0.041881
0.048247
0.054393
0.058177
0.058111
0.054451
0.048322
0.040148
0.030512
0.020414
0.010063
0.000460
-0.007877
-0.016441
-0.025838
-0.035099
-0.043336
-0.050955
-0.059431
-0.069238
-0.078712
-0.085134
-0.086929
-0.084795
-0.080016
-0.072462
-0.061398
-0.048080
-0.035255
-0.024890
-0.018857
-0.018132
-0.020390
-0.022692
-0.023711
-0.021641
-0.015339
-0.006451
0.002837
0.011963
0.021594
0.032332
0.043759
0.054035
0.060410
0.061253
0.056854
0.048915
0.040018
0.032250
0.025985
0.020783
0.017286
0.016285
0.017101
0.018660
0.020340
0.021112
0.019389
0.014426
0.007394
0.000634
-0.004120
-0.007114
-0.008758
-0.007733
-0.003044
0.005482
0.017230
0.029988
0.042093
0.053036
0.061781
0.066850
0.067943
0.066261
0.061943
0.053925
0.042442
0.028522
0.013718
-0.000368
-0.014192
-0.027479
-0.037873
-0.045571
-0.053209
-0.060875
-0.066133
-0.068046
-0.067178
-0.063246
-0.055946
-0.046964
-0.039417
-0.034839
-0.033044
-0.033870
-0.036601
-0.039826
-0.041606
-0.039801
-0.033430
-0.023241
-0.009938
0.006787
0.024522
0.037362
0.041791
0.038435
0.030000
0.019789
0.009844
0.001214
-0.005014
-0.007747
-0.006875
-0.003509
0.001551
0.008529
0.017104
0.025604
0.031896
0.034333
0.033480
0.031164
0.027352
0.021492
0.014594
0.007619
0.000599
-0.006131
-0.011168
-0.012130
-0.007542
0.000831
0.009821
0.017378
0.023163
0.027808
0.031050
0.032063
0.030987
0.028598
0.025214
0.020985
0.015585
0.008500
0.000827
-0.006255
-0.013056
-0.019403
-0.023798
-0.025783
-0.026696
-0.026767
-0.024232
-0.018030
-0.009336
-0.000502
0.006311
0.009904
0.009901
0.006258
-0.000100
-0.007344
-0.014759
-0.022222
-0.028268
-0.031509
-0.032438
-0.031587
-0.028100
-0.022442
-0.016713
-0.012380
-0.009581
-0.007070
-0.003208
0.002353
0.008564
0.014266
0.018140
0.019176
0.017569
0.014110
0.009332
0.003685
-0.001451
-0.004792
-0.006047
-0.005985
-0.005269
-0.003955
-0.003322
-0.005028
-0.008622
-0.011810
-0.013312
-0.012868
-0.010227
-0.005901
-0.000541
0.005491
0.012086
0.018871
0.024528
0.028047
0.028660
0.026029
0.021274
0.014784
0.005477
-0.006493
-0.018831
-0.029138
-0.036198
-0.039374
-0.038782
-0.034508
-0.026813
-0.017157
-0.007176
0.001030
0.005157
0.004229
-0.001506
-0.011414
-0.023948
-0.037377
-0.050272
-0.060659
-0.067389
-0.070985
-0.071697
-0.068714
-0.061143
-0.049403
-0.036439
-0.024454
-0.013819
-0.004934
0.002338
0.007624
0.010337
0.010633
0.009285
0.006671
0.001201
-0.008239
-0.019178
-0.027350
-0.031500
-0.033173
-0.033334
-0.031976
-0.029160
-0.025531
-0.021873
-0.018056
-0.013121
-0.006435
0.001655
0.010570
0.019916
0.028203
0.033851
0.035515
0.032539
0.026486
0.018708
0.009652
-0.000130
-0.010485
-0.020308
-0.028013
-0.032925
-0.035165
-0.035450
-0.033633
-0.028842
-0.021887
-0.015002
-0.009582
-0.006799
-0.006735
-0.008153
-0.011358
-0.016443
-0.021939
-0.027391
-0.032175
-0.034612
-0.034533
-0.032602
-0.029475
-0.025771
-0.021593
-0.016433
-0.009575
-0.002409
0.002736
0.005841
0.008244
0.009826
0.009250
0.007001
0.004951
0.003927
0.003414
0.002530
0.001181
-0.000998
-0.004415
-0.008066
-0.011482
-0.015170
-0.019186
-0.022510
-0.023161
-0.019812
-0.012754
-0.003706
0.005269
0.012846
0.018933
0.023392
0.024499
0.021254
0.015150
0.008329
0.001500
-0.005026
-0.010383
-0.014692
-0.018868
-0.023519
-0.027831
-0.030723
-0.031854
-0.030819
-0.027523
-0.020848
-0.010366
0.001877
0.014696
0.027727
0.039569
0.048855
0.054417
0.055554
0.053073
0.047496
0.038825
0.028098
0.015886
0.002222
-0.012264
-0.025693
-0.036038
-0.043259
-0.047748
-0.049134
-0.047280
-0.043170
-0.038290
-0.033306
-0.027841
-0.022379
-0.017830
-0.013147
-0.006605
0.002322
0.011956
0.020259
0.027507
0.034201
0.038350
0.037772
0.033635
0.028808
0.024718
0.021336
0.018393
0.015829
0.013270
0.010355
0.006847
0.002518
-0.001612
-0.003784
-0.002513
0.002206
0.007838
0.012683
0.017013
0.020036
0.019791
0.016462
0.012722
0.010317
0.009632
0.010711
0.012365
0.012897
0.012482
0.012646
0.014082
0.015938
0.017575
0.019226
0.020192
0.019922
0.018359
0.014121
0.006378
-0.003014
-0.011879
-0.019697
-0.025443
-0.027279
-0.025693
-0.022264
-0.017257
-0.011000
-0.004804
-0.000557
0.001639
0.003147
0.004675
0.007443
0.012389
0.018384
0.023540
0.027172
0.029123
0.028124
0.023252
0.016389
0.010480
0.006629
0.005373
0.007629
0.012687
0.018711
0.024550
0.029365
0.032773
0.034707
0.034919
0.034129
0.032734
0.029453
0.024709
0.020245
0.015419
0.008370
-0.000869
-0.009839
-0.016635
-0.021781
-0.025707
-0.027393
-0.026656
-0.024510
-0.021724
-0.018237
-0.014198
-0.010957
-0.009468
-0.009481
-0.010377
-0.011143
-0.010769
-0.009707
-0.009265
-0.009272
-0.008326
-0.006104
-0.003260
-0.000359
0.002136
0.004353
0.006500
0.008600
0.011155
0.013483
0.013301
0.010373
0.006748
0.003303
-0.000415
-0.004196
-0.006609
-0.005633
-0.000102
0.008959
0.019215
0.028664
0.036223
0.041530
0.043776
0.041525
0.035192
0.026754
0.017727
0.009756
0.004010
0.001070
0.001371
0.004096
0.007540
0.009943
0.010807
0.011161
0.011158
0.010346
0.008365
0.004696
-0.000429
-0.006319
-0.011291
-0.014082
-0.015433
-0.016250
-0.016980
-0.017822
-0.018564
-0.018257
-0.015681
-0.010908
-0.005350
0.001328
0.011109
0.022654
0.031901
0.037083
0.038793
0.037205
0.031924
0.023808
0.014546
0.004939
-0.004641
-0.013417
-0.019895
-0.022645
-0.022174
-0.019899
-0.016354
-0.011424
-0.005163
0.002253
0.010396
0.017803
0.023011
0.025440
0.025185
0.021846
0.015205
0.006667
-0.002772
-0.011813
-0.017769
-0.019637
-0.018685
-0.015671
-0.010883
-0.005964
-0.002570
-0.001095
-0.000835
-0.000434
0.000567
0.000832
-0.001492
-0.006447
-0.011753
-0.015429
-0.017683
-0.018965
-0.018600
-0.016585
-0.014821
-0.014261
-0.013376
-0.011243
-0.008446
-0.005473
-0.001759
0.002628
0.005782
0.006370
0.004516
0.000631
-0.005346
-0.013089
-0.020692
-0.025947
-0.028003
-0.026768
-0.023089
-0.019218
-0.016655
-0.014789
-0.012907
-0.011578
-0.010782
-0.009380
-0.007176
-0.004675
-0.001943
0.000516
0.002318
0.004094
0.006317
0.008781
0.010770
0.011627
0.011394
0.009570
0.005609
0.000285
-0.005600
-0.011671
-0.017525
-0.022707
-0.026294
-0.027093
-0.023891
-0.016174
-0.005682
0.004705
0.013287
0.019478
0.023868
0.027473
0.029325
0.028119
0.024834
0.021044
0.016786
0.012069
0.007800
0.004451
0.002357
0.001580
0.001746
0.002907
0.005274
0.008631
0.013234
0.018946
0.023674
0.025650
0.025200
0.023455
0.021067
0.018334
0.015503
0.013504
0.012854
0.012287
0.010293
0.006782
0.002831
-0.000628
-0.003164
-0.004989
-0.006778
-0.008877
-0.011364
-0.013796
-0.014369
-0.011948
-0.008162
-0.004552
-0.000786
0.002933
0.005692
0.007304
0.008120
0.008492
0.008004
0.006493
0.005439
0.006331
0.008589
0.011024
0.013333
0.014728
0.014863
0.014437
0.014154
0.014376
0.014871
0.015526
0.016681
0.018353
0.019734
0.019877
0.018826
0.017003
0.014132
0.009800
0.003625
-0.003947
-0.011420
-0.017110
-0.019846
-0.020303
-0.020164
-0.019998
-0.019251
-0.017594
-0.015608
-0.014146
-0.012809
-0.009915
-0.004976
0.000634
0.005828
0.010218
0.012783
0.012459
0.010092
0.007748
0.005351
0.001242
-0.004054
-0.008084
-0.009454
-0.009507
-0.010162
-0.011050
-0.011041
-0.010662
-0.011476
-0.013980
-0.016751
-0.018389
-0.019175
-0.019358
-0.018061
-0.014903
-0.010579
-0.005993
-0.001893
0.000696
0.000503
-0.001849
-0.004137
-0.005527
-0.006871
-0.008345
-0.008806
-0.007797
-0.005617
-0.002248
0.002561
0.008413
0.013559
0.016505
0.017696
0.017608
0.015433
0.011633
0.008164
0.006370
0.006538
0.007990
0.010322
0.013466
0.016510
0.018218
0.018130
0.016609
0.013575
0.008403
0.001339
-0.005809
-0.011058
-0.014140
-0.015882
-0.016999
-0.018018
-0.019201
-0.020801
-0.022419
-0.023395
-0.024331
-0.025944
-0.028036
-0.029690
-0.029807
-0.028353
-0.026206
-0.023621
-0.019527
-0.013747
-0.008198
-0.004253
-0.001726
0.000125
0.001708
0.002758
0.003165
0.003508
0.004453
0.006117
0.008533
0.012367
0.017479
0.022384
0.025970
0.027186
0.024617
0.018752
0.012550
0.007709
0.002980
-0.002485
-0.007713
-0.011775
-0.013945
-0.014468
-0.014870
-0.015250
-0.014938
-0.014535
-0.014310
-0.013370
-0.011579
-0.009912
-0.008482
-0.006935
-0.005843
-0.005684
-0.006220
-0.007632
-0.010192
-0.012760
-0.013978
-0.013979
-0.013216
-0.011587
-0.008831
-0.004822
-0.000865
0.000730
-0.001148
-0.005220
-0.009751
-0.014477
-0.017588
-0.016184
-0.010896
-0.004306
0.003054
0.010975
0.017311
0.020721
0.022298
0.023457
0.024309
0.024360
0.024132
0.024617
0.025502
0.025938
0.025795
0.025435
0.025060
0.024691
0.024542
0.023844
0.021544
0.018376
0.015311
0.012142
0.008300
0.003181
-0.002736
-0.007732
-0.010735
-0.011930
-0.011865
-0.010229
-0.007227
-0.005403
-0.006499
-0.009313
-0.012485
-0.015825
-0.019091
-0.021222
-0.021027
-0.018673
-0.015655
-0.013125
-0.012067
-0.014137
-0.019677
-0.026466
-0.032222
-0.036854
-0.040880
-0.043580
-0.044192
-0.042991
-0.040493
-0.036804
-0.031726
-0.025192
-0.017879
-0.011079
-0.006110
-0.003882
-0.004619
-0.007088
-0.009233
-0.010652
-0.012094
-0.013146
-0.012810
-0.011869
-0.011728
-0.011240
-0.008380
-0.003661
0.000701
0.003999
0.007483
0.011957
0.016586
0.019489
0.019836
0.018929
0.018404
0.018478
0.018577
0.018800
0.019265
0.019638
0.019769
0.019774
0.020175
0.021163
0.021442
0.019764
0.017169
0.015056
0.013426
0.012347
0.012218
0.012874
0.013562
0.013882
0.013671
0.012518
0.009946
0.005722
0.001135
-0.001808
-0.003039
-0.004350
-0.006574
-0.008407
-0.009195
-0.010226
-0.012050
-0.013304
-0.013211
-0.012780
-0.012707
-0.012621
-0.011867
-0.009680
-0.006253
-0.002750
0.000112
0.001699
0.001338
-0.000942
-0.004546
-0.009202
-0.014505
-0.018922
-0.021092
-0.020647
-0.017726
-0.012958
-0.007498
-0.002598
0.001456
0.004894
0.007181
0.008450
0.009771
0.010759
0.010322
0.008906
0.007644
0.006671
0.004853
0.001332
-0.002759
-0.005538
-0.006300
-0.005181
-0.002616
0.000261
0.002125
0.002790
0.002912
0.002638
0.001445
-0.001163
-0.004660
-0.007313
-0.007850
-0.006705
-0.004905
-0.002680
0.000044
0.002686
0.004484
0.005292
0.005619
0.006233
0.007438
0.008759
0.009359
0.008994
0.008526
0.008519
0.008566
0.008441
0.008257
0.008087
0.007636
0.006624
0.005399
0.003810
0.001417
-0.000993
-0.002506
-0.003435
-0.004516
-0.005588
-0.005987
-0.005653
-0.005123
-0.004978
-0.005065
-0.004803
-0.003823
-0.002201
-0.000948
-0.000505
-0.000111
0.000867
0.002746
0.005022
0.006824
0.007831
0.008081
0.008178
0.008805
0.009841
0.010944
0.012417
0.014599
0.016889
0.018543
0.019749
0.020731
0.021002
0.020536
0.020528
0.021250
0.021647
0.021774
0.022218
0.022593
0.021860
0.019510
0.016016
0.012256
0.008574
0.004991
0.002285
0.000564
-0.000931
-0.002313
-0.003482
-0.004463
-0.005285
-0.005655
-0.005121
-0.003996
-0.002942
-0.002003
-0.000588
0.001454
0.003994
0.007391
0.011509
0.015863
0.020286
0.024101
0.025730
0.024405
0.021078
0.016762
0.011796
0.007018
0.003662
0.002353
0.002762
0.004235
0.006928
0.011264
0.016678
0.021396
0.024056
0.024816
0.024198
0.022855
0.021884
0.021401
0.019946
0.016668
0.012907
0.010465
0.008828
0.006225
0.002663
-0.000674
-0.003611
-0.006088
-0.007276
-0.007440
-0.007494
-0.006864
-0.004526
-0.001107
0.002072
0.005143
0.008878
0.012532
0.015170
0.016886
0.017050
0.014762
0.010361
0.004982
-0.000341
-0.004519
-0.006895
-0.007561
-0.006538
-0.004289
-0.001510
0.001985
0.006743
0.012298
0.018232
0.024499
0.029882
0.033744
0.036449
0.037460
0.036195
0.033120
0.029154
0.024904
0.019851
0.013056
0.005162
-0.002053
-0.008042
-0.013263
-0.017110
-0.018537
-0.018095
-0.016914
-0.014898
-0.011696
-0.008221
-0.005652
-0.003337
-0.000804
0.000500
0.000038
-0.001142
-0.002623
-0.004795
-0.007595
-0.010700
-0.013844
-0.016744
-0.018602
-0.018096
-0.014894
-0.009770
-0.003459
0.004023
0.012483
0.019972
0.024595
0.026430
0.025898
0.023612
0.020612
0.016803
0.011773
0.006949
0.003966
0.002065
-0.000143
-0.002440
-0.003696
-0.003424
-0.002643
-0.002511
-0.002948
-0.003257
-0.004026
-0.006313
-0.008353
-0.008365
-0.007820
-0.008322
-0.009335
-0.010277
-0.011581
-0.013262
-0.014867
-0.015560
-0.014600
-0.012021
-0.008497
-0.005057
-0.002369
-0.000080
0.002289
0.003811
0.003638
0.002267
0.000239
-0.001775
-0.003042
-0.003764
-0.003999
-0.003314
-0.002062
-0.000829
0.000301
0.000904
0.000640
0.000120
-0.000709
-0.003035
-0.006225
-0.007625
-0.006602
-0.004717
-0.001954
0.002061
0.005719
0.008216
0.010401
0.012247
0.013052
0.012990
0.012791
0.012591
0.012325
0.012402
0.012740
0.012304
0.010339
0.007739
0.005767
0.003768
0.000531
-0.003579
-0.007691
-0.011860
-0.016080
-0.019789
-0.022879
-0.025889
-0.029140
-0.031723
-0.032566
-0.031972
-0.030395
-0.027784
-0.024566
-0.021400
-0.018483
-0.015611
-0.013097
-0.011572
-0.011037
-0.011758
-0.014082
-0.017190
-0.020088
-0.021896
-0.021768
-0.019924
-0.016787
-0.012456
-0.007225
-0.001848
0.001783
0.002438
0.000732
-0.002697
-0.007577
-0.012699
-0.016066
-0.017244
-0.017349
-0.016891
-0.015400
-0.012555
-0.009269
-0.006894
-0.005401
-0.003966
-0.002426
-0.000977
0.000023
0.000952
0.002168
0.002176
0.000224
-0.002272
-0.004319
-0.006072
-0.006924
-0.005684
-0.003193
-0.001290
0.000101
0.002539
0.006296
0.009471
0.010681
0.010256
0.008622
0.005856
0.002336
-0.000985
-0.003224
-0.004419
-0.004802
-0.004125
-0.002711
-0.001884
-0.002433
-0.004077
-0.006152
-0.007865
-0.008769
-0.008646
-0.007675
-0.006769
-0.006332
-0.006004
-0.005155
-0.003631
-0.002161
-0.000993
0.000007
0.000839
0.001405
0.001590
0.001677
0.001432
0.000409
-0.001106
-0.002575
-0.003813
-0.004446
-0.004094
-0.002952
-0.000831
0.001309
0.001461
-0.000010
-0.001831
-0.004475
-0.008060
-0.011244
-0.013486
-0.015054
-0.015074
-0.012872
-0.009446
-0.005423
-0.000485
0.004941
0.009920
0.014151
0.017108
0.018047
0.017255
0.015534
0.013691
0.011889
0.009096
0.005424
0.003063
0.003004
0.004318
0.006137
0.008175
0.010200
0.011744
0.012781
0.013399
0.013234
0.012127
0.010553
0.008943
0.007157
0.005164
0.002769
-0.000487
-0.004225
-0.008422
-0.013254
-0.017930
-0.021711
-0.024008
-0.025091
-0.025911
-0.026220
-0.025246
-0.023392
-0.021053
-0.017690
-0.012936
-0.006791
0.000136
0.006880
0.013265
0.018530
0.020922
0.019908
0.016274
0.011539
0.007084
0.002927
-0.001050
-0.003868
-0.004938
-0.004850
-0.004414
-0.003627
-0.001849
0.001076
0.004994
0.008567
0.010054
0.010146
0.010358
0.010607
0.009968
0.008718
0.008356
0.009398
0.010911
0.011691
0.011132
0.009759
0.008469
0.007240
0.005890
0.004862
0.004600
0.005558
0.007405
0.008953
0.010318
0.012169
0.013497
0.013029
0.011145
0.008256
0.004026
-0.001087
-0.005792
-0.009368
-0.012505
-0.015556
-0.016978
-0.015697
-0.012710
-0.009231
-0.005677
-0.002846
-0.001683
-0.001793
-0.002202
-0.002046
-0.000503
0.002543
0.005983
0.008023
0.008276
0.007996
0.007676
0.006699
0.004948
0.002434
-0.000466
-0.001886
-0.001399
-0.000789
-0.000400
0.000224
-0.000050
-0.001888
-0.003851
-0.004761
-0.005184
-0.005291
-0.004147
-0.002178
-0.000777
-0.000141
0.000359
0.000493
-0.000926
-0.003997
-0.007193
-0.009018
-0.009541
-0.009282
-0.007704
-0.004733
-0.001081
0.002907
0.006802
0.009801
0.011216
0.010587
0.007898
0.003534
-0.001968
-0.007496
-0.011870
-0.014490
-0.014809
-0.013013
-0.009932
-0.005413
0.000710
0.006929
0.011360
0.013871
0.015072
0.013920
0.009332
0.002928
-0.003173
-0.008574
-0.012901
-0.015390
-0.016136
-0.015827
-0.014698
-0.012629
-0.009762
-0.006403
-0.002958
0.000327
0.003433
0.006428
0.008925
0.009746
0.008473
0.006259
0.004762
0.004146
0.002776
-0.000134
-0.003533
-0.006503
-0.009236
-0.011899
-0.013933
-0.014609
-0.013870
-0.012169
-0.009745
-0.006752
-0.003626
-0.000987
0.001004
0.002666
0.004066
0.004995
0.005251
0.004733
0.003722
0.003049
0.003162
0.003785
0.004726
0.005865
0.007374
0.009815
0.013018
0.015949
0.017987
0.019491
0.020425
0.019509
0.015901
0.010456
0.004508
-0.001719
-0.008421
-0.014593
-0.018558
-0.019964
-0.019716
-0.018171
-0.014583
-0.009323
-0.004646
-0.001417
0.001201
0.002958
0.003132
0.002455
0.001844
0.000697
-0.001813
-0.004645
-0.006402
-0.007572
-0.008904
-0.009569
-0.008408
-0.005768
-0.003004
-0.000554
0.002490
0.006632
0.010700
0.013432
0.015349
0.017517
0.019071
0.017988
0.014761
0.011889
0.009866
0.006988
0.002790
-0.001057
-0.003881
-0.006704
-0.009675
-0.012032
-0.013629
-0.014836
-0.015759
-0.015950
-0.014709
-0.012325
-0.010181
-0.008565
-0.007074
-0.006168
-0.005865
-0.005790
-0.005814
-0.005440
-0.004368
-0.002610
0.000196
0.003770
0.007190
0.010322
0.012759
0.013689
0.013566
0.012896
0.010904
0.007715
0.005233
0.004249
0.004074
0.004625
0.005908
0.007563
0.009003
0.009982
0.011175
0.012104
0.011715
0.010594
0.009405
0.007747
0.005579
0.003541
0.001494
-0.000958
-0.002969
-0.003851
-0.004236
-0.004765
-0.004701
-0.002615
0.001582
0.006536
0.011095
0.015420
0.019744
0.022715
0.023020
0.020900
0.017344
0.012733
0.006566
-0.000644
-0.007201
-0.011898
-0.014548
-0.015493
-0.014750
-0.012664
-0.009973
-0.006195
-0.000942
0.003672
0.005919
0.006705
0.006417
0.004434
0.000843
-0.003457
-0.007065
-0.009663
-0.011913
-0.013268
-0.012808
-0.011150
-0.008993
-0.006165
-0.002958
0.000030
0.002474
0.004309
0.005923
0.007176
0.007623
0.007375
0.006649
0.005912
0.005230
0.003757
0.000806
-0.003062
-0.006640
-0.009503
-0.011252
-0.011142
-0.009738
-0.008451
-0.007442
-0.005895
-0.003832
-0.002034
-0.000428
0.001639
0.003921
0.005002
0.003948
0.001980
0.000498
-0.001304
-0.003925
-0.005574
-0.005286
-0.004289
-0.003013
-0.000674
0.002210
0.004056
0.004495
0.004402
0.003802
0.002549
0.001767
0.001731
0.001246
-0.000255
-0.002136
-0.003378
-0.003658
-0.003220
-0.002360
-0.001275
0.000036
0.001173
0.001765
0.002164
0.002665
0.002717
0.001777
0.000489
-0.000119
-0.000148
-0.000260
-0.000453
-0.000831
-0.001841
-0.003445
-0.005007
-0.005303
-0.003964
-0.002347
-0.001514
-0.001460
-0.002140
-0.003346
-0.004433
-0.005110
-0.005357
-0.004371
-0.001700
0.001697
0.005040
0.007881
0.009587
0.010356
0.010337
0.008362
0.003983
-0.001018
-0.004901
-0.007990
-0.010983
-0.013398
-0.014495
-0.014496
-0.013429
-0.010101
-0.005103
-0.001047
0.001741
0.004517
0.007016
0.008759
0.010216
0.011403
0.011570
0.010468
0.008483
0.006160
0.004135
0.002760
0.002366
0.003323
0.005062
0.005942
0.005003
0.003157
0.001660
0.000708
0.000406
0.001307
0.003095
0.003998
0.002466
-0.000526
-0.002649
-0.003136
-0.002265
-0.000163
0.002578
0.005551
0.008991
0.012155
0.013625
0.013282
0.011857
0.009513
0.006575
0.004193
0.003120
0.002930
0.002838
0.002972
0.004058
0.005830
0.007762
0.010410
0.014082
0.018015
0.021300
0.023330
0.023752
0.022509
0.019983
0.016562
0.012124
0.006857
0.001497
-0.003832
-0.009433
-0.014871
-0.019416
-0.023191
-0.025975
-0.026343
-0.024207
-0.021002
-0.016903
-0.011440
-0.005542
-0.000890
0.001679
0.002950
0.004122
0.004621
0.003256
0.000868
-0.001274
-0.003693
-0.006715
-0.008935
-0.009341
-0.008514
-0.007068
-0.004923
-0.002664
-0.001359
-0.000889
-0.000748
-0.001377
-0.002650
-0.002817
-0.001084
0.001520
0.004482
0.007666
0.010329
0.011533
0.010782
0.009019
0.007804
0.007244
0.006317
0.004778
0.003741
0.004131
0.005093
0.004935
0.003101
0.000462
-0.002164
-0.004807
-0.007203
-0.008880
-0.010098
-0.011690
-0.014237
-0.016844
-0.017662
-0.016095
-0.012674
-0.007425
-0.000456
0.006808
0.012079
0.013898
0.012765
0.009858
0.006093
0.002393
-0.001329
-0.005199
-0.007676
-0.007809
-0.007177
-0.007195
-0.006920
-0.005219
-0.002649
-0.000578
0.000477
0.001344
0.002498
0.003062
0.002219
0.000722
0.000274
0.001007
0.001696
0.002307
0.003217
0.003708
0.003315
0.002344
0.001284
0.000976
0.001630
0.002599
0.003332
0.003234
0.002018
0.000079
-0.002004
-0.003996
-0.006444
-0.009941
-0.013823
-0.016829
-0.018512
-0.019378
-0.019638
-0.018159
-0.014235
-0.009406
-0.005536
-0.002469
0.000948
0.004608
0.007303
0.008921
0.010012
0.010092
0.009328
0.008729
0.008148
0.006947
0.005183
0.003547
0.002556
0.001991
0.001629
0.001931
0.003509
0.005884
0.007718
0.008315
0.008172
0.008168
0.008047
0.006812
0.004247
0.000409
-0.004669
-0.010137
-0.014803
-0.018200
-0.020715
-0.022971
-0.024636
-0.024405
-0.022326
-0.019919
-0.017533
-0.014676
-0.011640
-0.008714
-0.006392
-0.005814
-0.006765
-0.007920
-0.009262
-0.011479
-0.013783
-0.014907
-0.014901
-0.014139
-0.012328
-0.008845
-0.003613
0.002344
0.007553
0.010655
0.011033
0.009462
0.006900
0.003375
-0.001295
-0.007102
-0.013398
-0.018243
-0.020086
-0.019222
-0.016422
-0.012074
-0.006872
-0.001613
0.003251
0.006945
0.009576
0.012543
0.015793
0.018096
0.019085
0.018276
0.015086
0.010943
0.007943
0.005952
0.003738
0.001370
-0.000139
-0.000185
0.000487
0.000581
-0.000099
-0.001082
-0.001929
-0.002152
-0.001392
-0.000026
0.001039
0.001395
0.001269
0.001275
0.001750
0.001995
0.001594
0.000762
-0.000689
-0.002605
-0.004234
-0.005148
-0.005235
-0.004555
-0.003564
-0.002548
-0.001084
0.001378
0.004029
0.005551
0.006163
0.006689
0.006773
0.005320
0.002495
0.000006
-0.000871
-0.000854
-0.001247
-0.002089
-0.002871
-0.003642
-0.005266
-0.008122
-0.010732
-0.011764
-0.012177
-0.012995
-0.012922
-0.010172
-0.005424
-0.001466
-0.000052
-0.000813
-0.002830
-0.005711
-0.009195
-0.012979
-0.017315
-0.021749
-0.024619
-0.025464
-0.025002
-0.023253
-0.020431
-0.017873
-0.016276
-0.014749
-0.012639
-0.010529
-0.008876
-0.007238
-0.005490
-0.004506
-0.004696
-0.004966
-0.003942
-0.001984
-0.000123
0.001830
0.004071
0.006348
0.008609
0.010840
0.013063
0.015145
0.016603
0.016885
0.015810
0.014043
0.012286
0.010541
0.008903
0.007691
0.006874
0.006419
0.006760
0.007676
0.008216
0.008283
0.008288
0.007936
0.006777
0.005200
0.003685
0.002138
0.000900
0.000573
0.000748
0.000250
-0.001365
-0.003475
-0.005587
-0.007593
-0.009241
-0.010405
-0.011250
-0.011593
-0.011312
-0.010572
-0.009101
-0.006559
-0.003397
-0.000810
0.000818
0.002612
0.005162
0.007322
0.008274
0.008824
0.009317
0.009038
0.008077
0.007282
0.006444
0.004457
0.001441
-0.001140
-0.002264
-0.002011
-0.001221
-0.000323
0.001099
0.003388
0.006713
0.010228
0.012162
0.012172
0.011418
0.010318
0.008103
0.004697
0.001562
-0.000629
-0.002457
-0.003316
-0.002709
-0.002069
-0.002220
-0.002245
-0.001670
-0.000938
-0.000374
0.000175
0.001054
0.002307
0.003460
0.004188
0.004967
0.005956
0.006385
0.005931
0.005493
0.005266
0.004045
0.001947
0.000931
0.001762
0.003166
0.004246
0.005431
0.007153
0.008695
0.009088
0.008419
0.007354
0.006165
0.004364
0.002041
0.000503
0.000246
0.000570
0.001097
0.001530
0.001385
0.001013
0.001044
0.001307
0.001363
0.000778
-0.000131
-0.000395
-0.000108
-0.000120
-0.000622
-0.000692
0.000106
0.000817
0.001213
0.001995
0.002864
0.003055
0.002926
0.002635
0.000959
-0.002467
-0.006294
-0.009444
-0.012143
-0.014867
-0.017261
-0.018530
-0.018045
-0.015905
-0.013193
-0.010930
-0.008839
-0.006338
-0.004319
-0.003701
-0.003574
-0.002994
-0.002565
-0.002431
-0.001486
0.000657
0.003654
0.007526
0.012160
0.016799
0.020301
0.022308
0.023393
0.023252
0.021308
0.018373
0.014945
0.010405
0.005073
-0.000030
-0.004105
-0.006161
-0.006170
-0.005601
-0.005207
-0.003835
-0.000863
0.002208
0.004028
0.005134
0.006625
0.008239
0.008723
0.007635
0.005727
0.003733
0.001231
-0.001596
-0.002877
-0.002040
-0.000895
-0.000937
-0.001637
-0.001996
-0.001990
-0.001967
-0.002069
-0.001936
-0.000742
0.001461
0.003580
0.005370
0.007299
0.008810
0.008869
0.007477
0.005000
0.001700
-0.001655
-0.004740
-0.007589
-0.009335
-0.009582
-0.008781
-0.007320
-0.006131
-0.005735
-0.005441
-0.005007
-0.005141
-0.006352
-0.008320
-0.010144
-0.011269
-0.011587
-0.010775
-0.009284
-0.007786
-0.005347
-0.001325
0.003424
0.008456
0.013442
0.017788
0.021494
0.023797
0.023598
0.021503
0.018858
0.016003
0.012779
0.009496
0.006420
0.003583
0.001302
-0.000179
-0.001099
-0.001929
-0.003034
-0.004253
-0.004791
-0.004162
-0.003000
-0.002154
-0.001608
-0.001253
-0.001480
-0.002259
-0.003221
-0.004755
-0.006931
-0.008551
-0.009087
-0.008954
-0.008204
-0.006885
-0.005204
-0.003215
-0.001517
-0.000820
-0.000539
-0.000186
-0.000341
-0.000483
0.000987
0.003912
0.006357
0.007951
0.010013
0.012395
0.013547
0.012549
0.009349
0.004877
0.001041
-0.001309
-0.003317
-0.005616
-0.006790
-0.005847
-0.003777
-0.001260
0.001920
0.005278
0.007366
0.006953
0.004566
0.002053
0.000450
-0.001398
-0.004249
-0.006492
-0.007320
-0.007507
-0.006938
-0.005273
-0.003324
-0.001524
0.000781
0.003911
0.007529
0.010968
0.012886
0.012151
0.009481
0.006146
0.002198
-0.001834
-0.005182
-0.008343
-0.011388
-0.013315
-0.013460
-0.012449
-0.011490
-0.010976
-0.010300
-0.008906
-0.007085
-0.005330
-0.003424
-0.000712
0.002685
0.005751
0.007568
0.007911
0.007597
0.007611
0.007940
0.008039
0.007629
0.007043
0.006642
0.005854
0.003947
0.001404
-0.000862
-0.002715
-0.003839
-0.003886
-0.003149
-0.002048
-0.001192
-0.000712
-0.000041
0.001171
0.002572
0.003588
0.004261
0.004798
0.004991
0.004531
0.003361
0.001853
0.000233
-0.001945
-0.004768
-0.007396
-0.009131
-0.010142
-0.010748
-0.010732
-0.009981
-0.009267
-0.008965
-0.008386
-0.007401
-0.006468
-0.005732
-0.005059
-0.004223
-0.002976
-0.001305
0.000176
0.001374
0.003141
0.005525
0.007888
0.009660
0.010450
0.010666
0.010859
0.010622
0.009522
0.008068
0.006688
0.005471
0.004323
0.002978
0.001712
0.000581
-0.000766
-0.002045
-0.002622
-0.002159
-0.000831
0.000981
0.003304
0.006380
0.009870
0.012830
0.014822
0.016596
0.018790
0.020478
0.019851
0.016422
0.011877
0.007650
0.003529
-0.001050
-0.005700
-0.009511
-0.012237
-0.013928
-0.014727
-0.015183
-0.015514
-0.015635
-0.015473
-0.014690
-0.013366
-0.012090
-0.011155
-0.010214
-0.008585
-0.006218
-0.003676
-0.001435
0.000416
0.002233
0.003886
0.004627
0.004541
0.004167
0.003327
0.001940
0.000373
-0.001023
-0.001939
-0.002570
-0.003367
-0.004171
-0.004269
-0.003518
-0.002710
-0.002087
-0.001089
0.000450
0.001867
0.002454
0.002215
0.001383
0.000088
-0.001308
-0.002189
-0.002575
-0.003178
-0.003747
-0.003378
-0.002232
-0.000770
0.001088
0.003375
0.005521
0.006738
0.007356
0.007967
0.008021
0.007387
0.006578
0.005647
0.004760
0.003893
0.002770
0.001914
0.002117
0.003283
0.004442
0.004880
0.005196
0.006320
0.007700
0.008334
0.008360
0.008005
0.006962
0.005169
0.003014
0.000838
-0.001000
-0.002296
-0.003549
-0.004856
-0.005589
-0.005598
-0.005054
-0.003880
-0.002397
-0.000983
0.000305
0.001431
0.002744
0.003878
0.003861
0.002895
0.002023
0.001732
0.001009
-0.001062
-0.003371
-0.004617
-0.005195
-0.005889
-0.005846
-0.003756
-0.000302
0.002743
0.004770
0.006636
0.008885
0.010248
0.010240
0.010432
0.010960
0.010692
0.009947
0.009626
0.009797
0.009946
0.009579
0.008755
0.008050
0.007293
0.005423
0.003000
0.002185
0.002800
0.002492
0.000684
-0.001429
-0.002930
-0.003813
-0.004306
-0.004255
-0.003953
-0.003898
-0.003411
-0.001263
0.001916
0.003999
0.005077
0.006709
0.008359
0.008655
0.007681
0.006357
0.005112
0.003308
0.000669
-0.001605
-0.002482
-0.002694
-0.003676
-0.005036
-0.005313
-0.004860
-0.005082
-0.005843
-0.005865
-0.005166
-0.004789
-0.004695
-0.004373
-0.004273
-0.004401
-0.003802
-0.002590
-0.001403
0.000033
0.001468
0.001972
0.001662
0.001240
0.000941
0.000875
0.001328
0.002543
0.004186
0.005495
0.006730
0.008374
0.009498
0.009702
0.009993
0.010833
0.011462
0.011281
0.010881
0.010684
0.010016
0.008440
0.006425
0.004521
0.002688
0.000272
-0.003170
-0.006887
-0.009789
-0.011854
-0.013600
-0.015001
-0.015454
-0.014794
-0.013999
-0.013547
-0.012680
-0.011028
-0.009113
-0.007945
-0.007872
-0.008475
-0.009410
-0.010210
-0.010928
-0.011778
-0.012278
-0.011751
-0.009988
-0.008235
-0.007587
-0.006856
-0.004894
-0.002603
-0.000910
0.000675
0.002594
0.004355
0.005523
0.005999
0.005684
0.005097
0.005335
0.006116
0.005951
0.004940
0.004515
0.004983
0.005678
0.006254
0.006460
0.006070
0.005062
0.003421
0.001749
0.000858
0.000346
-0.000581
-0.001460
-0.000951
0.000852
0.002430
0.003095
0.003029
0.003113
0.004173
0.005217
0.004769
0.002933
0.000986
-0.000495
-0.002481
-0.005034
-0.006257
-0.005483
-0.004414
-0.004033
-0.003530
-0.002634
-0.002232
-0.002734
-0.003300
-0.003218
-0.002855
-0.002754
-0.002943
-0.002888
-0.002066
-0.001125
-0.001559
-0.003228
-0.004355
-0.004546
-0.004686
-0.004859
-0.004820
-0.004729
-0.004486
-0.003728
-0.002410
-0.000847
0.000485
0.001650
0.003056
0.003744
0.002671
0.000603
-0.001672
-0.004031
-0.006175
-0.007989
-0.009603
-0.010554
-0.010073
-0.008887
-0.008102
-0.006935
-0.004595
-0.002098
-0.000525
0.000226
0.000558
0.000651
0.000593
0.000419
0.000543
0.001211
0.001896
0.002589
0.003478
0.003742
0.002536
0.000173
-0.002134
-0.003815
-0.005308
-0.006691
-0.007662
-0.008319
-0.008889
-0.009253
-0.009285
-0.009374
-0.009145
-0.007680
-0.006115
-0.005943
-0.005884
-0.004469
-0.002582
-0.001122
0.000165
0.001024
0.001194
0.001231
0.001071
0.000100
-0.001216
-0.002042
-0.002716
-0.003517
-0.003839
-0.003476
-0.002781
-0.002141
-0.001524
-0.000545
0.000691
0.001824
0.002970
0.003813
0.003518
0.002580
0.002299
0.002759
0.003424
0.004202
0.004901
0.005395
0.005930
0.006163
0.005411
0.004216
0.003473
0.002924
0.002243
0.001568
0.000947
0.000475
0.000297
0.000391
0.000786
0.001461
0.001913
0.001954
0.001837
0.001472
0.000733
-0.000356
-0.001907
-0.003767
-0.005180
-0.005936
-0.006694
-0.007439
-0.007835
-0.008157
-0.008258
-0.007978
-0.007883
-0.008112
-0.008136
-0.007673
-0.007133
-0.007096
-0.007220
-0.006371
-0.004380
-0.002249
-0.000122
0.002923
0.006766
0.009702
0.010783
0.010839
0.010667
0.010291
0.009592
0.008778
0.008306
0.007851
0.006596
0.004673
0.002810
0.001020
-0.001128
-0.003428
-0.005276
-0.006330
-0.006654
-0.006356
-0.005273
-0.003457
-0.001309
0.000322
0.000524
-0.000314
-0.001123
-0.001731
-0.002393
-0.003408
-0.004866
-0.005810
-0.005469
-0.004581
-0.004035
-0.003760
-0.003141
-0.001756
0.000024
0.001635
0.003211
0.005199
0.007528
0.009494
0.010558
0.010737
0.010671
0.010731
0.010322
0.009348
0.008535
0.008110
0.007487
0.006683
0.006685
0.007508
0.007859
0.007319
0.006970
0.007200
0.006886
0.005557
0.004326
0.003868
0.003549
0.002732
0.001697
0.001215
0.000926
-0.000188
-0.001648
-0.002256
-0.002179
-0.002487
-0.003543
-0.004786
-0.005542
-0.006059
-0.007062
-0.008068
-0.008341
-0.008383
-0.008358
-0.007380
-0.005313
-0.002955
-0.000758
0.001589
0.004078
0.005614
0.005669
0.005028
0.004628
0.004512
0.004189
0.003857
0.003643
0.003132
0.002631
0.002864
0.003636
0.004262
0.004853
0.005762
0.006634
0.007087
0.007223
0.007242
0.006929
0.006081
0.004795
0.003004
0.000809
-0.001266
-0.002779
-0.003582
-0.004160
-0.005388
-0.007275
-0.008699
-0.008804
-0.008105
-0.007383
-0.006620
-0.005664
-0.004696
-0.003717
-0.002583
-0.001636
-0.001130
-0.000780
-0.000210
0.000868
0.002025
0.002530
0.002909
0.003837
0.004383
0.003893
0.003142
0.002325
0.001074
-0.000071
-0.000693
-0.001527
-0.002810
-0.003348
-0.002600
-0.001512
-0.000699
-0.000086
0.000046
-0.000107
0.000260
0.001083
0.001768
0.001838
0.001264
0.000441
-0.000500
-0.001665
-0.002955
-0.003952
-0.004366
-0.004487
-0.004592
-0.004270
-0.003480
-0.002746
-0.001950
-0.000810
0.000156
0.000348
0.000410
0.001003
0.001226
0.000608
0.000247
0.000614
0.000910
0.000759
0.000371
-0.000218
-0.000782
-0.001136
-0.001500
-0.001841
-0.002231
-0.003019
-0.003785
-0.003948
-0.003893
-0.003916
-0.003645
-0.003040
-0.002484
-0.002440
-0.002811
-0.002632
-0.001425
0.000044
0.000901
0.001212
0.001735
0.002817
0.003725
0.003751
0.003337
0.003039
0.002952
0.003244
0.003556
0.003346
0.002987
0.003118
0.003337
0.002898
0.002295
0.002325
0.002942
0.004117
0.006131
0.008583
0.010315
0.010828
0.010930
0.011438
0.011830
0.011146
0.009597
0.007953
0.006474
0.005219
0.003693
0.001526
-0.000347
-0.001252
-0.001903
-0.002920
-0.003948
-0.004983
-0.006413
-0.007541
-0.007721
-0.007576
-0.007431
-0.006877
-0.006124
-0.005817
-0.005672
-0.005195
-0.004908
-0.005123
-0.005000
-0.004095
-0.003377
-0.003280
-0.002781
-0.001674
-0.000819
-0.000457
-0.000438
-0.000577
-0.000540
-0.000313
-0.000079
0.000369
0.000949
0.001192
0.001551
0.002762
0.004235
0.004925
0.005231
0.006291
0.007642
0.007723
0.006488
0.005426
0.004937
0.003910
0.002111
0.000459
-0.000919
-0.002721
-0.004889
-0.006169
-0.006014
-0.005681
-0.005828
-0.005494
-0.004264
-0.003067
-0.003149
-0.004518
-0.005707
-0.006258
-0.007119
-0.008186
-0.008495
-0.008133
-0.008105
-0.008500
-0.007963
-0.006012
-0.003877
-0.002406
-0.001317
-0.000546
-0.000348
-0.000397
-0.000503
-0.001206
-0.002414
-0.003276
-0.003910
-0.004861
-0.005782
-0.006178
-0.005696
-0.004296
-0.002932
-0.002009
-0.000355
0.002076
0.003558
0.003514
0.003044
0.003088
0.003231
0.002793
0.002329
0.002465
0.003203
0.004399
0.005333
0.005715
0.006334
0.007226
0.007519
0.007159
0.006558
0.005603
0.004311
0.003064
0.002034
0.001009
0.000005
-0.000411
-0.000297
-0.000375
-0.000639
-0.000769
-0.001009
-0.001693
-0.002578
-0.002785
-0.002209
-0.002043
-0.002552
-0.002686
-0.002267
-0.002336
-0.003248
-0.004003
-0.004106
-0.004044
-0.003679
-0.002608
-0.001342
-0.000400
0.000506
0.001856
0.003725
0.005433
0.006143
0.005982
0.005388
0.004531
0.003622
0.002571
0.001332
0.000400
-0.000000
-0.000228
-0.000262
0.000132
0.000706
0.001160
0.001485
0.001679
0.001463
0.000811
0.000253
0.000032
-0.000074
-0.000218
-0.000422
-0.000244
0.001168
0.003527
0.005132
0.005306
0.005017
0.004884
0.004890
0.004657
0.003589
0.002125
0.001162
0.000386
-0.000863
-0.002378
-0.003438
-0.003776
-0.004220
-0.005199
-0.005697
-0.004990
-0.003906
-0.003312
-0.002764
-0.001915
-0.000981
0.000230
0.001515
0.002331
0.003105
0.004453
0.005925
0.006456
0.005890
0.005150
0.004552
0.003716
0.002586
0.001717
0.001303
0.000557
-0.000463
-0.000471
0.000602
0.001272
0.000799
-0.000354
-0.001523
-0.002245
-0.003078
-0.004586
-0.005899
-0.006640
-0.007454
-0.007791
-0.006796
-0.005442
-0.004638
-0.003752
-0.002129
0.000174
0.002387
0.003844
0.005010
0.006285
0.007010
0.006554
0.005198
0.003876
0.003336
0.002775
0.000977
-0.000962
-0.001620
-0.001831
-0.002587
-0.003346
-0.003251
-0.002631
-0.002165
-0.001578
-0.000624
-0.000039
-0.000227
-0.000468
-0.000371
-0.000380
-0.000950
-0.001750
-0.001955
-0.001638
-0.001313
-0.001102
-0.001137
-0.001025
-0.000249
0.000607
0.001028
0.001421
0.002155
0.003109
0.003807
0.004030
0.004043
0.004028
0.003881
0.003507
0.003021
0.002584
0.002301
0.002305
0.002461
0.002400
0.002525
0.003492
0.004678
0.005211
0.005136
0.004483
0.003316
0.002580
0.002743
0.002637
0.001507
0.000416
-0.000052
-0.000763
-0.001706
-0.002074
-0.002048
-0.002333
-0.002772
-0.002504
-0.001458
-0.000220
0.001008
0.001918
0.002417
0.002785
0.002630
0.001775
0.000981
0.000821
0.001089
0.001123
0.000784
0.000657
0.000756
0.000760
0.000838
0.000894
0.000616
0.000184
-0.000163
-0.000405
-0.000291
0.000574
0.002043
0.003709
0.005323
0.006528
0.006908
0.006248
0.005186
0.004588
0.004073
0.003225
0.002544
0.002161
0.001665
0.000976
0.000612
0.000781
0.001005
0.001237
0.001808
0.002616
0.003660
0.004876
0.005577
0.005447
0.005132
0.004906
0.004120
0.002479
0.000641
-0.000493
-0.000816
-0.001166
-0.001984
-0.002507
-0.002088
-0.001425
-0.001439
-0.001646
-0.001422
-0.001312
-0.001794
-0.002756
-0.003768
-0.004241
-0.004183
-0.004135
-0.004238
-0.004138
-0.003683
-0.003181
-0.002766
-0.001833
-0.000016
0.001987
0.003482
0.004595
0.005588
0.006074
0.005776
0.005215
0.004639
0.003417
0.001464
-0.000184
-0.001269
-0.002398
-0.003022
-0.002383
-0.001399
-0.001266
-0.001419
-0.000746
0.000619
0.001953
0.002813
0.003442
0.004239
0.004740
0.004757
0.004675
0.004165
0.003158
0.002164
0.001016
-0.000551
-0.002221
-0.003499
-0.004230
-0.004790
-0.005448
-0.005864
-0.005764
-0.005709
-0.005917
-0.005643
-0.004763
-0.004017
-0.003529
-0.002622
-0.001352
-0.000657
-0.000346
0.000774
0.002489
0.003719
0.004422
0.004877
0.004810
0.004227
0.003541
0.002934
0.002418
0.001918
0.001180
0.000111
-0.000652
-0.000701
-0.000863
-0.001519
-0.002142
-0.002528
-0.002545
-0.002323
-0.002448
-0.003226
-0.004166
-0.004356
-0.003956
-0.004152
-0.005130
-0.005606
-0.004809
-0.003701
-0.003395
-0.003058
-0.001564
0.000006
0.000441
0.000442
0.000860
0.001391
0.001471
0.001126
0.000684
0.000263
-0.000216
-0.001007
-0.002367
-0.003832
-0.004467
-0.004374
-0.004434
-0.004740
-0.004544
-0.003633
-0.002973
-0.002972
-0.002793
-0.002199
-0.001633
-0.001219
-0.001065
-0.001260
-0.001644
-0.002050
-0.002376
-0.002344
-0.001766
-0.001126
-0.001206
-0.001979
-0.002318
-0.001613
-0.000858
-0.000684
-0.000398
0.000116
0.000391
0.000662
0.001185
0.001472
0.000824
-0.000317
-0.001004
-0.001357
-0.001657
-0.001714
-0.001340
-0.000597
0.000124
0.000612
0.001041
0.001629
0.002382
0.003126
0.003730
0.003962
0.003770
0.003740
0.003902
0.003703
0.003523
0.003628
0.003403
0.002691
0.001985
0.001720
0.001507
0.000669
-0.000339
-0.000847
-0.001110
-0.001441
-0.001750
-0.002167
-0.002700
-0.002742
-0.002135
-0.001596
-0.001417
-0.000880
0.000321
0.001541
0.002588
0.003661
0.004402
0.004751
0.005131
0.004945
0.003362
0.001427
0.000373
-0.000641
-0.002237
-0.003308
-0.003121
-0.002177
-0.001049
-0.000266
-0.000462
-0.001375
-0.002071
-0.002213
-0.002218
-0.002530
-0.002645
-0.001913
-0.001135
-0.001177
-0.001487
-0.001419
-0.001345
-0.001709
-0.002331
-0.002821
-0.002725
-0.001963
-0.001179
-0.000765
-0.000346
-0.000049
-0.000740
-0.002236
-0.003077
-0.002970
-0.003121
-0.003737
-0.004126
-0.004343
-0.004404
-0.004008
-0.003610
-0.003403
-0.002943
-0.002241
-0.001281
-0.000210
0.000490
0.001024
0.001481
0.001362
0.000662
-0.000155
-0.000557
-0.000611
-0.001025
-0.001642
-0.001732
-0.001440
-0.001361
-0.001553
-0.001593
-0.001134
-0.000338
0.000304
0.000620
0.000487
-0.000238
-0.001163
-0.001767
-0.001902
-0.002150
-0.003254
-0.004592
-0.004774
-0.003914
-0.003375
-0.003577
-0.003830
-0.003623
-0.003126
-0.002681
-0.002072
-0.000938
0.000182
0.000639
0.000914
0.001594
0.001982
0.001298
0.000347
-0.000053
-0.000455
-0.001089
-0.001336
-0.001480
-0.001883
-0.002078
-0.002078
-0.001935
-0.001410
-0.000650
-0.000112
-0.000403
-0.001508
-0.002197
-0.001808
-0.001629
-0.002465
-0.002921
-0.002294
-0.001923
-0.002255
-0.002239
-0.001505
-0.000607
0.000066
0.000295
-0.000402
-0.001819
-0.002605
-0.002158
-0.001540
-0.001601
-0.001856
-0.001705
-0.001053
0.000159
0.001488
0.001953
0.001484
0.001089
0.001471
0.002239
0.002573
0.002527
0.002656
0.003003
0.003388
0.003722
0.003916
0.003912
0.003611
0.002672
0.001104
-0.000368
-0.001323
-0.002043
-0.002632
-0.002552
-0.001864
-0.001482
-0.001017
0.000309
0.001373
0.001181
0.000481
0.000157
0.000098
-0.000175
-0.000700
-0.001447
-0.002453
-0.003086
-0.002621
-0.001579
-0.001220
-0.001698
-0.002020
-0.001843
-0.001912
-0.002478
-0.002387
-0.001173
-0.000343
-0.000742
-0.001359
-0.001438
-0.001361
-0.001510
-0.001810
-0.002052
-0.002087
-0.001883
-0.001293
-0.000445
-0.000191
-0.000914
-0.001450
-0.000815
0.000007
-0.000001
-0.000183
0.000470
0.001646
0.002267
0.002428
0.002912
0.003543
0.003719
0.003471
0.002877
0.002065
0.001383
0.001017
0.000828
0.000312
-0.000213
0.000048
0.000719
0.000845
0.000080
-0.000930
-0.001580
-0.002155
-0.002800
-0.003262
-0.003599
-0.004232
-0.004842
-0.004578
-0.004116
-0.004385
-0.004692
-0.004432
-0.003921
-0.003350
-0.002801
-0.002204
-0.001171
0.000188
0.001146
0.001399
0.001684
0.002497
0.003286
0.003481
0.002952
0.002375
0.002348
0.002184
0.001639
0.001320
0.000976
0.000282
-0.000182
0.000053
0.001077
0.002368
0.002999
0.003131
0.003297
0.003356
0.003185
0.002830
0.002247
0.001580
0.000737
-0.000615
-0.002070
-0.002991
-0.003497
-0.003833
-0.003903
-0.003583
-0.003002
-0.002663
-0.002524
-0.001835
-0.000444
0.001106
0.002096
0.002148
0.001783
0.001748
0.001959
0.001815
0.001356
0.001370
0.002121
0.002823
0.002683
0.001765
0.000744
0.000139
0.000099
0.000273
0.000243
0.000177
0.000439
0.000888
0.001091
0.001040
0.001010
0.001040
0.001125
0.001252
0.001320
0.001347
0.001473
0.001734
0.002074
0.002661
0.003628
0.004313
0.004032
0.003444
0.003462
0.003810
0.003438
0.001897
0.000216
-0.000707
-0.001424
-0.002159
-0.002193
-0.001685
-0.001488
-0.001445
-0.000774
0.000476
0.001551
0.002090
0.002161
0.002052
0.002108
0.002261
0.002202
0.002020
0.001998
0.002052
0.002216
0.002803
0.003579
0.004099
0.004459
0.005222
0.006623
0.007736
0.007758
0.007344
0.007324
0.007595
0.007533
0.006560
0.005034
0.003998
0.003525
0.002873
0.001913
0.001146
0.000798
0.000593
0.000326
0.000174
-0.000014
-0.000604
-0.001134
-0.001057
-0.000476
0.000016
-0.000061
-0.000082
0.000512
0.001092
0.001325
0.001463
0.001565
0.001569
0.001379
0.001118
0.001048
0.001248
0.001482
0.001474
0.001566
0.002212
0.003061
0.003384
0.003490
0.003926
0.003910
0.003202
0.002637
0.002051
0.000769
-0.000684
-0.001028
-0.000529
-0.000806
-0.001918
-0.002405
-0.001817
-0.000889
-0.000359
-0.000819
-0.001897
-0.002219
-0.001711
-0.001803
-0.002690
-0.003105
-0.002639
-0.001849
-0.001227
-0.000808
-0.000151
0.000925
0.002073
0.002933
0.003345
0.003264
0.003035
0.002913
0.002514
0.001956
0.001719
0.001398
0.000885
0.000781
0.001019
0.001268
0.001739
0.002204
0.001789
0.000699
0.000135
0.000290
0.000356
-0.000043
-0.000473
-0.000476
-0.000525
-0.001232
-0.001875
-0.001500
-0.000241
0.001483
0.003335
0.004812
0.005598
0.005930
0.006134
0.005994
0.005495
0.004870
0.003945
0.002714
0.001464
0.000450
-0.000318
-0.000811
-0.001004
-0.001237
-0.001699
-0.002041
-0.001692
-0.000733
-0.000148
-0.000355
-0.000335
0.000561
0.001433
0.001673
0.001647
0.001392
0.000827
0.000598
0.001253
0.002172
0.002362
0.002187
0.002549
0.003079
0.003086
0.002512
0.001862
0.001828
0.001903
0.001260
0.000596
0.000808
0.001488
0.001919
0.002066
0.002308
0.002935
0.003588
0.003631
0.003294
0.003274
0.003570
0.003552
0.002846
0.002128
0.001966
0.001374
-0.000299
-0.001793
-0.002387
-0.003096
-0.004406
-0.005436
-0.005244
-0.004060
-0.002898
-0.002330
-0.002130
-0.001823
-0.001424
-0.001310
-0.001676
-0.002525
-0.003715
-0.004691
-0.004981
-0.004643
-0.004066
-0.003940
-0.004386
-0.004388
-0.003102
-0.001411
-0.000946
-0.001560
-0.001768
-0.001088
-0.000362
-0.000320
-0.000751
-0.001463
-0.002525
-0.003410
-0.003721
-0.003778
-0.003588
-0.002972
-0.002562
-0.002758
-0.002571
-0.001386
-0.000573
-0.001191
-0.002015
-0.001735
-0.000866
-0.000642
-0.001266
-0.001694
-0.001446
-0.001168
-0.001255
-0.001378
-0.001024
-0.000428
-0.000502
-0.001294
-0.001889
-0.001939
-0.001923
-0.002112
-0.002330
-0.002327
-0.002264
-0.002602
-0.003188
-0.003582
-0.003781
-0.003767
-0.003569
-0.003465
-0.003614
-0.003865
-0.004082
-0.004353
-0.004686
-0.004889
-0.004555
-0.003882
-0.003727
-0.004173
-0.004696
-0.004803
-0.004302
-0.003817
-0.003934
-0.004337
-0.004450
-0.004163
-0.003818
-0.003722
-0.003781
-0.003682
-0.003460
-0.003867
-0.005102
-0.005918
-0.005572
-0.005045
-0.005261
-0.005798
-0.005987
-0.005952
-0.006012
-0.006160
-0.006079
-0.005174
-0.003527
-0.002222
-0.001713
-0.001484
-0.001058
-0.000690
-0.001086
-0.001653
-0.001286
-0.000422
-0.000026
-0.000381
-0.001114
-0.001472
-0.001267
-0.001205
-0.001654
-0.002094
-0.001915
-0.000983
0.000024
0.000168
-0.000370
-0.000642
-0.000359
-0.000270
-0.000984
-0.001794
-0.001901
-0.001432
-0.000712
-0.000310
-0.000638
-0.000750
0.000058
0.000568
0.000023
-0.000206
0.001005
0.002482
0.002662
0.001941
0.001610
0.001636
0.001266
0.000904
0.000950
0.000644
-0.000106
-0.000245
0.000406
0.000873
0.000756
0.000763
0.001283
0.001898
0.002271
0.002306
0.002359
0.002644
0.002657
0.002163
0.001363
0.000576
0.000117
-0.000375
-0.001208
-0.001692
-0.001364
-0.000751
-0.000423
-0.000354
-0.000318
-0.000152
0.000406
0.001146
0.001377
0.001037
0.000700
0.000454
-0.000166
-0.001039
-0.001474
-0.001375
-0.001243
-0.001417
-0.002162
-0.003310
-0.003738
-0.002938
-0.002037
-0.001864
-0.001661
-0.000708
0.000561
0.001448
0.002058
0.002909
0.003673
0.003547
0.002654
0.001898
0.001494
0.001248
0.001291
0.001233
0.000358
-0.001034
-0.001829
-0.002083
-0.002811
-0.003626
-0.003565
-0.003072
-0.003024
-0.003384
-0.003648
-0.003651
-0.003549
-0.003528
-0.003386
-0.002761
-0.001929
-0.001358
-0.001161
-0.001264
-0.001420
-0.001373
-0.000826
0.000540
0.002193
0.002826
0.002502
0.002795
0.003846
0.004179
0.003391
0.002461
0.002040
0.001838
0.001368
0.000264
-0.001561
-0.002974
-0.002985
-0.002496
-0.002795
-0.003546
-0.003525
-0.002956
-0.002972
-0.003488
-0.003654
-0.003313
-0.002922
-0.002848
-0.003000
-0.003045
-0.002820
-0.002301
-0.001735
-0.001523
-0.001621
-0.001347
-0.000365
0.000613
0.001187
0.001704
0.002040
0.001924
0.001698
0.001824
0.002463
0.003329
0.003924
0.004196
0.004148
0.003698
0.003424
0.003590
0.003511
0.003136
0.003089
0.003355
0.003269
0.002658
0.002007
0.001531
0.001031
0.000483
0.000272
0.000304
0.000224
0.000430
0.001061
0.001346
0.000987
0.000624
0.000722
0.000884
0.000704
0.000628
0.000681
0.000109
-0.001024
-0.001753
-0.001533
-0.000995
-0.000947
-0.001129
-0.000646
0.000390
0.000852
0.000639
0.000865
0.001928
0.002708
0.002528
0.002407
0.002808
0.002865
0.002258
0.001447
0.000922
0.000553
-0.000027
-0.000310
0.000121
0.000696
0.001023
0.001313
0.001659
0.001694
0.000871
-0.000474
-0.001108
-0.000763
-0.000538
-0.001074
-0.001799
-0.001848
-0.001049
-0.000279
-0.000193
-0.000072
0.000462
0.000685
0.000460
0.000339
0.000488
0.000642
0.000634
0.000622
0.000694
0.000748
0.001010
0.001473
0.001609
0.001636
0.002016
0.002376
0.002407
0.002407
0.002388
0.002212
0.002430
0.002988
0.002970
0.002669
0.003063
0.003712
0.003777
0.003504
0.003123
0.002237
0.001245
0.001143
0.001341
0.000491
-0.000530
0.000230
0.001974
0.002414
0.001521
0.001080
0.001989
0.003142
0.003200
0.002521
0.002153
0.002227
0.002077
0.001750
0.001920
0.002220
0.002196
0.002254
0.002339
0.001926
0.001270
0.001211
0.001392
0.000364
-0.001413
-0.001981
-0.001257
-0.000730
-0.000929
-0.000903
-0.000219
0.000234
0.000120
0.000308
0.000656
-0.000173
-0.001626
-0.001740
-0.000786
-0.000267
-0.000072
0.000381
0.001233
0.002412
0.003362
0.003773
0.003875
0.003772
0.003310
0.002668
0.002187
0.001905
0.001781
0.001584
0.001149
0.000912
0.001531
0.002798
0.003498
0.003094
0.002525
0.002376
0.001804
0.000375
-0.000634
-0.000509
-0.000723
-0.002012
-0.002566
-0.001217
0.000283
0.000195
-0.000407
0.000092
0.001118
0.001160
0.000081
-0.000810
-0.000862
-0.000975
-0.001525
-0.001739
-0.001459
-0.001294
-0.001521
-0.001791
-0.001426
-0.000210
0.000975
0.001339
0.001371
0.001626
0.001838
0.001836
0.001820
0.001638
0.001033
0.000514
0.000445
0.000322
0.000162
0.000461
0.000937
0.001066
0.001162
0.001722
0.001973
0.001113
0.000174
0.000214
0.000629
0.000531
-0.000038
-0.000708
-0.001344
-0.001857
-0.002239
-0.002484
-0.002563
-0.002621
-0.002642
-0.002105
-0.000728
0.000565
0.000711
0.000262
0.000642
0.002171
0.003576
0.003667
0.002988
0.002791
0.003191
0.003490
0.003427
0.003189
0.002699
0.002009
0.001697
0.001629
0.001411
0.001563
0.002281
0.002987
0.003085
0.002691
0.002634
0.003016
0.003109
0.002579
0.001928
0.001714
0.001745
0.001536
0.001101
0.000861
0.001124
0.001618
0.001458
0.000458
-0.000319
-0.000373
-0.000246
-0.000247
-0.000340
-0.000366
-0.000046
0.000355
0.000176
-0.000293
-0.000094
0.000559
0.000566
0.000065
0.000284
0.001277
0.001923
0.001938
0.001894
0.001990
0.002086
0.002230
0.002628
0.003125
0.003223
0.002842
0.002452
0.002414
0.002677
0.002699
0.001761
0.000195
-0.000573
-0.000043
0.000741
0.000946
0.000831
0.000824
0.000911
0.000959
0.000984
0.001040
0.001026
0.000827
0.000736
0.001006
0.000941
0.000026
-0.000738
-0.000488
0.000150
0.000404
0.000380
0.000408
0.000410
0.000238
-0.000266
-0.001132
-0.001961
-0.002463
-0.002577
-0.002419
-0.002269
-0.002236
-0.002307
-0.002447
-0.002584
-0.002612
-0.002225
-0.001091
0.000428
0.001613
0.002237
0.002799
0.004015
0.005199
0.005041
0.003989
0.003398
0.003471
0.002955
0.001460
0.000658
0.001212
0.001759
0.001304
-0.000010
-0.001327
-0.001728
-0.001246
-0.000363
0.000529
0.000762
0.000361
0.000392
0.001228
0.002088
0.002423
0.002337
0.002271
0.002493
0.002688
0.002633
0.002595
0.002732
0.002899
0.002917
0.002695
0.002381
0.002029
0.001363
0.000420
-0.000385
-0.000771
-0.000716
-0.000531
-0.000550
-0.000723
-0.000817
-0.000777
-0.000670
-0.000540
-0.000455
-0.000426
-0.000397
-0.000346
-0.000221
-0.000230
-0.001019
-0.002437
-0.003390
-0.003781
-0.004299
-0.004621
-0.004135
-0.003518
-0.003612
-0.004023
-0.004082
-0.003859
-0.003763
-0.003830
-0.003865
-0.003830
-0.003791
-0.003733
-0.003536
-0.003185
-0.002559
-0.001625
-0.000776
-0.000248
0.000008
0.000141
0.000359
0.000631
0.000751
0.000659
0.000552
0.000544
0.000313
-0.000287
-0.000898
-0.001457
-0.002008
-0.002294
-0.002049
-0.001406
-0.000795
-0.000411
-0.000443
-0.000902
-0.001189
-0.000805
-0.000384
-0.000857
-0.001596
-0.001477
-0.000800
-0.000444
-0.000605
-0.001084
-0.001512
-0.001476
-0.001471
-0.002099
-0.002827
-0.003214
-0.003461
-0.003671
-0.003730
-0.003614
-0.003473
-0.003394
-0.003344
-0.003233
-0.003070
-0.002935
-0.002780
-0.002544
-0.002318
-0.002352
-0.002956
-0.003844
-0.004236
-0.004095
-0.003863
-0.003420
-0.002832
-0.002756
-0.003235
-0.003496
-0.003196
-0.002662
-0.002266
-0.002175
-0.002271
-0.002367
-0.002367
-0.001979
-0.000844
0.000646
0.001377
0.001078
0.000684
0.000839
0.001248
0.001435
0.001133
0.000418
-0.000290
-0.000803
-0.001030
-0.000649
0.000444
0.001584
0.001830
0.001275
0.000696
0.000526
0.000683
0.000465
-0.000514
-0.001460
-0.001645
-0.001285
-0.000768
-0.000455
-0.000522
-0.000571
-0.000250
0.000191
0.000656
0.001302
0.001754
0.001768
0.001721
0.001742
0.001638
0.001433
0.001326
0.001401
0.001505
0.001500
0.001330
0.000972
0.000268
-0.000795
-0.001404
-0.001011
-0.000399
-0.000525
-0.001439
-0.002273
-0.001995
-0.001201
-0.001215
-0.001719
-0.002029
-0.002213
-0.002292
-0.002197
-0.002054
-0.002060
-0.002306
-0.002966
-0.003764
-0.004049
-0.004142
-0.004363
-0.003857
-0.002645
-0.001935
-0.001711
-0.001339
-0.001212
-0.001389
-0.001022
-0.000282
0.000014
0.000217
0.000720
0.001279
0.001998
0.002695
0.002769
0.002411
0.002145
0.001928
0.001787
0.001980
0.002245
0.002168
0.002129
0.002835
0.003887
0.004159
0.003636
0.003336
0.003612
0.003901
0.003596
0.002490
0.001229
0.000796
0.001061
0.000764
-0.000802
-0.002443
-0.002667
-0.002034
-0.002086
-0.002995
-0.003725
-0.003672
-0.003249
-0.003080
-0.002953
-0.002459
-0.002036
-0.002079
-0.002302
-0.002679
-0.003355
-0.003766
-0.003471
-0.002745
-0.002022
-0.001431
-0.000673
0.000378
0.001315
0.001576
0.001193
0.000550
0.000039
0.000150
0.000686
0.000847
0.000284
-0.000376
-0.000211
0.000510
0.000866
0.000931
0.001043
0.000913
0.000480
0.000161
0.000128
0.000180
0.000153
0.000051
-0.000142
-0.000409
-0.000606
-0.000684
-0.000703
-0.000561
-0.000211
0.000281
0.000957
0.001663
0.002136
0.002361
0.002342
0.002106
0.001790
0.001562
0.001639
0.002056
0.002327
0.001830
0.000848
0.000182
0.000199
0.000652
0.000808
0.000411
-0.000035
-0.000167
-0.000176
-0.000306
-0.000304
0.000071
0.000338
0.000066
-0.000265
-0.000191
-0.000185
-0.000496
-0.000644
-0.000593
-0.000536
-0.000414
-0.000301
-0.000182
-0.000123
-0.000519
-0.001004
-0.000695
0.000153
0.000450
0.000307
0.000694
0.001326
0.001385
0.001106
0.001014
0.000657
-0.000225
-0.000459
0.000337
0.000745
0.000154
-0.000400
-0.000274
0.000065
0.000111
-0.000006
0.000365
0.001389
0.002174
0.001924
0.001170
0.001025
0.001630
0.002288
0.002631
0.002779
0.002824
0.002626
0.001972
0.001276
0.001293
0.001624
0.001343
0.000828
0.000801
0.001073
0.001290
0.001057
0.000046
-0.001063
-0.001556
-0.002300
-0.003889
-0.004965
-0.004621
-0.003917
-0.003486
-0.002448
-0.001036
-0.000670
-0.001188
-0.001148
0.000006
0.001210
0.001331
0.000649
-0.000162
-0.000722
-0.000774
-0.000798
-0.001768
-0.003478
-0.004727
-0.005056
-0.004936
-0.004813
-0.004390
-0.003565
-0.003077
-0.002935
-0.002173
-0.000717
0.000285
0.000345
0.000164
0.000287
0.000466
0.000362
0.000107
-0.000267
-0.000989
-0.001961
-0.002851
-0.003244
-0.002824
-0.001984
-0.001390
-0.001074
-0.000986
-0.001120
-0.000828
0.000032
0.000174
-0.000657
-0.001068
-0.000903
-0.000882
-0.000902
-0.000750
-0.000494
0.000084
0.000942
0.001324
0.001266
0.001530
0.001867
0.001728
0.001422
0.001403
0.001496
0.001042
-0.000172
-0.001270
-0.001689
-0.002200
-0.003090
-0.003896
-0.004744
-0.005416
-0.005238
-0.004597
-0.004464
-0.004735
-0.004456
-0.003696
-0.003395
-0.003446
-0.003204
-0.002956
-0.003174
-0.003681
-0.003709
-0.002980
-0.002493
-0.002908
-0.003298
-0.002522
-0.001248
-0.000868
-0.001120
-0.001054
-0.000754
-0.000707
-0.000918
-0.001040
-0.001016
-0.000915
-0.000511
-0.000040
-0.000044
-0.000356
-0.000464
-0.000311
-0.000224
-0.000295
-0.000300
-0.000192
-0.000347
-0.000831
-0.000981
-0.000738
-0.000682
-0.000744
-0.000885
-0.001399
-0.001780
-0.001671
-0.001551
-0.001123
-0.000101
0.000366
-0.000264
-0.000704
-0.000058
0.000398
-0.000549
-0.001667
-0.001588
-0.001163
-0.001382
-0.001528
-0.001134
-0.000909
-0.001077
-0.001197
-0.000855
-0.000332
-0.000283
-0.000607
-0.000967
-0.000708
0.000813
0.002307
0.002376
0.002090
0.002460
0.002826
0.002759
0.002615
0.002558
0.002317
0.001816
0.001404
0.001353
0.001495
0.001612
0.001728
0.001828
0.001869
0.001933
0.001941
0.001816
0.001584
0.001073
0.000332
-0.000272
-0.000572
-0.000593
-0.000505
-0.000499
-0.000437
-0.000047
0.000559
0.000928
0.001025
0.001243
0.001427
0.001334
0.001252
0.000971
0.000111
-0.000570
0.000028
0.001244
0.001487
0.000856
0.000556
0.000941
0.001576
0.002123
0.002445
0.002681
0.003208
0.003799
0.003850
0.003578
0.003591
0.003815
0.003735
0.003201
0.002660
0.002384
0.001770
0.000821
0.000661
0.001015
0.000759
0.000272
0.000482
0.001194
0.001265
0.000501
-0.000128
-0.000564
-0.001260
-0.001532
-0.001076
-0.000957
-0.001455
-0.001759
-0.001665
-0.001514
-0.001380
-0.001083
-0.000555
-0.000123
-0.000093
-0.000244
-0.000028
0.000854
0.001763
0.001815
0.001352
0.001205
0.001304
0.001191
0.000927
0.000861
0.001008
0.001100
0.001020
0.000911
0.000904
0.000966
0.000912
0.000440
-0.000285
-0.000604
-0.000715
-0.001208
-0.001600
-0.001384
-0.000970
-0.000623
-0.000230
-0.000052
-0.000183
0.000041
0.000792
0.001238
0.001205
0.001149
0.001245
0.001664
0.001970
0.001448
0.000613
0.000453
0.000682
0.000527
0.000448
0.001207
0.002081
0.002179
0.002256
0.002894
0.003262
0.003020
0.002808
0.002788
0.002417
0.001799
0.001689
0.002037
0.002183
0.001805
0.001260
0.001324
0.001785
0.001821
0.001548
0.001272
0.000944
0.000716
0.000712
0.000804
0.001052
0.001632
0.002167
0.002105
0.001509
0.000890
0.000830
0.001345
0.001514
0.000815
0.000230
0.000590
0.001205
0.001272
0.001211
0.001514
0.001349
0.000371
-0.000269
-0.000263
-0.000211
-0.000202
-0.000205
-0.000289
-0.000381
-0.000408
-0.000361
-0.000299
0.000018
0.000713
0.001077
0.000486
-0.000510
-0.000766
-0.000173
0.000297
0.000098
-0.000337
-0.000423
0.000101
0.000933
0.001181
0.000658
0.000073
0.000117
0.000698
0.000962
0.000784
0.000778
0.000958
0.000713
0.000043
-0.000171
0.000291
0.000757
0.000861
0.000903
0.001373
0.002026
0.002158
0.001852
0.001744
0.001942
0.002065
0.001980
0.001850
0.001843
0.001961
0.002034
0.001992
0.001941
0.001945
0.001968
0.001984
0.001933
0.002079
0.002090
0.002130
0.002135
0.002162
0.002214
0.002043
0.001368
0.000502
-0.000105
-0.000292
-0.000367
-0.000897
-0.001522
-0.001292
-0.000152
0.000902
0.001176
0.001307
0.001983
0.002598
0.002456
0.002048
0.002112
0.002737
0.003482
0.003700
0.003396
0.003203
0.002953
0.002120
0.001175
0.000623
0.000408
0.000439
0.000276
-0.000167
-0.000320
-0.000159
-0.000106
-0.000195
-0.000226
-0.000177
-0.000146
-0.000177
-0.000238
-0.000254
-0.000168
0.000338
0.001452
0.002365
0.002283
0.001780
0.001756
0.002079
0.002285
0.002638
0.003154
0.002953
0.002001
0.001617
0.002102
0.001949
0.000553
-0.000733
-0.001145
-0.001260
-0.001336
-0.001282
-0.001430
-0.001955
-0.002154
-0.001590
-0.001128
-0.001196
-0.000969
-0.000249
-0.000009
-0.000411
-0.000481
-0.000061
0.000216
0.000330
0.000418
0.000162
-0.000173
0.000172
0.000977
0.001361
0.001190
0.000774
0.000123
-0.000588
-0.001079
-0.001327
-0.001430
-0.001648
-0.002125
-0.002529
-0.002620
-0.002519
-0.002183
-0.001577
-0.001174
-0.000977
-0.000243
0.000826
0.001227
0.000934
0.000689
0.000789
0.000995
0.000748
-0.000041
-0.000563
-0.000471
-0.000473
-0.000813
-0.001076
-0.001567
-0.002395
-0.002786
-0.002537
-0.001980
-0.001344
-0.001095
-0.001094
-0.000621
0.000318
0.001365
0.002054
0.001956
0.001541
0.001541
0.001888
0.002012
0.001537
0.000782
0.000455
0.000462
0.000347
-0.000034
-0.000839
-0.001647
-0.001667
-0.000898
-0.000154
0.000156
0.000545
0.001326
0.001954
0.001918
0.001598
0.001592
0.001815
0.001764
0.001207
0.000448
-0.000103
-0.000339
-0.000266
-0.000113
-0.000179
-0.000330
-0.000410
-0.000480
-0.000700
-0.001049
-0.001077
-0.000966
-0.001103
-0.000842
-0.000173
-0.000040
-0.000423
-0.000572
-0.000360
-0.000213
-0.000289
-0.000205
0.000199
0.000231
-0.000305
-0.000480
-0.000046
0.000301
0.000220
-0.000012
-0.000102
-0.000123
-0.000217
-0.000323
-0.000352
-0.000545
-0.001125
-0.001563
-0.001418
-0.001166
-0.001226
-0.001177
-0.000592
-0.000036
-0.000140
-0.000458
-0.000459
-0.000578
-0.001346
-0.002162
-0.002140
-0.001684
-0.001902
-0.002642
-0.002705
-0.002137
-0.001927
-0.001931
-0.001458
-0.000630
0.000010
0.000063
-0.000238
-0.000262
-0.000073
-0.000164
-0.000542
-0.000651
-0.000124
0.000445
0.000428
-0.000056
-0.000375
-0.000093
0.000239
0.000371
0.000708
0.001004
0.000921
0.000712
0.000577
0.000244
-0.000569
-0.001370
-0.001422
-0.000971
-0.000756
-0.000755
-0.000527
-0.000141
0.000032
-0.000121
-0.000434
-0.000655
-0.000438
0.000349
0.001053
0.000952
0.000414
0.000226
0.000494
0.000765
0.000746
0.000614
0.000614
0.000721
0.000796
0.000796
0.000766
0.000771
0.000633
0.000126
-0.000361
-0.000328
-0.000039
0.000012
-0.000020
0.000276
0.000636
0.000521
0.000163
0.000092
0.000366
0.000770
0.001055
0.001234
0.001407
0.001603
0.001925
0.002235
0.002117
0.001535
0.001127
0.001051
0.000825
0.000543
0.000555
0.000692
0.000646
0.000281
-0.000279
-0.000529
-0.000304
-0.000105
-0.000182
-0.000088
0.000421
0.000780
0.000597
0.000333
0.000380
0.000539
0.000567
0.000490
0.000427
0.000369
0.000287
0.000287
0.000395
0.000485
0.000481
0.000425
0.000383
0.000390
0.000412
0.000414
0.000412
0.000418
0.000421
0.000404
0.000387
0.000363
0.000345
0.000375
0.000400
0.000298
0.000012
-0.000285
-0.000466
-0.000551
-0.000466
-0.000372
-0.000419
-0.000459
-0.000510
-0.000816
-0.001226
-0.001203
-0.000806
-0.000593
-0.000770
-0.001207
-0.001619
-0.001652
-0.001520
-0.001566
-0.001375
-0.000942
-0.000879
-0.001121
-0.001206
-0.001057
-0.000930
-0.001085
-0.001565
-0.002003
-0.002034
-0.001866
-0.001797
-0.001740
-0.001607
-0.001512
-0.001508
-0.001496
-0.001275
-0.000747
-0.000122
0.000176
0.000118
0.000217
0.000532
0.000641
0.000540
0.000512
0.000578
0.000480
0.000237
0.000187
0.000219
0.000201
0.000424
0.000754
0.000768
0.000524
0.000146
-0.000367
-0.000706
-0.000795
-0.000966
-0.001203
-0.001218
-0.001036
-0.000953
-0.000905
-0.000599
-0.000293
-0.000333
-0.000494
-0.000500
-0.000391
-0.000225
0.000038
0.000317
0.000465
0.000432
0.000141
-0.000330
-0.000575
-0.000470
-0.000343
-0.000270
-0.000105
-0.000044
-0.000270
-0.000480
-0.000386
-0.000055
0.000366
0.000701
0.000747
0.000679
0.000847
0.001135
0.001142
0.000937
0.000882
0.001012
0.001215
0.001331
0.001222
0.000970
0.000820
0.000748
0.000515
0.000400
0.000629
0.000805
0.000711
0.000618
0.000708
0.000849
0.000987
0.001189
0.001207
0.000865
0.000531
0.000404
0.000339
0.000320
0.000319
0.000265
0.000197
0.000118
-0.000042
-0.000236
-0.000274
-0.000218
-0.000324
-0.000436
-0.000281
-0.000107
-0.000100
0.000004
0.000213
0.000247
0.000125
0.000077
0.000136
0.000172
0.000148
0.000115
0.000122
0.000197
0.000333
0.000460
0.000510
0.000477
0.000424
0.000401
0.000390
0.000342
0.000233
0.000097
-0.000004
-0.000038
-0.000011
0.000034
0.000028
-0.000053
-0.000088
-0.000010
-0.000019
-0.000184
-0.000210
-0.000044
0.000028
-0.000060
-0.000136
-0.000161
-0.000218
-0.000308
-0.000363
-0.000371
-0.000380
-0.000410
-0.000436
-0.000383
-0.000222
-0.000106
-0.000153
-0.000242
-0.000247
-0.000267
-0.000407
-0.000525
-0.000492
-0.000425
-0.000434
-0.000463
-0.000451
-0.000412
-0.000399
-0.000411
-0.000362
-0.000243
-0.000197
-0.000265
-0.000268
-0.000115
-0.000011
-0.000090
-0.000242
-0.000395
-0.000547
-0.000662
-0.000703
-0.000656
-0.000617
-0.000672
-0.000733
-0.000719
-0.000682
-0.000681
-0.000694
-0.000686
-0.000674
-0.000670
-0.000672
-0.000670
-0.000653
-0.000584
-0.000482
-0.000447
-0.000500
-0.000591
-0.000657
-0.000613
-0.000525
-0.000521
-0.000539
-0.000486
-0.000426
-0.000432
-0.000467
-0.000491
-0.000539
-0.000587
-0.000550
-0.000496
-0.000545
-0.000641
-0.000678
-0.000668
-0.000678
-0.000732
-0.000745
-0.000684
-0.000668
-0.000697
-0.000668
-0.000609
-0.000585
-0.000552
-0.000496
-0.000488
-0.000505
-0.000483
-0.000460
-0.000451
-0.000415
-0.000370
-0.000374
-0.000428
-0.000472
-0.000459
-0.000432
-0.000465
-0.000523
-0.000523
-0.000480
-0.000459
-0.000470
-0.000474
-0.000470
-0.000492
-0.000519
-0.000510
-0.000479
-0.000466
-0.000470
-0.000473
-0.000488
-0.000520
-0.000525
-0.000486
-0.000461
-0.000470
-0.000454
-0.000403
-0.000368
-0.000373
-0.000399
-0.000406
-0.000385
-0.000361
-0.000353
-0.000349
-0.000336
-0.000316
-0.000296
-0.000270
-0.000253
-0.000253
-0.000252
-0.000243
-0.000231
-0.000221
-0.000217
-0.000212
-0.000204
-0.000196
-0.000190
-0.000183
-0.000175
-0.000169
-0.000163
-0.000155
-0.000144
-0.000136
-0.000133
-0.000132
-0.000130
-0.000126
-0.000129
-0.000136
-0.000134
-0.000113
-0.000090
-0.000083
-0.000087
-0.000085
-0.000074
-0.000066
-0.000065
-0.000068
-0.000068
-0.000064
-0.000059
-0.000055
-0.000051
-0.000045
-0.000038
-0.000028
-0.000016
-0.000008
-0.000004
-0.000001
0.000003
0.000007
0.000008
0.000011
0.000020
0.000028
0.000030
0.000031
0.000039
0.000049
0.000053
0.000053
0.000054
0.000058
0.000063
0.000064
0.000064
0.000065
0.000069
0.000072
0.000073
0.000077
0.000080
0.000083
0.000085
0.000087
0.000089
0.000093
0.000097
0.000099
0.000100
0.000103
0.000107
0.000110
0.000112
0.000112
0.000112
0.000113
0.000115
0.000116
0.000118
0.000119
0.000119
0.000121
0.000122
0.000124
0.000126
0.000130
0.000132
0.000133
0.000134
0.000136
0.000138
0.000140
0.000140
0.000141
0.000142
0.000143
0.000144
0.000146
0.000147
0.000148
0.000149
0.000150
0.000151
0.000152
0.000153
0.000153
0.000154
0.000155
0.000156
0.000157
0.000158
0.000158
0.000159
0.000160
0.000160
0.000161
0.000162
0.000162
0.000163
0.000163
0.000164
0.000164
0.000165
0.000165
0.000166
0.000166
0.000167
0.000167
0.000167
0.000168
0.000168
0.000168
0.000168
0.000169
0.000169
0.000169
0.000169
0.000169
0.000169
0.000169
0.000169
0.000169
0.000169
0.000169
0.000168
0.000168
0.000168
0.000168
0.000167
0.000167
0.000167
0.000166
