0.000000
-0.000243
-0.000241
-0.000239
-0.000235
-0.000232
-0.000230
-0.000230
-0.000229
-0.000229
-0.000237
-0.000258
-0.000294
-0.000326
-0.000329
-0.000286
-0.000208
-0.000130
-0.000095
-0.000126
-0.000202
-0.000272
-0.000280
-0.000224
-0.000164
-0.000178
-0.000296
-0.000466
-0.000602
-0.000628
-0.000517
-0.000305
-0.000094
0.000016
-0.000014
-0.000154
-0.000318
-0.000430
-0.000484
-0.000514
-0.000488
-0.000309
-0.000002
0.000279
0.000411
0.000398
0.000368
0.000424
0.000483
0.000259
-0.000332
-0.000988
-0.001353
-0.001280
-0.000773
0.000049
0.000840
0.001154
0.000793
0.000113
-0.000181
0.000332
0.001371
0.002061
0.001767
0.000634
-0.000634
-0.001408
-0.001447
-0.000868
0.000085
0.001001
0.001492
0.001394
0.000769
-0.000119
-0.000977
-0.001697
-0.002366
-0.003006
-0.003458
-0.003528
-0.003203
-0.002647
-0.002192
-0.002005
-0.002119
-0.002404
-0.002502
-0.002256
-0.001744
-0.001058
-0.000522
-0.000446
-0.000730
-0.001005
-0.000903
-0.000654
-0.000583
-0.000769
-0.001208
-0.001522
-0.001090
0.000341
0.002723
0.005622
0.008046
0.009016
0.008399
0.007024
0.005791
0.005134
0.004632
0.003619
0.002067
0.000176
-0.001748
-0.003462
-0.004661
-0.004949
-0.004354
-0.003657
-0.003588
-0.004254
-0.005282
-0.006370
-0.007184
-0.007190
-0.006158
-0.004159
-0.001636
0.000579
0.001735
0.001427
0.000021
-0.001523
-0.002548
-0.003193
-0.004167
-0.005639
-0.007210
-0.008125
-0.007255
-0.004013
0.001180
0.007327
0.013118
0.017061
0.018071
0.016519
0.013972
0.011532
0.009584
0.007486
0.003557
-0.002939
-0.010253
-0.015115
-0.015479
-0.011544
-0.004980
0.001733
0.006140
0.007254
0.006226
0.005104
0.005290
0.006599
0.007360
0.005986
0.002303
-0.002255
-0.005200
-0.004893
-0.001710
0.002499
0.005621
0.006445
0.005117
0.002304
-0.001412
-0.004926
-0.007129
-0.007554
-0.006239
-0.003991
-0.002042
-0.001363
-0.002607
-0.005837
-0.010286
-0.014279
-0.015664
-0.013199
-0.007190
0.000512
0.007320
0.010950
0.010389
0.006852
0.002817
0.000603
0.001404
0.004188
0.006747
0.006604
0.002666
-0.003323
-0.007549
-0.007044
-0.001964
0.004510
0.008178
0.007223
0.003332
-0.000377
-0.001832
-0.000881
0.000542
-0.000164
-0.004326
-0.010581
-0.015981
-0.018698
-0.018436
-0.015879
-0.013032
-0.012073
-0.013070
-0.014546
-0.015298
-0.014498
-0.011613
-0.006820
-0.001099
0.004589
0.009318
0.012230
0.012853
0.010921
0.006776
0.002238
-0.000113
0.001134
0.004533
0.007075
0.006987
0.004527
0.001565
0.000418
0.001937
0.005376
0.009186
0.011762
0.012130
0.010566
0.007610
0.003720
-0.000721
-0.005434
-0.009292
-0.010603
-0.008356
-0.002810
0.004624
0.011775
0.016424
0.017426
0.014738
0.009527
0.003641
-0.001261
-0.004511
-0.006456
-0.007597
-0.008292
-0.009246
-0.010190
-0.009719
-0.006405
0.000285
0.009562
0.017947
0.020012
0.013112
-0.000561
-0.015231
-0.024185
-0.024054
-0.016357
-0.006135
0.001346
0.002348
-0.003880
-0.013534
-0.020543
-0.021168
-0.016192
-0.009191
-0.002859
0.002008
0.005800
0.009805
0.014729
0.019381
0.020409
0.014580
0.003017
-0.008309
-0.013165
-0.009335
0.000662
0.010603
0.014332
0.009736
-0.000739
-0.011606
-0.017368
-0.016111
-0.010654
-0.006783
-0.008386
-0.015210
-0.022710
-0.024390
-0.017855
-0.005169
0.009193
0.019137
0.020114
0.012534
0.001053
-0.008836
-0.013639
-0.013703
-0.012429
-0.012636
-0.014112
-0.014768
-0.012712
-0.007335
-0.000045
0.005943
0.007740
0.005142
0.000563
-0.002907
-0.003616
-0.001671
0.001897
0.005446
0.008579
0.012426
0.017986
0.025410
0.034341
0.043914
0.052193
0.057154
0.057617
0.053925
0.047648
0.040926
0.036417
0.035642
0.038309
0.043062
0.048257
0.052596
0.055391
0.056097
0.054562
0.051083
0.045852
0.038630
0.029875
0.021045
0.013502
0.007506
0.002567
-0.001734
-0.006300
-0.012606
-0.021107
-0.031398
-0.042561
-0.053162
-0.061926
-0.068440
-0.073138
-0.076728
-0.079435
-0.081232
-0.082544
-0.083571
-0.083569
-0.081654
-0.076780
-0.067895
-0.055045
-0.039286
-0.021799
-0.003946
0.012760
0.027054
0.038597
0.047721
0.055418
0.063475
0.072858
0.082566
0.091294
0.097902
0.101272
0.101291
0.098436
0.093624
0.088268
0.083684
0.080454
0.078278
0.076390
0.074363
0.071801
0.068059
0.063284
0.058718
0.054957
0.051570
0.048748
0.045956
0.041376
0.034108
0.024171
0.012124
-0.000292
-0.011321
-0.020283
-0.027288
-0.033669
-0.040784
-0.048818
-0.058078
-0.069133
-0.081924
-0.095461
-0.108776
-0.120539
-0.129237
-0.133368
-0.133080
-0.131147
-0.131791
-0.139148
-0.155677
-0.179530
-0.206800
-0.234375
-0.257439
-0.268675
-0.263868
-0.245008
-0.218059
-0.185927
-0.147330
-0.104671
-0.064758
-0.033338
-0.010936
0.005998
0.020900
0.036245
0.053514
0.073296
0.096343
0.122300
0.148632
0.170451
0.181580
0.178500
0.161208
0.131263
0.092816
0.052990
0.020169
0.000245
-0.005782
-0.001264
0.009604
0.023522
0.038202
0.052815
0.067933
0.082643
0.096262
0.110237
0.124791
0.137960
0.148136
0.154307
0.155020
0.150093
0.141566
0.131922
0.121983
0.112544
0.105055
0.100878
0.101223
0.106545
0.116118
0.128280
0.140395
0.149704
0.155722
0.158744
0.158693
0.155977
0.150959
0.143825
0.135063
0.124489
0.111604
0.096260
0.077976
0.055273
0.025704
-0.011702
-0.055175
-0.099201
-0.135156
-0.156582
-0.160647
-0.149640
-0.129456
-0.105405
-0.082830
-0.067472
-0.063358
-0.070886
-0.085632
-0.100066
-0.108522
-0.108995
-0.102346
-0.089146
-0.069104
-0.044786
-0.020726
-0.000159
0.013456
0.015651
0.005167
-0.015312
-0.042848
-0.074634
-0.106280
-0.132116
-0.147872
-0.153674
-0.151098
-0.138643
-0.113321
-0.077337
-0.041254
-0.011963
0.013347
0.033663
0.042932
0.036814
0.013246
-0.024417
-0.065306
-0.099858
-0.125633
-0.141744
-0.146942
-0.142237
-0.128544
-0.106597
-0.082333
-0.064139
-0.056331
-0.058417
-0.068613
-0.083662
-0.100164
-0.112381
-0.113455
-0.100383
-0.078072
-0.054890
-0.034647
-0.017616
-0.003313
0.007609
0.012004
0.003798
-0.024586
-0.070647
-0.118255
-0.153525
-0.173073
-0.173373
-0.153160
-0.121602
-0.090080
-0.062203
-0.037041
-0.010957
0.022065
0.066591
0.122385
0.182521
0.235398
0.273706
0.294670
0.300000
0.292833
0.271457
0.232673
0.177672
0.108772
0.025538
-0.069855
-0.157364
-0.212907
-0.223888
-0.190350
-0.136982
-0.094042
-0.065665
-0.042636
-0.018331
0.013509
0.049550
0.077335
0.088646
0.082639
0.061909
0.031840
-0.001223
-0.032237
-0.062128
-0.090202
-0.109632
-0.116161
-0.111861
-0.102023
-0.087960
-0.068735
-0.048713
-0.029721
-0.009642
0.013533
0.042750
0.079009
0.116760
0.146625
0.162817
0.165278
0.156297
0.139273
0.117960
0.094056
0.067088
0.037383
0.008113
-0.015268
-0.027762
-0.027443
-0.018729
-0.008269
-0.001217
0.001338
0.001807
0.001612
0.002362
0.005704
0.012389
0.021668
0.030744
0.038669
0.045995
0.052276
0.056546
0.058034
0.056759
0.053371
0.048769
0.044254
0.040571
0.038070
0.036538
0.035300
0.033728
0.031673
0.029477
0.027690
0.026861
0.027111
0.027956
0.028504
0.027996
0.025556
0.021058
0.015619
0.010130
0.005016
0.001220
-0.000244
0.000954
0.004037
0.007841
0.011449
0.014101
0.015442
0.015607
0.015653
0.016785
0.019356
0.023241
0.028440
0.034538
0.040948
0.046818
0.051383
0.054125
0.054707
0.052731
0.047840
0.040294
0.030942
0.020571
0.010164
0.000676
-0.007607
-0.014595
-0.020282
-0.025048
-0.028588
-0.030741
-0.031403
-0.030137
-0.026891
-0.022312
-0.017426
-0.013164
-0.010473
-0.009992
-0.012000
-0.016413
-0.022434
-0.028868
-0.034395
-0.037521
-0.037131
-0.032740
-0.024398
-0.013149
-0.000030
0.014238
0.028815
0.042747
0.054496
0.063425
0.069924
0.073616
0.073209
0.067993
0.057775
0.042740
0.023902
0.003080
-0.017219
-0.035133
-0.049718
-0.060462
-0.066863
-0.069147
-0.068386
-0.066043
-0.063372
-0.061110
-0.059193
-0.057220
-0.055316
-0.053803
-0.052668
-0.051754
-0.051130
-0.051024
-0.051373
-0.051944
-0.052544
-0.052920
-0.053152
-0.053535
-0.053915
-0.054225
-0.054333
-0.054207
-0.053993
-0.054041
-0.054565
-0.055536
-0.056659
-0.057451
-0.057163
-0.054893
-0.049812
-0.041895
-0.032386
-0.023159
-0.015271
-0.009014
-0.004542
-0.002132
-0.001813
-0.002483
-0.002421
-0.000552
0.003138
0.007884
0.012905
0.017493
0.021277
0.024350
0.026869
0.028741
0.030041
0.030548
0.029679
0.026905
0.022199
0.015756
0.008157
0.000237
-0.006836
-0.011829
-0.014137
-0.013768
-0.011283
-0.007645
-0.003913
-0.000670
0.002040
0.003947
0.005018
0.005569
0.005880
0.005932
0.005299
0.004225
0.003360
0.003223
0.004405
0.007516
0.012805
0.019998
0.028665
0.038091
0.047394
0.055877
0.062691
0.067174
0.069390
0.069146
0.066010
0.060527
0.053748
0.046619
0.040327
0.036080
0.034558
0.035343
0.037172
0.038631
0.038501
0.036736
0.034001
0.031197
0.029593
0.030094
0.032858
0.037033
0.041223
0.043989
0.044213
0.041497
0.036285
0.029601
0.022404
0.015709
0.010390
0.007238
0.006639
0.008051
0.010708
0.013680
0.016195
0.017414
0.016777
0.014028
0.009503
0.003800
-0.002427
-0.008511
-0.014080
-0.018807
-0.022679
-0.025915
-0.028688
-0.031311
-0.033901
-0.036134
-0.037840
-0.039154
-0.039927
-0.039808
-0.038828
-0.037432
-0.035914
-0.034144
-0.032000
-0.029433
-0.026376
-0.022550
-0.017440
-0.010981
-0.003507
0.004081
0.010932
0.016103
0.018642
0.018242
0.015363
0.010906
0.006256
0.002833
0.001205
0.000895
0.001113
0.001007
-0.000287
-0.003166
-0.007349
-0.011964
-0.015858
-0.018395
-0.019513
-0.019467
-0.018892
-0.018588
-0.018844
-0.019603
-0.020679
-0.021708
-0.021990
-0.020841
-0.018418
-0.015373
-0.012472
-0.010761
-0.010998
-0.013440
-0.017555
-0.022378
-0.027034
-0.030758
-0.033133
-0.034031
-0.033795
-0.033175
-0.032632
-0.032368
-0.032748
-0.033768
-0.034933
-0.035770
-0.035873
-0.035162
-0.033627
-0.031435
-0.029070
-0.026898
-0.024731
-0.022147
-0.018581
-0.013829
-0.007994
-0.001334
0.005714
0.012547
0.018593
0.023175
0.025794
0.026353
0.024936
0.022211
0.018828
0.015653
0.013398
0.012687
0.014038
0.017274
0.021771
0.026670
0.031161
0.034420
0.035621
0.034140
0.030309
0.024638
0.017792
0.010939
0.005396
0.002147
0.001412
0.002470
0.004367
0.006321
0.007693
0.007974
0.007122
0.005450
0.003463
0.001731
0.000549
-0.000027
-0.000359
-0.000964
-0.002371
-0.004802
-0.007985
-0.011348
-0.014318
-0.016305
-0.016621
-0.015185
-0.012829
-0.010299
-0.008324
-0.007400
-0.007376
-0.007374
-0.006069
-0.002775
0.002629
0.009916
0.018073
0.025795
0.031978
0.035620
0.036313
0.034285
0.030625
0.026485
0.022805
0.020509
0.020172
0.021738
0.024662
0.028142
0.031157
0.032660
0.031996
0.029273
0.025182
0.020649
0.016471
0.013660
0.013045
0.014541
0.017458
0.020587
0.022729
0.023046
0.021065
0.016734
0.010755
0.004430
-0.000946
-0.004380
-0.005387
-0.004073
-0.001128
0.002444
0.005679
0.007619
0.007565
0.005140
0.000512
-0.005663
-0.012516
-0.018623
-0.022373
-0.022514
-0.018545
-0.010818
-0.000782
0.009247
0.016812
0.019945
0.018190
0.012312
0.003867
-0.004794
-0.011615
-0.015256
-0.015163
-0.012007
-0.007331
-0.002896
-0.000482
-0.000745
-0.003097
-0.006590
-0.009698
-0.011304
-0.010942
-0.008828
-0.006000
-0.003851
-0.003547
-0.005438
-0.009039
-0.013360
-0.017067
-0.018919
-0.018490
-0.016150
-0.012875
-0.010180
-0.009572
-0.011500
-0.015733
-0.021356
-0.026922
-0.031198
-0.033568
-0.034084
-0.033093
-0.031467
-0.030178
-0.029625
-0.029604
-0.029756
-0.029625
-0.028569
-0.026257
-0.022738
-0.018450
-0.013984
-0.009595
-0.005481
-0.001680
0.001937
0.005667
0.009522
0.013464
0.017251
0.020256
0.021942
0.022305
0.021511
0.019978
0.018405
0.017247
0.016671
0.016620
0.016902
0.017139
0.016870
0.015709
0.013619
0.010911
0.007406
0.003203
-0.001093
-0.004660
-0.006976
-0.008097
-0.008227
-0.008009
-0.008434
-0.010263
-0.014057
-0.019565
-0.025551
-0.030437
-0.032809
-0.032388
-0.029600
-0.025237
-0.020855
-0.017961
-0.017109
-0.017934
-0.019686
-0.020738
-0.019070
-0.013563
-0.004367
0.007257
0.019204
0.029415
0.035830
0.036304
0.030277
0.018838
0.003538
-0.012591
-0.025806
-0.033498
-0.034507
-0.028903
-0.018326
-0.004779
0.009873
0.023685
0.034414
0.040348
0.041128
0.037255
0.030016
0.021043
0.011912
0.004199
-0.000890
-0.002324
-0.000128
0.004278
0.009544
0.014587
0.018491
0.020781
0.021037
0.019305
0.016362
0.013328
0.010970
0.009193
0.007667
0.005888
0.003343
-0.000272
-0.004796
-0.010030
-0.015513
-0.020306
-0.023631
-0.025030
-0.024440
-0.021801
-0.017382
-0.011817
-0.005988
-0.000423
0.004676
0.008798
0.011561
0.012623
0.012104
0.010539
0.008570
0.006884
0.006065
0.006456
0.008031
0.010267
0.012354
0.013665
0.014250
0.014317
0.014223
0.014599
0.015795
0.017617
0.019661
0.021153
0.020917
0.018382
0.013712
0.007813
0.001683
-0.003706
-0.007415
-0.008854
-0.008126
-0.005878
-0.003144
-0.000695
0.001191
0.002351
0.002910
0.002990
0.002866
0.002624
0.002060
0.001008
-0.000290
-0.001645
-0.002751
-0.003268
-0.003052
-0.002115
-0.000635
0.001071
0.002446
0.002914
0.002229
0.000345
-0.002352
-0.005502
-0.008677
-0.011343
-0.013222
-0.014370
-0.014701
-0.013553
-0.010593
-0.005818
0.000468
0.007833
0.015393
0.022110
0.027163
0.029882
0.029888
0.027560
0.024086
0.020474
0.017316
0.015285
0.014383
0.013993
0.013503
0.012419
0.010400
0.007223
0.003006
-0.001816
-0.006857
-0.011673
-0.015800
-0.019019
-0.021134
-0.022019
-0.021617
-0.020244
-0.018219
-0.015828
-0.013500
-0.011469
-0.009703
-0.007923
-0.005843
-0.003177
-0.000046
0.003017
0.005501
0.006965
0.007315
0.006878
0.006366
0.006679
0.008128
0.010692
0.013742
0.016045
0.016523
0.014613
0.010459
0.004767
-0.001461
-0.007541
-0.012872
-0.016896
-0.019678
-0.021623
-0.022506
-0.021947
-0.019625
-0.015708
-0.010799
-0.005794
-0.001844
0.000339
0.000451
-0.000847
-0.002229
-0.002355
-0.000599
0.002887
0.007226
0.011237
0.013778
0.014048
0.012016
0.008227
0.003446
-0.001553
-0.006117
-0.009803
-0.012508
-0.014234
-0.015102
-0.015343
-0.015024
-0.014676
-0.014871
-0.015789
-0.017191
-0.018676
-0.019729
-0.019749
-0.018353
-0.015557
-0.011825
-0.007844
-0.004533
-0.002513
-0.001910
-0.002313
-0.002767
-0.002195
0.000028
0.004040
0.009372
0.014739
0.018620
0.019998
0.018438
0.014483
0.009468
0.004947
0.002405
0.002302
0.004317
0.007350
0.009564
0.009539
0.006681
0.001538
-0.004396
-0.009092
-0.010928
-0.009544
-0.005592
-0.000484
0.003649
0.005045
0.002978
-0.002289
-0.009312
-0.016205
-0.021097
-0.022662
-0.020794
-0.016554
-0.011445
-0.006895
-0.004184
-0.003999
-0.006175
-0.010050
-0.014752
-0.019619
-0.023673
-0.026268
-0.027340
-0.026876
-0.025206
-0.022815
-0.020099
-0.017420
-0.015185
-0.013442
-0.012133
-0.011282
-0.010651
-0.010101
-0.009434
-0.008399
-0.006690
-0.004249
-0.001280
0.002103
0.005541
0.008750
0.011639
0.014205
0.016491
0.018289
0.019433
0.019749
0.018832
0.016606
0.013344
0.009608
0.006121
0.003749
0.002954
0.003690
0.005591
0.008158
0.010888
0.013382
0.015195
0.015998
0.015725
0.014338
0.012059
0.009381
0.006903
0.005094
0.004194
0.004225
0.004848
0.005572
0.006055
0.006020
0.005623
0.005214
0.005304
0.006207
0.007724
0.009444
0.010701
0.010944
0.009816
0.007442
0.004510
0.001883
0.000325
0.000195
0.001192
0.002742
0.004516
0.006229
0.007647
0.008785
0.009698
0.010406
0.010860
0.011302
0.011912
0.012778
0.013965
0.015177
0.015918
0.015629
0.014021
0.011274
0.007946
0.004923
0.003269
0.003412
0.004899
0.006921
0.008529
0.008930
0.007700
0.005190
0.002315
0.000094
-0.000777
-0.000276
0.000904
0.001785
0.001254
-0.000982
-0.004653
-0.009081
-0.013176
-0.015816
-0.016401
-0.014999
-0.012284
-0.009102
-0.006243
-0.004151
-0.002922
-0.002443
-0.002446
-0.002701
-0.003022
-0.003429
-0.003904
-0.004359
-0.004634
-0.004374
-0.003212
-0.001167
0.001318
0.003652
0.005121
0.005146
0.003658
0.000917
-0.002456
-0.005316
-0.006674
-0.006188
-0.004314
-0.001870
-0.000081
-0.000087
-0.002224
-0.006200
-0.011023
-0.015034
-0.016499
-0.015176
-0.011828
-0.007576
-0.003880
-0.002023
-0.002554
-0.005112
-0.008616
-0.011688
-0.013124
-0.012684
-0.010895
-0.008366
-0.006204
-0.005325
-0.005863
-0.007299
-0.008909
-0.010039
-0.010280
-0.009633
-0.008364
-0.006837
-0.005406
-0.004477
-0.004219
-0.004397
-0.004769
-0.005045
-0.005016
-0.004547
-0.003572
-0.001983
0.000267
0.003053
0.006235
0.009640
0.012848
0.015488
0.017203
0.017639
0.016662
0.014502
0.011834
0.009288
0.007199
0.005677
0.004696
0.004111
0.003790
0.003648
0.003801
0.004123
0.004352
0.004160
0.003250
0.001525
-0.000860
-0.003255
-0.005021
-0.005562
-0.004460
-0.001841
0.001807
0.005870
0.009485
0.012000
0.012864
0.012167
0.010487
0.008262
0.005735
0.003379
0.001479
0.000055
-0.000602
-0.000307
0.001073
0.003503
0.006593
0.009787
0.012477
0.014122
0.014297
0.013087
0.011032
0.009003
0.007642
0.006969
0.006863
0.006966
0.006848
0.006396
0.005795
0.005477
0.005673
0.006352
0.007152
0.007668
0.007531
0.006633
0.005259
0.003901
0.003008
0.002734
0.003011
0.003500
0.003666
0.003240
0.002205
0.000832
-0.000326
-0.000840
-0.000438
0.000918
0.002719
0.004365
0.005336
0.005282
0.004147
0.002351
0.000458
-0.000882
-0.001240
-0.000460
0.001322
0.003858
0.006581
0.008794
0.010055
0.010086
0.008791
0.006418
0.003491
0.000548
-0.001809
-0.003058
-0.003357
-0.003137
-0.002806
-0.002776
-0.003363
-0.004460
-0.005676
-0.006508
-0.006485
-0.005408
-0.003681
-0.001975
-0.000905
-0.001081
-0.002745
-0.005711
-0.009373
-0.012797
-0.015242
-0.016136
-0.015573
-0.014315
-0.013223
-0.012850
-0.013378
-0.014548
-0.015901
-0.016687
-0.016258
-0.014552
-0.011958
-0.008881
-0.005909
-0.003480
-0.001890
-0.001163
-0.001197
-0.001851
-0.003032
-0.004560
-0.006225
-0.007514
-0.008103
-0.007864
-0.006785
-0.005155
-0.003495
-0.002477
-0.002649
-0.004096
-0.006319
-0.008727
-0.010665
-0.011256
-0.009985
-0.007132
-0.003564
-0.000169
0.002350
0.003553
0.003270
0.001870
0.000181
-0.001133
-0.001652
-0.001143
0.000391
0.002476
0.004600
0.006293
0.007329
0.007672
0.007333
0.006627
0.005946
0.005564
0.005505
0.005703
0.005820
0.005518
0.004791
0.003794
0.002720
0.001795
0.001385
0.001649
0.002442
0.003585
0.004725
0.005631
0.006032
0.005656
0.004472
0.002706
0.000749
-0.000945
-0.002002
-0.002153
-0.001331
0.000282
0.002416
0.004598
0.006483
0.007890
0.008570
0.008600
0.007961
0.006652
0.004907
0.003253
0.002114
0.001848
0.002503
0.003831
0.005515
0.006852
0.007135
0.006089
0.003789
0.000519
-0.002906
-0.005531
-0.006690
-0.006198
-0.004258
-0.001406
0.001483
0.003565
0.004346
0.003899
0.002858
0.001966
0.001957
0.002862
0.004326
0.005681
0.006020
0.004719
0.001903
-0.001452
-0.004257
-0.005499
-0.004827
-0.002747
-0.000251
0.001321
0.000940
-0.001466
-0.005256
-0.009196
-0.011800
-0.012038
-0.009809
-0.005878
-0.001343
0.002439
0.004161
0.003157
-0.000237
-0.004889
-0.009302
-0.012202
-0.013059
-0.011815
-0.009305
-0.006690
-0.005188
-0.005206
-0.006388
-0.007829
-0.008418
-0.007496
-0.004968
-0.001293
0.002285
0.004462
0.004546
0.002783
-0.000089
-0.002992
-0.004957
-0.005360
-0.004277
-0.002275
-0.000143
0.001366
0.001802
0.001380
0.000594
-0.000173
-0.000495
-0.000096
0.000610
0.001110
0.000955
0.000002
-0.001523
-0.003172
-0.004400
-0.004992
-0.005155
-0.005147
-0.005238
-0.005580
-0.005889
-0.005528
-0.004037
-0.001340
0.002401
0.006502
0.009866
0.011572
0.011329
0.009465
0.006809
0.004600
0.003765
0.004641
0.006785
0.009231
0.010949
0.011292
0.010215
0.008141
0.006162
0.005325
0.005834
0.007013
0.007825
0.007072
0.004345
0.000011
-0.004915
-0.008739
-0.010040
-0.008476
-0.004579
0.000292
0.004409
0.006170
0.005045
0.001327
-0.003855
-0.008704
-0.011469
-0.011709
-0.009960
-0.007216
-0.004765
-0.003658
-0.004124
-0.005654
-0.007338
-0.008006
-0.006952
-0.004262
-0.000662
0.002660
0.004621
0.004715
0.002972
-0.000018
-0.003169
-0.005342
-0.005862
-0.004564
-0.002045
0.000572
0.002203
0.002173
0.000657
-0.001551
-0.003328
-0.003756
-0.002632
-0.000350
0.002263
0.004103
0.004384
0.003085
0.000885
-0.001122
-0.002032
-0.001445
0.000441
0.002786
0.004443
0.004544
0.002983
0.000151
-0.003120
-0.005841
-0.007122
-0.006575
-0.004407
-0.001328
0.001744
0.003803
0.004159
0.002936
0.000739
-0.001493
-0.002975
-0.003409
-0.003010
-0.002251
-0.001691
-0.001728
-0.002520
-0.003837
-0.004870
-0.004953
-0.003892
-0.001898
0.000614
0.002781
0.003860
0.003700
0.002680
0.001453
0.000841
0.001354
0.002950
0.005308
0.008006
0.010482
0.012108
0.012650
0.012228
0.011186
0.009933
0.008667
0.007480
0.006306
0.005022
0.003525
0.001847
0.000360
-0.000513
-0.000460
0.000537
0.002297
0.004343
0.006206
0.007540
0.008093
0.008054
0.007705
0.007476
0.007302
0.006890
0.006089
0.004611
0.002272
-0.000536
-0.002872
-0.003899
-0.003244
-0.001073
0.001984
0.004947
0.006845
0.007060
0.005451
0.002685
-0.000283
-0.002670
-0.003949
-0.004086
-0.003459
-0.002653
-0.002254
-0.002508
-0.003238
-0.003839
-0.003735
-0.002800
-0.001227
0.000615
0.002041
0.002450
0.001747
0.000139
-0.001816
-0.003347
-0.003853
-0.003364
-0.002334
-0.001458
-0.001333
-0.002363
-0.004364
-0.006740
-0.008709
-0.009697
-0.009394
-0.007767
-0.005231
-0.002548
-0.000642
0.000075
-0.000368
-0.001632
-0.003065
-0.004069
-0.004354
-0.003945
-0.003144
-0.002498
-0.002575
-0.003526
-0.005153
-0.006927
-0.008294
-0.008710
-0.007878
-0.006126
-0.003984
-0.002180
-0.001187
-0.001094
-0.001786
-0.002739
-0.003485
-0.003628
-0.003099
-0.002112
-0.000962
-0.000053
0.000263
0.000049
-0.000418
-0.000713
-0.000607
-0.000005
0.000997
0.002089
0.002663
0.002406
0.001591
0.000550
-0.000522
-0.001345
-0.001690
-0.001737
-0.001793
-0.002016
-0.002491
-0.002960
-0.003123
-0.002834
-0.002115
-0.001049
0.000292
0.001590
0.002487
0.002905
0.002850
0.002454
0.001799
0.001037
0.000438
0.000188
0.000339
0.000810
0.001516
0.002435
0.003321
0.004011
0.004478
0.004521
0.004130
0.003269
0.002222
0.001233
0.000316
-0.000339
-0.000719
-0.001055
-0.001254
-0.001044
-0.000463
0.000407
0.001325
0.001916
0.001864
0.001132
0.000076
-0.000761
-0.000885
0.000087
0.001909
0.003923
0.005387
0.005703
0.004634
0.002496
0.000061
-0.001871
-0.002560
-0.001630
0.000487
0.002972
0.004875
0.005379
0.004301
0.002065
-0.000623
-0.002736
-0.003380
-0.002334
-0.000009
0.002558
0.004193
0.004195
0.002456
-0.000467
-0.003482
-0.005478
-0.005715
-0.004324
-0.001968
0.000480
0.002156
0.002601
0.001718
-0.000079
-0.001825
-0.002763
-0.002694
-0.001782
-0.000620
0.000242
0.000639
0.000540
0.000370
0.000536
0.000973
0.001432
0.001459
0.000749
-0.000617
-0.002266
-0.003533
-0.003914
-0.003270
-0.001770
0.000102
0.001571
0.002001
0.001315
-0.000142
-0.001853
-0.003081
-0.003320
-0.002633
-0.001284
0.000080
0.000643
0.000117
-0.001338
-0.003302
-0.005111
-0.006152
-0.006230
-0.005369
-0.003921
-0.002497
-0.001427
-0.000985
-0.001253
-0.001773
-0.002090
-0.001867
-0.000899
0.000622
0.002297
0.003713
0.004526
0.004592
0.004079
0.003349
0.002800
0.002684
0.002919
0.003343
0.003599
0.003538
0.003134
0.002497
0.001908
0.001739
0.002275
0.003376
0.004413
0.004893
0.004507
0.002795
0.000050
-0.002732
-0.004712
-0.005380
-0.004545
-0.002643
-0.000334
0.001682
0.002827
0.003035
0.002414
0.001379
0.000434
-0.000233
-0.000702
-0.001169
-0.001847
-0.002821
-0.003933
-0.004734
-0.004912
-0.004466
-0.003356
-0.001927
-0.000498
0.000563
0.000938
0.000617
-0.000181
-0.001102
-0.001959
-0.002732
-0.003391
-0.004006
-0.004517
-0.004739
-0.004430
-0.003565
-0.002405
-0.001185
-0.000073
0.000768
0.001343
0.001787
0.002334
0.003090
0.003851
0.004541
0.004846
0.004543
0.003874
0.003200
0.002667
0.002430
0.002789
0.003569
0.004182
0.004275
0.003540
0.001829
-0.000643
-0.003241
-0.005215
-0.006260
-0.006109
-0.004700
-0.002455
-0.000044
0.001844
0.002662
0.002221
0.000729
-0.001237
-0.002885
-0.003392
-0.002591
-0.000682
0.001831
0.004185
0.005558
0.005576
0.004311
0.002304
0.000388
-0.001009
-0.001784
-0.001831
-0.001389
-0.000935
-0.000822
-0.001120
-0.001674
-0.002348
-0.002939
-0.003189
-0.003058
-0.002565
-0.001936
-0.001369
-0.001097
-0.001023
-0.001041
-0.001198
-0.001389
-0.001616
-0.001847
-0.001897
-0.001602
-0.000820
0.000288
0.001436
0.002291
0.002511
0.001860
0.000554
-0.000817
-0.001659
-0.001486
-0.000192
0.001898
0.004172
0.006013
0.006968
0.006780
0.005516
0.003539
0.001525
0.000012
-0.001032
-0.001700
-0.001990
-0.001931
-0.001439
-0.000458
0.000787
0.002008
0.002980
0.003533
0.003645
0.003314
0.002543
0.001431
0.000245
-0.000647
-0.001088
-0.001035
-0.000583
-0.000027
0.000321
0.000538
0.000698
0.001043
0.001762
0.002733
0.003542
0.003716
0.002945
0.001253
-0.001147
-0.003563
-0.004965
-0.004682
-0.002757
0.000154
0.003060
0.004892
0.005065
0.003479
0.000674
-0.002147
-0.003967
-0.004377
-0.003544
-0.002104
-0.000755
-0.000275
-0.000716
-0.001476
-0.002082
-0.002221
-0.001765
-0.000989
-0.000225
0.000233
0.000423
0.000412
0.000356
0.000484
0.000909
0.001542
0.002051
0.002073
0.001529
0.000563
-0.000683
-0.001777
-0.002536
-0.002929
-0.002795
-0.002490
-0.002403
-0.002506
-0.002732
-0.003064
-0.003206
-0.003025
-0.002666
-0.002195
-0.001878
-0.001948
-0.002275
-0.002630
-0.002742
-0.002336
-0.001511
-0.000506
0.000428
0.000928
0.000886
0.000327
-0.000379
-0.000750
-0.000492
0.000363
0.001491
0.002513
0.003174
0.003274
0.002815
0.002038
0.001316
0.000904
0.000823
0.001102
0.001459
0.001601
0.001513
0.001374
0.001383
0.001697
0.002505
0.003522
0.004416
0.004984
0.005041
0.004629
0.003964
0.003336
0.002932
0.002820
0.002895
0.002858
0.002625
0.002265
0.001837
0.001696
0.001893
0.002319
0.002854
0.003310
0.003546
0.003268
0.002441
0.001390
0.000321
-0.000477
-0.000624
-0.000287
0.000370
0.001146
0.001672
0.001847
0.001756
0.001561
0.001263
0.000965
0.000735
0.000309
-0.000468
-0.001676
-0.003098
-0.004170
-0.004446
-0.003820
-0.002439
-0.000739
0.000613
0.001021
0.000388
-0.000930
-0.002526
-0.003737
-0.004020
-0.003340
-0.002118
-0.000922
-0.000277
-0.000391
-0.001307
-0.002677
-0.004013
-0.005103
-0.005704
-0.005899
-0.005912
-0.005833
-0.005812
-0.005613
-0.004979
-0.003955
-0.002658
-0.001371
-0.000382
-0.000133
-0.000776
-0.001982
-0.003225
-0.004154
-0.004459
-0.004069
-0.003236
-0.002363
-0.001879
-0.001866
-0.002038
-0.002197
-0.002111
-0.001427
-0.000384
0.000576
0.001232
0.001258
0.000389
-0.001139
-0.002806
-0.004278
-0.005181
-0.005260
-0.004548
-0.003361
-0.002227
-0.001473
-0.001146
-0.001147
-0.001209
-0.001033
-0.000525
0.000099
0.000584
0.000617
0.000281
-0.000162
-0.000549
-0.000735
-0.000624
-0.000107
0.000767
0.001730
0.002518
0.003038
0.003425
0.003637
0.003653
0.003505
0.003069
0.002428
0.001935
0.001913
0.002552
0.003649
0.004908
0.005981
0.006592
0.006451
0.005405
0.003851
0.002400
0.001366
0.000804
0.000702
0.000822
0.000934
0.000941
0.000981
0.001252
0.001997
0.003279
0.004563
0.005461
0.005614
0.004689
0.002913
0.000725
-0.001250
-0.002439
-0.002671
-0.002096
-0.001204
-0.000576
-0.000485
-0.000868
-0.001473
-0.001953
-0.002105
-0.001822
-0.001233
-0.000685
-0.000570
-0.000888
-0.001502
-0.002019
-0.002021
-0.001477
-0.000431
0.000870
0.002035
0.002850
0.003059
0.002598
0.001576
0.000366
-0.000703
-0.001430
-0.001677
-0.001697
-0.001565
-0.001394
-0.001285
-0.001029
-0.000590
0.000022
0.000720
0.001479
0.002116
0.002341
0.002023
0.001275
0.000444
-0.000289
-0.000905
-0.001331
-0.001650
-0.001956
-0.002243
-0.002303
-0.002104
-0.001732
-0.001199
-0.000757
-0.000688
-0.001124
-0.001906
-0.002867
-0.003861
-0.004602
-0.004903
-0.004734
-0.004202
-0.003521
-0.002863
-0.002396
-0.002116
-0.001947
-0.001825
-0.001419
-0.000680
0.000249
0.001220
0.001799
0.001924
0.001718
0.001446
0.001486
0.001900
0.002598
0.003226
0.003516
0.003323
0.002643
0.001928
0.001481
0.001544
0.002233
0.003416
0.004614
0.005324
0.005426
0.005009
0.004283
0.003660
0.003410
0.003647
0.004243
0.004807
0.004986
0.004445
0.003347
0.001927
0.000437
-0.000571
-0.000693
-0.000078
0.000958
0.001900
0.002346
0.002126
0.001267
0.000174
-0.000669
-0.000968
-0.000628
-0.000019
0.000335
0.000148
-0.000645
-0.001718
-0.002520
-0.002824
-0.002528
-0.001741
-0.000836
-0.000086
0.000126
-0.000286
-0.001252
-0.002485
-0.003577
-0.004286
-0.004601
-0.004464
-0.003933
-0.003310
-0.002831
-0.002514
-0.002383
-0.002312
-0.002221
-0.002221
-0.002341
-0.002638
-0.003160
-0.003552
-0.003588
-0.003276
-0.002567
-0.001532
-0.000492
0.000147
0.000244
-0.000321
-0.001496
-0.002832
-0.003890
-0.004350
-0.004345
-0.004004
-0.003489
-0.003011
-0.002635
-0.002234
-0.001758
-0.001195
-0.000491
0.000153
0.000519
0.000633
0.000564
0.000328
0.000189
0.000319
0.000664
0.001049
0.001295
0.001248
0.000826
0.000183
-0.000502
-0.000995
-0.001382
-0.001767
-0.002049
-0.002152
-0.002065
-0.001790
-0.001351
-0.000814
-0.000367
-0.000247
-0.000531
-0.000996
-0.001339
-0.001343
-0.001038
-0.000542
0.000100
0.000674
0.000901
0.000936
0.000936
0.000955
0.001057
0.001329
0.001702
0.001910
0.001893
0.001764
0.001674
0.001793
0.002207
0.002842
0.003444
0.003836
0.003960
0.003747
0.003349
0.002997
0.002931
0.003222
0.003700
0.004066
0.003970
0.003344
0.002303
0.001153
0.000479
0.000387
0.000882
0.001852
0.002862
0.003619
0.003804
0.003285
0.002308
0.001245
0.000391
0.000138
0.000430
0.000961
0.001433
0.001601
0.001379
0.000892
0.000499
0.000365
0.000644
0.001311
0.002168
0.002819
0.003145
0.003171
0.003003
0.002732
0.002354
0.001950
0.001547
0.001198
0.000799
0.000355
0.000079
-0.000035
-0.000030
-0.000033
-0.000034
-0.000033
-0.000072
-0.000205
-0.000466
-0.000850
-0.001180
-0.001446
-0.001565
-0.001450
-0.001129
-0.000780
-0.000519
-0.000458
-0.000636
-0.000759
-0.000677
-0.000429
-0.000216
-0.000126
-0.000295
-0.000663
-0.001147
-0.001692
-0.002182
-0.002510
-0.002627
-0.002606
-0.002387
-0.002018
-0.001668
-0.001381
-0.001215
-0.001196
-0.001283
-0.001435
-0.001544
-0.001519
-0.001367
-0.001091
-0.000794
-0.000458
-0.000131
0.000192
0.000389
0.000303
-0.000053
-0.000631
-0.001179
-0.001479
-0.001473
-0.001240
-0.000753
-0.000219
0.000200
0.000500
0.000670
0.000805
0.001078
0.001435
0.001732
0.001860
0.001727
0.001204
0.000408
-0.000443
-0.001245
-0.001821
-0.001950
-0.001636
-0.001029
-0.000294
0.000306
0.000576
0.000524
0.000254
-0.000114
-0.000373
-0.000533
-0.000633
-0.000706
-0.000880
-0.001073
-0.001247
-0.001381
-0.001498
-0.001566
-0.001506
-0.001363
-0.001164
-0.000904
-0.000414
0.000284
0.000903
0.001341
0.001497
0.001305
0.000954
0.000661
0.000491
0.000439
0.000452
0.000463
0.000403
0.000321
0.000205
0.000172
0.000326
0.000610
0.000917
0.001059
0.000811
0.000179
-0.000678
-0.001387
-0.001633
-0.001375
-0.000676
-0.000108
0.000052
-0.000267
-0.001026
-0.001917
-0.002711
-0.003118
-0.002884
-0.002124
-0.001254
-0.000429
0.000224
0.000522
0.000411
0.000014
-0.000566
-0.001240
-0.001897
-0.002367
-0.002659
-0.002609
-0.002405
-0.002198
-0.001894
-0.001633
-0.001551
-0.001519
-0.001459
-0.001164
-0.000678
-0.000257
0.000062
0.000230
0.000249
0.000266
0.000280
0.000256
0.000177
0.000260
0.000495
0.000854
0.001371
0.002018
0.002782
0.003541
0.004104
0.004345
0.004137
0.003566
0.002781
0.001932
0.001194
0.000668
0.000386
0.000272
0.000206
0.000028
-0.000276
-0.000683
-0.000982
-0.000920
-0.000323
0.000791
0.002234
0.003641
0.004567
0.004745
0.004102
0.002864
0.001427
0.000425
0.000299
0.001008
0.002232
0.003434
0.004328
0.004736
0.004680
0.004320
0.003798
0.003306
0.002997
0.002764
0.002473
0.002169
0.001957
0.001779
0.001854
0.002108
0.002410
0.002543
0.002284
0.001590
0.000547
-0.000455
-0.001092
-0.001174
-0.000776
-0.000190
0.000250
0.000270
-0.000136
-0.000616
-0.000748
-0.000387
0.000302
0.001028
0.001499
0.001558
0.001218
0.000545
-0.000152
-0.000598
-0.000760
-0.000615
-0.000329
-0.000124
-0.000161
-0.000412
-0.000741
-0.001211
-0.001778
-0.002192
-0.002472
-0.002607
-0.002419
-0.001929
-0.001288
-0.000713
-0.000513
-0.000690
-0.001098
-0.001658
-0.002126
-0.002348
-0.002239
-0.001851
-0.001266
-0.000770
-0.000675
-0.001028
-0.001824
-0.002897
-0.003934
-0.004706
-0.004990
-0.004476
-0.003337
-0.001813
-0.000254
0.000965
0.001452
0.001045
-0.000057
-0.001440
-0.002691
-0.003393
-0.003242
-0.002363
-0.001134
-0.000075
0.000405
0.000230
-0.000417
-0.001121
-0.001377
-0.001161
-0.000699
-0.000228
0.000114
0.000078
-0.000230
-0.000485
-0.000553
-0.000254
0.000307
0.000937
0.001388
0.001451
0.001057
0.000372
-0.000359
-0.000919
-0.001238
-0.001261
-0.001056
-0.000669
-0.000253
0.000265
0.000911
0.001585
0.002174
0.002545
0.002647
0.002424
0.001745
0.000836
-0.000067
-0.000736
-0.001024
-0.001084
-0.001074
-0.001192
-0.001349
-0.001505
-0.001463
-0.000879
0.000354
0.001973
0.003434
0.004274
0.004199
0.003270
0.001854
0.000529
-0.000312
-0.000602
-0.000435
-0.000033
0.000278
0.000335
0.000244
0.000300
0.000638
0.001192
0.001805
0.002304
0.002487
0.002254
0.001568
0.000730
0.000100
-0.000219
-0.000028
0.000722
0.001728
0.002718
0.003494
0.003772
0.003485
0.002774
0.001877
0.001080
0.000545
0.000433
0.000795
0.001316
0.001779
0.001962
0.001642
0.000981
0.000084
-0.000695
-0.001050
-0.000985
-0.000551
-0.000033
0.000279
0.000213
-0.000227
-0.000864
-0.001442
-0.001904
-0.002071
-0.001869
-0.001516
-0.001188
-0.001068
-0.001193
-0.001299
-0.001229
-0.001058
-0.000769
-0.000324
0.000127
0.000397
0.000448
0.000321
0.000179
0.000086
-0.000113
-0.000259
-0.000284
-0.000209
-0.000127
-0.000080
-0.000052
0.000024
0.000131
0.000271
0.000447
0.000650
0.000872
0.001170
0.001421
0.001525
0.001610
0.001668
0.001558
0.001247
0.000745
0.000140
-0.000402
-0.000744
-0.000740
-0.000349
0.000331
0.001083
0.001635
0.001778
0.001528
0.000929
0.000161
-0.000605
-0.001246
-0.001507
-0.001313
-0.001058
-0.000952
-0.000881
-0.000920
-0.000959
-0.001033
-0.001143
-0.001284
-0.001446
-0.001501
-0.001531
-0.001596
-0.001671
-0.001679
-0.001588
-0.001616
-0.001769
-0.001915
-0.002124
-0.002231
-0.002162
-0.001916
-0.001676
-0.001612
-0.001622
-0.001651
-0.001632
-0.001512
-0.001323
-0.001161
-0.001168
-0.001403
-0.001670
-0.001887
-0.002030
-0.001967
-0.001666
-0.001397
-0.001177
-0.001011
-0.001141
-0.001372
-0.001477
-0.001380
-0.001028
-0.000347
0.000391
0.000952
0.001310
0.001444
0.001451
0.001438
0.001420
0.001475
0.001535
0.001559
0.001525
0.001341
0.001058
0.000738
0.000416
0.000153
0.000045
0.000093
0.000165
0.000333
0.000584
0.000901
0.001362
0.001890
0.002338
0.002523
0.002282
0.001616
0.000565
-0.000558
-0.001392
-0.001652
-0.001421
-0.000902
-0.000323
0.000100
0.000209
0.000098
-0.000021
-0.000137
-0.000267
-0.000403
-0.000638
-0.001054
-0.001585
-0.002236
-0.002865
-0.003291
-0.003340
-0.003025
-0.002464
-0.001744
-0.001089
-0.000611
-0.000377
-0.000372
-0.000605
-0.000931
-0.001236
-0.001487
-0.001509
-0.001317
-0.001128
-0.000981
-0.000824
-0.000652
-0.000442
-0.000275
-0.000044
0.000417
0.000947
0.001506
0.001915
0.002124
0.002207
0.002083
0.001811
0.001653
0.001711
0.002004
0.002431
0.002904
0.003328
0.003654
0.003770
0.003699
0.003475
0.003091
0.002650
0.002130
0.001577
0.001033
0.000515
0.000100
-0.000184
-0.000261
-0.000298
-0.000335
-0.000436
-0.000780
-0.001252
-0.001471
-0.001451
-0.001215
-0.000705
-0.000047
0.000538
0.000914
0.000928
0.000531
-0.000047
-0.000593
-0.000948
-0.000968
-0.000663
-0.000179
0.000299
0.000570
0.000550
0.000209
-0.000311
-0.000810
-0.001120
-0.001061
-0.000657
-0.000163
0.000285
0.000578
0.000648
0.000504
0.000272
0.000129
0.000195
0.000452
0.000714
0.000903
0.001002
0.000960
0.000795
0.000561
0.000438
0.000631
0.000968
0.001193
0.001237
0.001103
0.000769
0.000273
-0.000229
-0.000538
-0.000616
-0.000500
-0.000193
0.000130
0.000345
0.000527
0.000585
0.000527
0.000413
0.000236
-0.000007
-0.000277
-0.000492
-0.000669
-0.000804
-0.000931
-0.000975
-0.000904
-0.000791
-0.000577
-0.000321
0.000047
0.000565
0.001056
0.001400
0.001479
0.001256
0.000842
0.000411
0.000167
0.000227
0.000633
0.001264
0.001806
0.002117
0.002140
0.001764
0.001148
0.000473
-0.000077
-0.000329
-0.000389
-0.000298
-0.000188
-0.000162
-0.000209
-0.000367
-0.000440
-0.000294
-0.000048
0.000118
0.000202
0.000144
-0.000182
-0.000836
-0.001547
-0.002136
-0.002462
-0.002580
-0.002633
-0.002772
-0.003114
-0.003519
-0.003775
-0.003833
-0.003708
-0.003341
-0.002785
-0.002214
-0.001832
-0.001678
-0.001612
-0.001532
-0.001282
-0.000821
-0.000360
-0.000080
0.000088
0.000222
0.000286
0.000367
0.000568
0.000766
0.000824
0.000700
0.000537
0.000265
0.000031
0.000062
0.000313
0.000623
0.000949
0.001240
0.001409
0.001433
0.001344
0.001147
0.000983
0.000887
0.000840
0.000776
0.000668
0.000581
0.000646
0.000903
0.001357
0.001882
0.002314
0.002606
0.002688
0.002592
0.002353
0.002086
0.001987
0.002030
0.002186
0.002359
0.002403
0.002312
0.002058
0.001633
0.001153
0.000643
0.000201
-0.000055
-0.000197
-0.000253
-0.000250
-0.000262
-0.000298
-0.000380
-0.000534
-0.000631
-0.000731
-0.000730
-0.000607
-0.000397
-0.000072
0.000199
0.000408
0.000531
0.000520
0.000429
0.000248
0.000027
-0.000169
-0.000265
-0.000424
-0.000718
-0.001111
-0.001568
-0.001907
-0.002032
-0.001911
-0.001608
-0.001297
-0.001113
-0.001082
-0.001287
-0.001533
-0.001613
-0.001499
-0.001295
-0.001187
-0.001282
-0.001511
-0.001755
-0.001885
-0.001830
-0.001498
-0.000858
0.000020
0.000898
0.001471
0.001607
0.001423
0.000984
0.000296
-0.000347
-0.000752
-0.000933
-0.000863
-0.000736
-0.000701
-0.000843
-0.001095
-0.001343
-0.001456
-0.001355
-0.001041
-0.000524
0.000012
0.000364
0.000499
0.000486
0.000417
0.000422
0.000565
0.000841
0.001216
0.001472
0.001450
0.001211
0.000812
0.000370
0.000086
-0.000040
-0.000159
-0.000258
-0.000488
-0.000868
-0.001261
-0.001521
-0.001529
-0.001328
-0.000975
-0.000642
-0.000468
-0.000519
-0.000721
-0.000904
-0.000840
-0.000571
-0.000149
0.000291
0.000513
0.000528
0.000361
0.000096
-0.000162
-0.000226
-0.000117
0.000124
0.000450
0.000730
0.000897
0.000965
0.000942
0.000889
0.000793
0.000704
0.000613
0.000447
0.000214
-0.000109
-0.000435
-0.000617
-0.000694
-0.000654
-0.000455
-0.000201
0.000019
0.000112
0.000086
-0.000008
-0.000098
-0.000213
-0.000322
-0.000357
-0.000369
-0.000406
-0.000416
-0.000383
-0.000301
-0.000179
-0.000072
-0.000016
0.000000
0.000010
0.000057
0.000172
0.000327
0.000423
0.000355
0.000092
-0.000295
-0.000712
-0.000996
-0.001044
-0.000834
-0.000464
-0.000090
0.000149
0.000172
0.000034
-0.000150
-0.000325
-0.000405
-0.000305
-0.000085
0.000153
0.000270
0.000230
0.000099
-0.000040
-0.000138
-0.000170
-0.000112
0.000008
0.000148
0.000249
0.000274
0.000247
0.000200
0.000162
0.000165
0.000210
0.000234
0.000213
0.000137
0.000027
-0.000058
-0.000085
-0.000050
0.000035
0.000141
0.000240
0.000319
0.000356
0.000379
0.000421
0.000462
0.000507
0.000532
0.000488
0.000374
0.000229
0.000060
-0.000098
-0.000199
-0.000235
-0.000225
-0.000194
-0.000153
-0.000113
-0.000077
-0.000032
0.000006
0.000044
0.000071
0.000070
0.000053
0.000028
-0.000009
-0.000032
-0.000034
-0.000025
-0.000014
-0.000001
0.000007
0.000019
0.000024
0.000031
0.000043
0.000054
0.000058
0.000059
0.000055
0.000047
0.000042
0.000035
0.000025
0.000016
0.000009
0.000005
0.000005
0.000010
0.000014
0.000021
0.000028
0.000031
0.000034
0.000041
0.000050
0.000059
0.000066
0.000066
0.000064
0.000057
0.000045
0.000033
0.000025
0.000018
0.000013
0.000012
0.000013
0.000018
0.000025
0.000033
0.000039
0.000045
0.000048
0.000049
0.000049
0.000049
0.000048
0.000046
0.000046
0.000047
0.000048
0.000049
0.000051
0.000052
0.000053
0.000054
0.000053
0.000051
0.000048
0.000046
0.000044
0.000042
0.000042
0.000043
0.000044
0.000044
0.000044
0.000045
0.000046
0.000046
0.000046
0.000047
0.000048
0.000048
0.000049
0.000050
0.000051
0.000052
0.000053
0.000054
0.000055
0.000056
0.000057
0.000058
0.000059
0.000060
0.000060
0.000062
0.000063
0.000064
0.000065
0.000066
0.000066
0.000067
0.000068
0.000069
0.000070
0.000071
0.000072
0.000073
0.000074
0.000075
0.000076
0.000077
0.000077
