-0.001509
-0.001616
-0.001606
-0.001572
-0.001531
-0.001479
-0.001422
-0.001345
-0.001272
-0.001227
-0.001292
-0.001389
-0.001482
-0.001599
-0.001773
-0.001931
-0.001986
-0.001926
-0.001828
-0.001736
-0.001618
-0.001364
-0.001125
-0.001080
-0.001310
-0.001541
-0.001691
-0.001906
-0.002150
-0.002158
-0.001985
-0.001646
-0.001042
-0.000336
0.000337
0.001078
0.001943
0.002889
0.003824
0.004385
0.004000
0.003255
0.002372
0.001491
0.000531
-0.000631
-0.001960
-0.003354
-0.004848
-0.006378
-0.007510
-0.008383
-0.009577
-0.010947
-0.012286
-0.012541
-0.008325
-0.002884
0.000830
0.004592
0.008845
0.012486
0.015150
0.016631
0.017177
0.015891
0.009019
0.001809
-0.003510
-0.007452
-0.010560
-0.011765
-0.012618
-0.013666
-0.014586
-0.015067
-0.014199
-0.011618
-0.007595
-0.004076
-0.001219
0.001738
0.004901
0.007505
0.009311
0.009351
0.007692
0.001683
-0.004307
-0.008049
-0.011394
-0.015077
-0.017934
-0.019024
-0.018729
-0.016075
-0.011725
-0.005944
0.000290
0.006059
0.009839
0.013027
0.015831
0.017559
0.015779
0.012386
0.008802
0.005482
0.002077
-0.001956
-0.006235
-0.011287
-0.019570
-0.028286
-0.033867
-0.027962
-0.011813
-0.000599
0.003031
-0.001821
-0.007330
-0.007724
-0.000726
0.006397
0.008914
0.010990
0.014130
0.016215
0.015928
0.014851
0.014666
0.014751
0.014177
0.013302
0.012576
0.012169
0.012972
0.014484
0.012463
0.008169
0.005599
0.004143
0.001788
-0.001240
-0.004098
-0.006462
-0.008016
-0.008456
-0.006146
-0.002529
0.001395
0.004610
0.007770
0.013967
0.023633
0.035180
0.041147
0.040555
0.038226
0.032202
0.025274
0.020577
0.022487
0.024950
0.025510
0.022907
0.017621
0.008820
-0.000294
-0.007482
-0.015107
-0.024172
-0.034402
-0.046362
-0.057207
-0.062756
-0.055912
-0.042020
-0.033469
-0.027476
-0.016956
0.002567
0.027112
0.047776
0.063375
0.066812
0.051946
0.031854
0.018469
0.009256
0.001027
-0.010478
-0.023605
-0.033752
-0.040409
-0.042259
-0.040548
-0.037498
-0.032859
-0.027544
-0.022485
-0.016609
-0.009363
-0.002531
0.001686
-0.001037
-0.007179
-0.009894
-0.011381
-0.012973
-0.006982
0.001374
0.005979
0.011399
0.017489
0.014341
0.003303
-0.004797
-0.006158
-0.003469
0.001559
0.008325
0.012611
0.006046
0.000119
-0.000578
0.000768
0.005918
0.009708
0.010551
0.009972
0.009765
0.008037
0.006024
0.004689
0.003142
0.001097
-0.000966
-0.002866
-0.005115
-0.009086
-0.011935
-0.010286
-0.005749
-0.001472
0.001519
0.004666
0.008256
0.009042
0.006368
0.004804
0.004916
0.004202
0.002597
0.002232
0.009144
0.024054
0.037042
0.040483
0.029147
0.017445
0.014806
0.013145
0.008857
0.003370
-0.000689
-0.002314
-0.002576
0.000576
0.005210
0.009233
0.010643
0.009132
0.002654
-0.002873
-0.005665
-0.009622
-0.016103
-0.024356
-0.030567
-0.030988
-0.022325
-0.011308
0.000327
0.010047
0.013785
0.015779
0.023461
0.041493
0.061327
0.069219
0.051221
0.013534
-0.015087
-0.036819
-0.033125
-0.018110
-0.018402
-0.023800
-0.020732
-0.009112
0.014250
0.042017
0.060207
0.060225
0.042613
0.022520
0.011343
0.004013
-0.001107
-0.005742
-0.012725
-0.019502
-0.024648
-0.024256
-0.004943
0.013339
0.020211
0.021844
0.021790
0.023336
0.026329
0.027912
0.026044
0.018123
0.007625
0.000444
-0.004210
-0.008268
-0.008007
-0.008196
-0.012277
-0.019512
-0.027145
-0.033181
-0.040271
-0.047208
-0.047207
-0.041508
-0.035106
-0.030092
-0.025099
-0.017904
-0.008163
0.001509
0.009937
0.016624
0.021592
0.025964
0.028853
0.026967
0.017646
0.005383
-0.005277
-0.010837
-0.013220
-0.011855
-0.007937
-0.001481
0.003744
0.001953
-0.002529
-0.003641
-0.005352
-0.010341
-0.011436
-0.007460
0.000117
0.007223
0.013656
0.018624
0.020452
0.017671
0.012950
0.010593
0.010009
0.009466
0.011523
0.014459
0.016030
0.017500
0.019811
0.022615
0.023577
0.017913
0.012588
0.010740
0.008385
0.004253
-0.000042
-0.003681
-0.006707
-0.007834
-0.008668
-0.009543
-0.008837
-0.006013
0.002297
0.010945
0.017267
0.022537
0.026481
0.026827
0.023723
0.016487
0.008331
-0.000002
-0.008687
-0.017509
-0.026718
-0.032858
-0.023378
-0.001030
0.021316
0.035732
0.037418
0.031472
0.028289
0.023667
0.016586
0.009141
0.002083
0.000250
0.001574
0.000265
-0.003088
-0.007517
-0.017045
-0.029666
-0.040117
-0.049675
-0.057215
-0.059037
-0.047300
-0.019145
0.007164
0.025775
0.044484
0.055202
0.048392
0.039797
0.040207
0.043404
0.041429
0.036545
0.033520
0.031594
0.027616
0.020807
0.011822
0.002152
-0.004732
-0.007840
-0.008386
-0.008887
-0.008383
-0.005953
-0.001384
0.004495
0.009371
0.007427
-0.005657
-0.015656
-0.015007
-0.004684
0.003357
0.005642
0.009204
0.015970
0.021859
0.021831
0.019145
0.013563
0.011149
0.011893
0.010525
0.007535
0.005228
0.001482
-0.003971
-0.009077
-0.012950
-0.016133
-0.018318
-0.017960
-0.011299
0.001704
0.016848
0.032472
0.047315
0.058279
0.067925
0.075342
0.077854
0.069740
0.053433
0.024730
-0.013573
-0.042322
-0.058138
-0.062173
-0.056402
-0.048612
-0.039568
-0.026291
-0.009915
0.005019
0.018669
0.028467
0.016607
-0.009870
-0.020502
-0.014449
-0.014619
-0.024303
-0.032133
-0.035176
-0.038102
-0.037989
-0.016758
0.012945
0.026937
0.017514
-0.002559
-0.012110
-0.012758
-0.017697
-0.026548
-0.033781
-0.033615
-0.022128
-0.012955
-0.009077
-0.003744
0.001779
0.004088
-0.000260
-0.005320
-0.007336
-0.009500
-0.010667
-0.005769
0.000149
0.003966
0.005360
0.005822
0.005415
0.003060
-0.003577
-0.013743
-0.026403
-0.037894
-0.045098
-0.031469
0.013187
0.059045
0.087424
0.101302
0.107457
0.106807
0.087846
0.041032
0.000372
-0.022345
-0.046549
-0.074684
-0.097232
-0.113908
-0.131689
-0.140788
-0.118729
-0.059220
0.019267
0.070968
0.087841
0.119352
0.150086
0.141292
0.091687
0.019230
-0.055346
-0.091963
-0.087549
-0.083883
-0.090439
-0.080573
-0.062562
-0.053361
-0.051149
-0.044806
-0.030115
-0.002090
0.028067
0.056856
0.084913
0.110460
0.128723
0.129527
0.114242
0.086210
0.057881
0.024897
-0.006961
-0.013773
-0.000938
0.026917
0.055805
0.049298
0.035098
0.039723
0.048871
0.049425
0.043214
0.019472
-0.038436
-0.088564
-0.116237
-0.124775
-0.116900
-0.106533
-0.097917
-0.088294
-0.074280
-0.058012
-0.044709
-0.026808
0.002693
0.014818
0.005867
0.002539
0.009137
0.012990
0.012750
0.030801
0.082798
0.115087
0.102210
0.070367
0.024598
-0.016477
-0.050204
-0.091260
-0.134043
-0.140428
-0.125580
-0.091797
-0.027831
0.035497
0.080206
0.081344
0.065061
0.065822
0.074315
0.072633
0.062480
0.051707
0.041344
0.031026
0.023231
0.034684
0.052294
0.058082
0.051098
0.041519
0.035936
0.031823
0.029287
0.028890
0.035917
0.056301
0.081603
0.085548
0.068359
0.035026
0.000760
-0.022171
-0.033442
-0.044758
-0.060157
-0.075167
-0.087205
-0.093435
-0.078747
-0.025757
0.049240
0.084554
0.073023
0.060614
0.072324
0.086611
0.086768
0.075475
0.044142
0.006497
-0.008371
0.005831
0.046330
0.109698
0.119590
0.077313
0.058953
0.069332
0.081760
0.119861
0.192069
0.239777
0.210595
0.136478
0.062717
0.036638
0.069630
0.100180
0.087190
0.040643
-0.037271
-0.091029
-0.134191
-0.174137
-0.200407
-0.216736
-0.236922
-0.259507
-0.275145
-0.270639
-0.229222
-0.160719
-0.089095
-0.057351
-0.067339
-0.063624
-0.034338
0.016955
0.092370
0.148615
0.160794
0.155613
0.151598
0.152531
0.150313
0.139628
0.109500
0.040803
-0.037550
-0.074270
-0.083668
-0.090115
-0.097386
-0.107675
-0.125518
-0.166617
-0.196296
-0.176979
-0.107734
-0.014254
0.054633
0.096763
0.102035
0.094064
0.103330
0.119372
0.120348
0.089415
0.022477
-0.035692
-0.024031
0.011735
0.007114
-0.036764
-0.089699
-0.111126
-0.116844
-0.110376
-0.089370
-0.065677
-0.051420
-0.051373
-0.062138
-0.067383
-0.064230
-0.062262
-0.059965
-0.046881
-0.018335
0.001602
-0.011049
-0.064528
-0.126837
-0.179560
-0.242816
-0.289152
-0.304908
-0.278220
-0.192997
-0.102522
-0.103096
-0.135854
-0.114364
-0.049747
0.026888
0.082720
0.135892
0.217260
0.273549
0.271781
0.222687
0.132170
0.053304
-0.023785
-0.111484
-0.152079
-0.154526
-0.175317
-0.202309
-0.200466
-0.168823
-0.117879
-0.068363
-0.034241
-0.032781
-0.061452
-0.079879
-0.049834
-0.001232
0.022383
0.013025
-0.021006
-0.051815
-0.066501
-0.075285
-0.079612
-0.071015
-0.039086
-0.009682
-0.012938
-0.034223
-0.042836
-0.042935
-0.058753
-0.108288
-0.174339
-0.236101
-0.245903
-0.218499
-0.176635
-0.069015
0.055252
0.105403
0.080104
0.084538
0.137805
0.177440
0.179969
0.155536
0.121014
0.081605
0.069868
0.044806
0.029374
0.022869
-0.007916
-0.087150
-0.168807
-0.208221
-0.205897
-0.185563
-0.144940
-0.073365
-0.016688
-0.010598
0.004490
0.059050
0.158794
0.241175
0.227504
0.197101
0.210104
0.231901
0.232338
0.221221
0.203095
0.161050
0.110132
0.051762
0.006343
-0.015411
-0.014674
-0.029392
-0.089177
-0.176283
-0.215098
-0.182658
-0.142945
-0.149553
-0.194769
-0.231641
-0.241202
-0.222739
-0.179211
-0.096688
0.037653
0.107470
0.118480
0.144544
0.196660
0.223550
0.188314
0.115337
0.060347
0.037461
0.023086
-0.008647
-0.054732
-0.113823
-0.190155
-0.283725
-0.301355
-0.239097
-0.147567
-0.058142
0.005051
0.056825
0.112413
0.126388
0.115601
0.120255
0.129636
0.111727
0.049084
-0.032789
-0.087731
-0.086279
-0.058362
-0.052879
-0.064271
-0.060509
-0.031060
0.023299
0.101028
0.188511
0.225152
0.200396
0.154560
0.093116
0.004757
-0.070923
-0.084745
-0.049323
-0.014521
0.006286
-0.007038
-0.047817
-0.089050
-0.114709
-0.099496
-0.050073
-0.005458
0.018554
0.041419
0.084663
0.139914
0.142462
0.107039
0.096229
0.108288
0.108961
0.088365
0.041683
-0.019896
-0.064074
-0.044920
0.018293
0.078468
0.079250
0.034916
0.001861
-0.007996
0.001584
0.008663
0.009266
0.009555
0.008884
-0.010566
-0.051024
-0.086354
-0.111748
-0.133166
-0.123972
-0.082416
-0.010548
0.076847
0.102808
0.093487
0.117210
0.162534
0.190417
0.200619
0.212523
0.227836
0.229392
0.193997
0.113705
0.049944
0.028641
0.027763
0.020460
-0.009640
-0.093276
-0.205360
-0.278523
-0.274729
-0.231447
-0.199730
-0.178876
-0.170079
-0.142661
-0.073799
0.004298
0.081214
0.186135
0.308695
0.393784
0.405053
0.372092
0.322900
0.263096
0.165814
0.016260
-0.090854
-0.152226
-0.194481
-0.237528
-0.290175
-0.330407
-0.329821
-0.297528
-0.245641
-0.120737
0.029424
0.153091
0.244042
0.316986
0.310825
0.249635
0.180426
0.149956
0.182032
0.201165
0.176268
0.130048
0.083636
0.056195
0.076921
0.131105
0.156963
0.144819
0.110917
0.064560
0.051678
0.098615
0.159584
0.180241
0.125860
0.039309
-0.047901
-0.091742
-0.105854
-0.123657
-0.126496
-0.122867
-0.118060
-0.090944
-0.036360
0.011765
0.047719
0.057666
0.043903
0.036512
0.050388
0.070902
0.079256
0.059409
-0.000140
-0.066184
-0.100080
-0.107159
-0.112832
-0.110102
-0.079472
-0.031955
0.006530
0.032016
0.043504
0.042653
0.037291
0.023133
-0.010618
-0.053091
-0.076859
-0.072427
-0.042214
-0.020273
-0.026852
-0.076427
-0.148627
-0.194259
-0.202305
-0.169665
-0.117734
-0.084256
-0.090190
-0.113950
-0.118599
-0.097817
-0.050819
-0.006166
0.001524
-0.016197
-0.027412
-0.029154
-0.035186
-0.056018
-0.093393
-0.146914
-0.207129
-0.248806
-0.279136
-0.300916
-0.285851
-0.218674
-0.147789
-0.143027
-0.152783
-0.124795
-0.084932
-0.055042
-0.021320
0.015432
0.049503
0.082825
0.111832
0.128042
0.108745
0.049368
-0.010046
-0.038495
-0.011144
0.034328
0.053328
0.028432
-0.014107
-0.072975
-0.107720
-0.093669
-0.063148
-0.036276
-0.013596
0.020862
0.081374
0.132447
0.139258
0.097780
0.009548
-0.064767
-0.110371
-0.123620
-0.116175
-0.081007
-0.023348
0.014127
-0.013019
-0.078403
-0.120966
-0.155237
-0.209171
-0.292415
-0.368196
-0.393577
-0.367440
-0.271402
-0.103485
0.042311
0.117275
0.150867
0.165774
0.161050
0.146300
0.134417
0.107714
0.044486
-0.024214
-0.085786
-0.129235
-0.130168
-0.130531
-0.154877
-0.190272
-0.225054
-0.248660
-0.252727
-0.233772
-0.172411
-0.064649
0.039485
0.141000
0.220690
0.273454
0.312391
0.325359
0.290023
0.207415
0.132676
0.076001
-0.004856
-0.102729
-0.191670
-0.256962
-0.297421
-0.318202
-0.266473
-0.155384
-0.049375
0.022084
0.034961
0.051164
0.098760
0.133630
0.127007
0.097780
0.074162
0.067154
0.067642
0.062914
0.059016
0.060788
0.065441
0.073761
0.095795
0.119842
0.132093
0.122912
0.086980
0.058961
0.046197
0.047160
0.039556
0.010613
-0.037365
-0.088935
-0.081820
-0.041533
-0.004176
0.038441
0.074854
0.069820
0.050126
0.050840
0.065336
0.068959
0.057755
0.036441
0.000058
-0.034493
-0.040783
-0.014304
0.050225
0.151021
0.226167
0.253668
0.247853
0.237233
0.233540
0.214576
0.167563
0.103609
-0.003310
-0.080987
-0.141064
-0.184496
-0.184558
-0.144519
-0.079677
-0.064288
-0.095361
-0.104313
-0.078119
-0.047659
-0.024575
-0.010229
-0.013579
-0.036388
-0.042389
-0.010551
0.028571
0.048555
0.055972
0.064912
0.064139
0.046061
0.022480
0.013361
0.032647
0.055257
0.055947
0.037306
0.015212
0.003354
0.007488
0.007635
-0.001324
-0.023637
-0.073856
-0.134103
-0.143970
-0.097753
-0.035548
0.030055
0.103574
0.160582
0.205579
0.254359
0.297576
0.327463
0.333140
0.288919
0.216082
0.114140
-0.005869
-0.108705
-0.165042
-0.148968
-0.095274
-0.039868
0.011550
0.044337
0.089106
0.142129
0.151582
0.119537
0.088367
0.070788
0.052380
0.019188
-0.050640
-0.133252
-0.185952
-0.199224
-0.160510
-0.093468
-0.020796
0.036747
0.048831
0.053278
0.088449
0.141486
0.176687
0.179722
0.146210
0.099601
0.043506
-0.021208
-0.082708
-0.128442
-0.165381
-0.203395
-0.238126
-0.263709
-0.269518
-0.250805
-0.211788
-0.160514
-0.091231
0.001265
0.092672
0.171848
0.189721
0.164563
0.152640
0.181668
0.257790
0.366027
0.411146
0.361490
0.280410
0.172673
0.072369
0.004445
-0.019911
-0.026623
-0.041264
-0.063181
-0.077220
-0.074921
-0.048478
0.016582
0.070945
0.062664
0.031677
0.027883
0.052151
0.093520
0.129340
0.121764
0.088814
0.068349
0.076133
0.109201
0.165021
0.219126
0.224571
0.174050
0.112753
0.058546
-0.010924
-0.084087
-0.121538
-0.152768
-0.170880
-0.156606
-0.113536
-0.033198
0.050435
0.088280
0.094361
0.107415
0.131749
0.149200
0.141630
0.100596
0.056770
0.031813
0.012364
-0.025466
-0.087058
-0.128199
-0.136451
-0.120739
-0.106592
-0.106382
-0.106230
-0.097202
-0.082865
-0.050048
0.017597
0.085997
0.103197
0.074874
0.050323
0.064248
0.109405
0.161567
0.183942
0.150714
0.095435
0.055112
0.035328
0.056008
0.097595
0.116492
0.089949
0.046881
0.022333
0.031819
0.060716
0.081677
0.085853
0.070523
0.040870
0.015327
0.007794
0.015709
0.013706
-0.001699
-0.020594
-0.036939
-0.043015
-0.033637
-0.022229
-0.008769
0.026109
0.085347
0.124012
0.126843
0.137294
0.172651
0.200931
0.179897
0.109822
0.026543
-0.026666
-0.053057
-0.055548
-0.047981
-0.049326
-0.057043
-0.065276
-0.071349
-0.074876
-0.077615
-0.074076
-0.056436
-0.027319
-0.001309
0.019547
0.040745
0.053488
0.044923
0.004737
-0.046464
-0.078550
-0.104933
-0.144209
-0.189731
-0.232774
-0.249562
-0.218590
-0.157546
-0.055963
0.039780
0.087352
0.099975
0.100147
0.087467
0.074751
0.069146
0.060624
0.039817
-0.000856
-0.027503
-0.016522
0.037047
0.095780
0.097149
0.044292
-0.004318
-0.015449
0.016756
0.052702
0.049382
0.013726
-0.043608
-0.092437
-0.113494
-0.103140
-0.065874
-0.032569
-0.039621
-0.097015
-0.159514
-0.178190
-0.166426
-0.149185
-0.115067
-0.060803
0.011459
0.110630
0.164198
0.162243
0.136074
0.101215
0.064630
0.056643
0.080278
0.109279
0.117303
0.101756
0.075303
0.058906
0.050335
0.035622
0.015818
-0.001250
-0.008363
-0.006802
-0.004120
-0.006228
-0.018737
-0.056010
-0.091964
-0.091490
-0.066024
-0.057285
-0.071157
-0.099488
-0.123400
-0.123760
-0.100070
-0.065732
-0.026600
0.007563
0.030512
0.025533
-0.008902
-0.046757
-0.055378
-0.035897
0.010668
0.081647
0.139775
0.134851
0.107522
0.095191
0.073716
0.019729
-0.039828
-0.053536
-0.045509
-0.020397
0.033686
0.060559
0.037914
0.006654
0.001838
0.010576
0.016011
0.011808
0.001045
-0.005061
-0.002511
0.019894
0.056154
0.078695
0.072387
0.045642
0.028639
0.024271
0.024942
0.045112
0.074929
0.089405
0.071845
0.032752
0.007290
-0.006490
-0.029304
-0.062484
-0.097615
-0.126543
-0.138608
-0.115891
-0.066122
-0.026863
-0.010745
-0.006073
0.008403
0.032442
0.055628
0.075384
0.093906
0.111137
0.113950
0.097301
0.066037
0.037690
0.011353
-0.022268
-0.059085
-0.081062
-0.068823
-0.042452
-0.030684
-0.040992
-0.063233
-0.073135
-0.074324
-0.075225
-0.063176
-0.046913
-0.037091
-0.027556
-0.007639
0.038753
0.096129
0.130152
0.111483
0.070721
0.031803
0.009293
0.002950
0.004400
-0.001439
-0.012973
-0.021086
-0.032283
-0.045522
-0.056085
-0.061587
-0.059385
-0.052992
-0.041002
-0.017467
0.012561
0.031818
0.034307
0.025404
0.021817
0.027765
0.045025
0.063535
0.072093
0.065366
0.050709
0.043546
0.039383
0.025733
0.003926
-0.017567
-0.035652
-0.052817
-0.069569
-0.084453
-0.096114
-0.101063
-0.097591
-0.090113
-0.069538
-0.035772
0.004105
0.041478
0.074754
0.101918
0.114848
0.108381
0.097797
0.092861
0.083933
0.066104
0.045250
0.021174
-0.010024
-0.032148
-0.036071
-0.044165
-0.061971
-0.080673
-0.101441
-0.120604
-0.136163
-0.147529
-0.140905
-0.116512
-0.095129
-0.081057
-0.062812
-0.034695
0.007528
0.069865
0.114462
0.110531
0.088624
0.067964
0.039269
0.004075
-0.028826
-0.047161
-0.043097
-0.046549
-0.068060
-0.091358
-0.102257
-0.085885
-0.043120
-0.001187
0.019582
0.018200
0.017617
0.029110
0.040788
0.045672
0.048338
0.052947
0.057229
0.052969
0.033013
0.001554
-0.031512
-0.055007
-0.070396
-0.078443
-0.080029
-0.084297
-0.091325
-0.095895
-0.096059
-0.087948
-0.068471
-0.045010
-0.029921
-0.032667
-0.048559
-0.056339
-0.058442
-0.061719
-0.061901
-0.055835
-0.044432
-0.024752
-0.000646
0.031965
0.065799
0.081997
0.065246
0.040663
0.021275
0.002524
-0.024687
-0.055761
-0.084212
-0.108815
-0.121210
-0.121580
-0.107644
-0.074137
-0.037945
-0.016385
-0.007580
-0.001401
0.010501
0.021966
0.026560
0.027027
0.024760
0.010743
-0.021044
-0.048697
-0.066884
-0.082860
-0.085886
-0.067072
-0.044991
-0.029496
-0.026568
-0.026204
-0.022450
-0.025261
-0.041069
-0.057995
-0.069920
-0.080495
-0.078407
-0.065178
-0.048524
-0.023206
0.015731
0.037269
0.043262
0.043943
0.038802
0.030113
0.018649
0.004976
-0.004918
-0.009839
-0.008870
-0.008303
-0.009137
-0.008585
-0.005440
0.002906
0.012124
0.021225
0.026521
0.023774
0.016774
0.009607
0.002773
-0.005095
-0.013735
-0.018505
-0.017270
-0.012012
-0.005968
-0.001003
0.002581
0.001339
-0.002302
-0.006670
-0.010319
-0.013750
-0.018095
-0.022962
-0.027474
-0.031469
-0.029210
-0.009027
0.010209
0.022921
0.034822
0.037623
0.030317
0.019909
0.003005
-0.013079
-0.023314
-0.029140
-0.035351
-0.044551
-0.059676
-0.074260
-0.083199
-0.088619
-0.095431
-0.103275
-0.104832
-0.091196
-0.058908
-0.024595
-0.004455
0.004827
0.008361
0.017334
0.029309
0.036229
0.037306
0.031337
0.019819
0.000973
-0.014694
-0.024531
-0.031843
-0.044157
-0.060622
-0.073392
-0.076984
-0.062136
-0.038879
-0.022517
-0.010645
0.005160
0.025274
0.044965
0.054204
0.054252
0.043344
0.016242
-0.020916
-0.055232
-0.063685
-0.053725
-0.047771
-0.049273
-0.046919
-0.036280
-0.020452
0.001871
0.027661
0.050497
0.064181
0.057571
0.041865
0.034610
0.026027
0.014038
0.004472
-0.003756
-0.011151
-0.013700
-0.010680
-0.004881
0.005266
0.015903
0.023361
0.025366
0.016688
0.003454
-0.007575
-0.011239
-0.009525
0.000671
0.013882
0.026281
0.032205
0.026802
0.020595
0.018807
0.020200
0.022790
0.024695
0.026565
0.029381
0.031507
0.030384
0.025162
0.017848
0.008877
0.001295
-0.004751
-0.011947
-0.018093
-0.018741
-0.012039
0.006852
0.024213
0.029252
0.025035
0.022875
0.026264
0.032390
0.042342
0.049011
0.049326
0.042771
0.033243
0.028361
0.038004
0.047719
0.046901
0.040394
0.032988
0.033467
0.046869
0.062121
0.065692
0.054568
0.036792
0.017148
-0.004474
-0.022144
-0.036815
-0.053051
-0.069857
-0.083736
-0.093248
-0.090674
-0.069576
-0.039895
-0.019435
-0.014374
-0.022253
-0.033664
-0.042573
-0.049849
-0.053583
-0.046851
-0.037603
-0.025389
-0.012855
-0.003579
-0.001043
-0.000514
-0.003050
-0.010720
-0.024862
-0.039151
-0.052824
-0.070427
-0.083706
-0.082626
-0.070307
-0.058644
-0.039965
-0.019130
-0.001168
0.018611
0.044441
0.068141
0.078428
0.076036
0.067571
0.058267
0.040865
0.021288
0.005799
-0.005809
-0.014057
-0.020827
-0.027204
-0.031764
-0.031404
-0.026643
-0.020739
-0.015108
-0.011870
-0.013628
-0.016247
-0.016749
-0.010248
0.001055
0.016285
0.030556
0.042563
0.049597
0.045746
0.033857
0.027581
0.025580
0.017287
0.003656
-0.011658
-0.022563
-0.021844
-0.021473
-0.026314
-0.031526
-0.032781
-0.024955
-0.013806
-0.002998
0.004999
0.009450
0.004819
-0.003162
-0.009149
-0.007942
-0.003732
-0.003255
-0.007415
-0.016053
-0.022652
-0.025521
-0.025262
-0.026035
-0.028122
-0.029240
-0.027155
-0.019472
-0.008465
0.004106
0.009999
0.002779
-0.008839
-0.016055
-0.011149
0.011030
0.038748
0.056770
0.061218
0.059664
0.055145
0.053184
0.050421
0.042177
0.027736
0.008178
-0.009248
-0.015300
-0.013513
-0.012473
-0.014621
-0.018290
-0.023562
-0.026661
-0.026099
-0.020034
-0.012900
-0.005288
0.006455
0.021215
0.036468
0.048343
0.052710
0.049109
0.037002
0.022513
0.005123
-0.014087
-0.027488
-0.035009
-0.034979
-0.038216
-0.048378
-0.052386
-0.048143
-0.039468
-0.032265
-0.026593
-0.016193
0.001547
0.025671
0.048200
0.065929
0.081152
0.087915
0.085177
0.079388
0.064395
0.045878
0.026822
0.000259
-0.022141
-0.041344
-0.053313
-0.053453
-0.053047
-0.049680
-0.041733
-0.032951
-0.026835
-0.019951
-0.007069
0.005635
0.013478
0.011204
-0.004360
-0.021709
-0.033929
-0.035871
-0.035161
-0.030264
-0.023248
-0.016863
-0.010196
-0.002122
0.006901
0.012259
0.011570
0.004647
-0.001374
-0.002893
-0.001364
-0.000073
-0.000531
-0.001332
-0.000875
0.002395
0.008824
0.020966
0.029631
0.030506
0.025807
0.018656
0.009034
0.002045
-0.000569
-0.000813
-0.002893
-0.008047
-0.013277
-0.016182
-0.013443
-0.007792
-0.000753
0.006567
0.013636
0.020887
0.026797
0.028785
0.029855
0.031759
0.032118
0.028442
0.020014
0.007667
-0.006438
-0.022482
-0.033515
-0.039057
-0.039324
-0.035263
-0.028826
-0.019323
-0.011131
-0.008333
-0.006029
-0.001946
0.003636
0.009859
0.016951
0.023420
0.027721
0.027241
0.025989
0.026783
0.027955
0.027738
0.024546
0.021043
0.019360
0.020180
0.021321
0.020468
0.019238
0.020654
0.028316
0.039424
0.057748
0.072985
0.077535
0.071853
0.054443
0.035817
0.021857
0.017051
0.013686
0.008542
0.002057
-0.004669
-0.011319
-0.014741
-0.015826
-0.017796
-0.019844
-0.019832
-0.019068
-0.019307
-0.020707
-0.019332
-0.013932
-0.007917
-0.002546
0.005468
0.015591
0.026104
0.036467
0.045135
0.046986
0.045811
0.040701
0.033073
0.024581
0.013426
0.004225
-0.002874
-0.011765
-0.022071
-0.030566
-0.033500
-0.031903
-0.024885
-0.016733
-0.010768
-0.008982
-0.007315
-0.003856
-0.000314
0.002492
0.005146
0.007470
0.006911
0.003594
-0.002175
-0.009496
-0.015407
-0.016921
-0.012254
-0.005043
0.000910
0.006228
0.012471
0.017686
0.019477
0.013654
0.005245
-0.000451
0.001961
0.007141
0.014344
0.017495
0.014713
0.010630
0.008341
0.011506
0.016641
0.020899
0.021405
0.020108
0.016025
0.012309
0.010174
0.008657
0.005170
-0.001734
-0.008548
-0.011773
-0.006330
0.000519
0.004826
0.006373
0.008697
0.014269
0.020634
0.025763
0.027638
0.026635
0.020700
0.013601
0.006774
0.000591
-0.003666
-0.003752
-0.001813
-0.000295
0.000514
0.002644
0.007083
0.010284
0.010967
0.008931
0.006660
0.004664
0.002706
0.001285
0.002440
0.006198
0.011982
0.018253
0.022890
0.022887
0.021198
0.018602
0.012840
0.005650
-0.001963
-0.009712
-0.017430
-0.023924
-0.028963
-0.032150
-0.032624
-0.032976
-0.033874
-0.031641
-0.026060
-0.017549
-0.009501
-0.003452
0.003487
0.011581
0.016684
0.021408
0.030828
0.039219
0.042224
0.039590
0.034539
0.028306
0.022830
0.017255
0.008708
-0.000512
-0.007779
-0.014052
-0.019727
-0.021024
-0.018849
-0.014604
-0.010137
-0.006543
-0.004435
-0.003689
-0.004742
-0.007989
-0.011494
-0.011074
-0.006605
0.000327
0.006540
0.011369
0.015123
0.018040
0.019590
0.020196
0.020084
0.017838
0.014125
0.009244
0.003265
-0.001688
-0.003344
-0.001945
0.000150
0.001649
0.003642
0.007647
0.014115
0.020518
0.022510
0.019802
0.010999
0.001219
-0.006939
-0.013711
-0.016761
-0.013985
-0.006707
0.000379
0.008425
0.016637
0.023405
0.028549
0.031773
0.030147
0.027072
0.022673
0.017954
0.013952
0.010735
0.007585
0.003729
-0.002501
-0.008251
-0.010244
-0.011122
-0.011381
-0.005892
0.002696
0.013227
0.019108
0.020081
0.018659
0.016953
0.014239
0.010411
0.007248
0.007395
0.008213
0.008895
0.010051
0.010503
0.007236
0.003235
0.000502
-0.001739
-0.003944
-0.005353
-0.006009
-0.006599
-0.008406
-0.010561
-0.011737
-0.012284
-0.012237
-0.010788
-0.008493
-0.006135
-0.005901
-0.007051
-0.007408
-0.006537
-0.004357
-0.001638
0.000342
-0.001083
-0.005073
-0.011797
-0.018998
-0.025216
-0.028937
-0.028982
-0.025049
-0.019734
-0.015784
-0.013448
-0.009950
-0.004873
0.000731
0.005398
0.006782
0.007956
0.009990
0.011386
0.011526
0.009874
0.008987
0.009929
0.012633
0.015774
0.017574
0.016806
0.013922
0.011358
0.009127
0.005816
0.002547
0.000643
0.000861
0.001881
0.003257
0.003332
0.001337
-0.002584
-0.006482
-0.009508
-0.011281
-0.011530
-0.007921
-0.003068
0.003484
0.011685
0.019939
0.026883
0.031329
0.031559
0.031746
0.033582
0.037269
0.040606
0.041912
0.041336
0.039032
0.035577
0.032407
0.029209
0.023521
0.015499
0.005317
-0.004293
-0.012770
-0.018732
-0.017329
-0.011738
-0.006560
-0.002389
0.000651
0.000588
-0.001158
-0.004071
-0.007173
-0.009647
-0.011177
-0.011396
-0.010560
-0.008208
-0.006041
-0.004781
-0.004766
-0.005856
-0.008635
-0.011156
-0.012775
-0.014382
-0.015459
-0.013551
-0.011121
-0.009750
-0.008620
-0.008308
-0.013092
-0.019402
-0.026249
-0.038022
-0.049505
-0.054772
-0.052967
-0.049413
-0.038850
-0.024279
-0.010556
-0.003804
-0.000516
-0.002372
-0.007518
-0.013706
-0.017554
-0.018929
-0.018010
-0.019073
-0.022021
-0.021443
-0.017848
-0.010997
-0.005290
-0.002080
0.000025
0.000956
-0.002652
-0.007425
-0.011266
-0.014042
-0.015067
-0.012623
-0.010056
-0.009084
-0.008917
-0.008729
-0.009264
-0.011159
-0.013210
-0.013613
-0.013855
-0.015160
-0.017520
-0.019956
-0.020931
-0.020308
-0.017404
-0.010137
-0.001704
0.006869
0.012347
0.013589
0.013324
0.013030
0.012791
0.012419
0.011459
0.008535
0.004509
0.000631
-0.002489
-0.004651
-0.006413
-0.004702
0.001214
0.008964
0.018192
0.026353
0.031519
0.035118
0.034734
0.030696
0.025242
0.018153
0.012282
0.006889
0.000199
-0.007286
-0.012743
-0.013680
-0.012942
-0.012252
-0.009144
-0.004844
-0.001339
0.001542
0.004325
0.005906
0.007553
0.010515
0.012723
0.013102
0.011045
0.008652
0.007757
0.010755
0.015514
0.018228
0.018619
0.018290
0.018779
0.019427
0.019367
0.019859
0.021422
0.022270
0.020724
0.015441
0.008905
0.003272
-0.000569
-0.003557
-0.006776
-0.012518
-0.019180
-0.023742
-0.021952
-0.016794
-0.011596
-0.004789
0.000649
0.004869
0.009082
0.012661
0.014497
0.014766
0.015138
0.015497
0.014968
0.013257
0.010511
0.007143
0.002723
-0.001840
-0.005680
-0.008036
-0.010762
-0.013962
-0.014758
-0.013237
-0.009697
-0.006111
-0.002577
0.001259
0.005113
0.008390
0.011950
0.016060
0.019630
0.022705
0.025386
0.027249
0.027331
0.024006
0.019231
0.012940
0.004018
-0.006477
-0.015239
-0.017115
-0.016170
-0.012404
-0.009089
-0.006894
-0.003642
0.001753
0.011593
0.020894
0.027125
0.030609
0.032038
0.028402
0.022912
0.016631
0.008218
-0.000008
-0.006011
-0.012017
-0.018889
-0.024520
-0.028382
-0.031340
-0.035181
-0.038825
-0.039648
-0.036041
-0.027698
-0.016774
-0.006592
0.003334
0.013317
0.023041
0.033610
0.044850
0.054287
0.057906
0.058915
0.054596
0.044254
0.033609
0.025655
0.017509
0.006173
-0.008488
-0.016888
-0.018661
-0.018040
-0.017335
-0.014856
-0.011479
-0.008403
-0.004886
-0.002108
-0.000008
0.005080
0.010975
0.013506
0.014122
0.014830
0.017113
0.019694
0.019827
0.015412
0.006560
-0.003217
-0.010424
-0.013302
-0.013521
-0.019747
-0.025905
-0.023176
-0.014534
-0.004827
0.007440
0.016340
0.019210
0.018083
0.012029
0.003657
-0.001759
-0.002315
-0.002746
-0.005425
-0.009947
-0.012993
-0.013728
-0.013342
-0.012863
-0.011897
-0.011625
-0.013155
-0.017113
-0.020776
-0.021824
-0.019300
-0.015556
-0.012853
-0.011698
-0.012508
-0.013044
-0.012579
-0.011897
-0.012324
-0.015140
-0.020510
-0.026813
-0.032238
-0.033926
-0.031148
-0.025813
-0.021188
-0.017036
-0.013955
-0.012683
-0.011414
-0.010505
-0.012833
-0.015674
-0.017314
-0.019253
-0.021114
-0.019824
-0.018873
-0.020487
-0.023345
-0.025436
-0.024219
-0.020400
-0.014775
-0.008471
-0.003132
-0.000294
0.001856
0.002399
0.000751
-0.001865
-0.004896
-0.008301
-0.012676
-0.016763
-0.020104
-0.023423
-0.027731
-0.033038
-0.038550
-0.043633
-0.047832
-0.050592
-0.051837
-0.049847
-0.045938
-0.040540
-0.034826
-0.029115
-0.022441
-0.015689
-0.010657
-0.006168
-0.002375
-0.001464
-0.002701
-0.005270
-0.007837
-0.009959
-0.011970
-0.013102
-0.010269
-0.007164
-0.005161
-0.002669
0.001210
0.007403
0.012010
0.012244
0.009722
0.004822
-0.001529
-0.008044
-0.015138
-0.022084
-0.027983
-0.030928
-0.031292
-0.029332
-0.026179
-0.023061
-0.018841
-0.015229
-0.013301
-0.011673
-0.009733
-0.008161
-0.007567
-0.008922
-0.012366
-0.015865
-0.016404
-0.016003
-0.016200
-0.015910
-0.015766
-0.019494
-0.025151
-0.030133
-0.032167
-0.032370
-0.028756
-0.024740
-0.022108
-0.020170
-0.018068
-0.016678
-0.016572
-0.017387
-0.018005
-0.017841
-0.016439
-0.016299
-0.018227
-0.020248
-0.021794
-0.023430
-0.025301
-0.027342
-0.030187
-0.032838
-0.033312
-0.032073
-0.029588
-0.025920
-0.022530
-0.020502
-0.019323
-0.018238
-0.015611
-0.010982
-0.002896
0.003824
0.007166
0.008517
0.009321
0.009393
0.008961
0.007787
0.003931
-0.001923
-0.008817
-0.015748
-0.022338
-0.026139
-0.027963
-0.028334
-0.028424
-0.027584
-0.024204
-0.019674
-0.014447
-0.007874
0.000624
0.010808
0.020352
0.024884
0.027885
0.030178
0.031771
0.032342
0.031711
0.030319
0.027381
0.023002
0.018153
0.013352
0.008904
0.005048
0.001643
-0.001744
-0.005438
-0.007697
-0.008285
-0.010209
-0.013302
-0.015943
-0.016439
-0.015088
-0.014331
-0.014499
-0.014561
-0.013429
-0.010989
-0.007134
-0.003664
-0.002178
-0.000534
0.001925
0.003250
0.003003
0.001245
-0.000319
-0.001329
-0.002407
-0.002364
0.003554
0.013150
0.023585
0.031031
0.036098
0.039486
0.041044
0.038915
0.035832
0.032776
0.026095
0.018065
0.011247
0.003861
-0.003245
-0.006440
-0.008328
-0.010268
-0.010910
-0.010718
-0.010211
-0.009239
-0.007490
-0.004048
-0.000282
0.002753
0.005774
0.008714
0.009767
0.009703
0.008219
0.006493
0.005443
0.006320
0.008279
0.010600
0.010959
0.008672
0.005026
0.002522
0.002222
0.003145
0.004141
0.005078
0.005180
0.003384
0.001993
0.002440
0.005867
0.009231
0.010403
0.010319
0.010707
0.012521
0.014484
0.015574
0.015315
0.014212
0.011965
0.009615
0.008011
0.006732
0.005458
0.004746
0.004956
0.006866
0.009316
0.011156
0.011925
0.013596
0.017043
0.019590
0.020353
0.019393
0.018213
0.015806
0.011561
0.006735
0.002634
-0.000247
-0.001713
-0.001189
0.000297
0.004714
0.010940
0.017931
0.025358
0.032417
0.037071
0.040833
0.043459
0.044584
0.044507
0.041766
0.038049
0.034594
0.031369
0.027993
0.024667
0.021106
0.017457
0.014771
0.012610
0.010897
0.010157
0.010648
0.011605
0.011872
0.011308
0.011423
0.012675
0.014663
0.016571
0.018307
0.019806
0.021198
0.023289
0.025860
0.028810
0.030646
0.030865
0.030375
0.030294
0.030529
0.031859
0.033475
0.030549
0.025274
0.018929
0.013741
0.010343
0.008682
0.007914
0.009132
0.013347
0.019013
0.024985
0.030050
0.033175
0.035163
0.035836
0.034729
0.033193
0.030885
0.028578
0.026671
0.024445
0.021999
0.020120
0.019664
0.020786
0.022607
0.023421
0.022520
0.021006
0.019377
0.018871
0.019650
0.021647
0.022825
0.023288
0.024935
0.026967
0.027716
0.027264
0.025758
0.022717
0.019450
0.016424
0.012558
0.007857
0.003339
0.000464
-0.000471
-0.000169
0.001158
0.004766
0.009456
0.015088
0.018497
0.019263
0.017919
0.016497
0.015796
0.015701
0.016132
0.017828
0.019018
0.018068
0.014003
0.008259
0.002057
-0.003798
-0.009017
-0.011863
-0.013641
-0.013873
-0.012271
-0.008979
-0.005393
-0.002150
0.001504
0.004020
0.004706
0.005465
0.006981
0.008652
0.009324
0.008810
0.007605
0.006096
0.004353
0.002726
0.001501
0.000639
0.000579
0.003671
0.008229
0.012858
0.017163
0.020941
0.022792
0.023794
0.023306
0.021099
0.017704
0.011982
0.006535
0.002779
0.000763
-0.000666
0.000351
0.002025
0.003414
0.005963
0.009344
0.011760
0.013139
0.014025
0.014396
0.014053
0.012383
0.010865
0.010064
0.009393
0.009001
0.010187
0.011681
0.012633
0.013194
0.013633
0.013735
0.012439
0.008363
0.004796
0.002609
-0.000457
-0.004457
-0.007949
-0.009298
-0.009528
-0.007558
-0.004908
-0.002634
-0.001324
-0.000481
-0.000666
-0.000706
0.000127
0.001761
0.004093
0.007917
0.011521
0.014082
0.015786
0.016996
0.017452
0.017696
0.017490
0.016571
0.014983
0.011913
0.009186
0.007418
0.005355
0.002908
0.001177
0.000083
-0.000753
-0.001312
-0.001718
-0.002147
-0.001616
0.000362
0.002884
0.005018
0.005690
0.006438
0.007518
0.007009
0.005055
0.002531
-0.000052
-0.003445
-0.006450
-0.008590
-0.010101
-0.009723
-0.006704
-0.002444
0.001337
0.002844
0.005231
0.010016
0.013464
0.014506
0.013589
0.011888
0.009039
0.006777
0.005200
0.002955
-0.000367
-0.004567
-0.007901
-0.009977
-0.010647
-0.012404
-0.015332
-0.016496
-0.015683
-0.011984
-0.009158
-0.008734
-0.009740
-0.009548
-0.006288
-0.004317
-0.004757
-0.003404
0.000282
0.004520
0.005989
0.002354
-0.005131
-0.012164
-0.013297
-0.011503
-0.009792
-0.009650
-0.010099
-0.010368
-0.009051
-0.005869
-0.001736
0.002651
0.006650
0.010643
0.014593
0.016905
0.017679
0.017192
0.016108
0.013952
0.010258
0.005660
0.000294
-0.004686
-0.009091
-0.013593
-0.017686
-0.018896
-0.019358
-0.020854
-0.023991
-0.026115
-0.024668
-0.020165
-0.013372
-0.006981
-0.001823
0.002359
0.005126
0.003779
0.001137
-0.000910
-0.004373
-0.008827
-0.013317
-0.017520
-0.021407
-0.024072
-0.025004
-0.024261
-0.023785
-0.023914
-0.023623
-0.024024
-0.025236
-0.024011
-0.021522
-0.019694
-0.018467
-0.016818
-0.013571
-0.009870
-0.006432
-0.004761
-0.005203
-0.006093
-0.007548
-0.011947
-0.016162
-0.018854
-0.022552
-0.025718
-0.025206
-0.023378
-0.021737
-0.020200
-0.018853
-0.018769
-0.018600
-0.017746
-0.017332
-0.017235
-0.016325
-0.014235
-0.011294
-0.008206
-0.005405
-0.003472
-0.001095
0.001955
0.002703
0.001467
0.000137
-0.001262
-0.004150
-0.006338
-0.006665
-0.004974
-0.003472
-0.002364
-0.000371
0.002173
0.003958
0.004408
0.002866
0.001504
0.000881
-0.000434
-0.002060
-0.002961
-0.002961
-0.003287
-0.005799
-0.008490
-0.009692
-0.008570
-0.006084
-0.002669
-0.000237
0.000467
0.000848
0.000943
-0.001178
-0.003853
-0.006634
-0.010593
-0.014916
-0.017325
-0.018479
-0.019076
-0.018220
-0.016020
-0.012855
-0.010713
-0.009742
-0.008350
-0.006579
-0.005749
-0.004789
-0.002536
0.000292
0.002531
0.003038
0.003122
0.003629
0.004355
0.004821
0.004629
0.003537
0.001097
-0.000736
-0.001527
-0.002123
-0.003849
-0.006927
-0.009401
-0.010154
-0.007916
-0.005280
-0.002784
-0.001895
-0.002464
-0.003639
-0.005028
-0.007647
-0.010525
-0.012481
-0.012930
-0.013660
-0.015012
-0.015322
-0.014068
-0.010363
-0.006413
-0.002789
-0.001120
-0.000606
0.000938
0.003340
0.005627
0.006677
0.006906
0.006695
0.006453
0.006131
0.005600
0.004388
0.001093
-0.002596
-0.005151
-0.006792
-0.008084
-0.008585
-0.009471
-0.011151
-0.011840
-0.011531
-0.011279
-0.012109
-0.014452
-0.017534
-0.019879
-0.019278
-0.018597
-0.019110
-0.018744
-0.017531
-0.017788
-0.020021
-0.023077
-0.024508
-0.024516
-0.023638
-0.022941
-0.022527
-0.022608
-0.022226
-0.018634
-0.015364
-0.014352
-0.013566
-0.012755
-0.014746
-0.017385
-0.019165
-0.021051
-0.023720
-0.027346
-0.031205
-0.034453
-0.034969
-0.034892
-0.035976
-0.037471
-0.038164
-0.036894
-0.034428
-0.029270
-0.024618
-0.021548
-0.016941
-0.011807
-0.011079
-0.011368
-0.010920
-0.012399
-0.015853
-0.019867
-0.021672
-0.021508
-0.022316
-0.023877
-0.023952
-0.023191
-0.022410
-0.021176
-0.019458
-0.017819
-0.017015
-0.016946
-0.016676
-0.015669
-0.013422
-0.011790
-0.011663
-0.011985
-0.012341
-0.013503
-0.013603
-0.011690
-0.008693
-0.005899
-0.004148
-0.003277
-0.004417
-0.008246
-0.013139
-0.017335
-0.021178
-0.025383
-0.029194
-0.031811
-0.032434
-0.031931
-0.030547
-0.028760
-0.027195
-0.025858
-0.023882
-0.020750
-0.016001
-0.010904
-0.005757
-0.002329
-0.000871
0.001718
0.004784
0.004574
0.002744
0.000339
-0.001708
-0.002978
-0.002828
-0.002218
-0.001656
-0.001489
-0.001881
-0.002828
-0.002442
-0.000055
0.003405
0.006470
0.006947
0.006645
0.006649
0.007156
0.007902
0.008966
0.009435
0.009129
0.008840
0.008790
0.008932
0.009111
0.009096
0.007799
0.005933
0.004944
0.005208
0.005964
0.005445
0.004313
0.002903
0.001215
-0.000265
-0.000087
0.000105
-0.000738
-0.001923
-0.002986
-0.004227
-0.005282
-0.005669
-0.005103
-0.004110
-0.002839
-0.001946
-0.001576
-0.001195
-0.000467
0.000452
0.001184
0.001721
0.002541
0.004297
0.007356
0.009772
0.010828
0.011045
0.011681
0.012286
0.012197
0.011580
0.010990
0.010171
0.008481
0.006597
0.005088
0.005829
0.007760
0.010044
0.011763
0.013314
0.016055
0.019123
0.021098
0.021642
0.021016
0.020191
0.019841
0.019495
0.018799
0.017851
0.016594
0.015294
0.014374
0.015289
0.018834
0.023239
0.027134
0.031349
0.035435
0.038353
0.039703
0.038982
0.032819
0.025486
0.019312
0.014397
0.009722
0.005637
0.004267
0.004776
0.006046
0.007186
0.008022
0.008286
0.007952
0.006352
0.004425
0.003133
0.003200
0.003747
0.003459
0.002898
0.002686
0.002312
0.001681
0.001374
0.001905
0.003572
0.004868
0.005180
0.004447
0.003716
0.003374
0.003030
0.002447
0.001664
0.001072
0.001189
0.002687
0.004846
0.006802
0.008588
0.010478
0.012039
0.013877
0.017255
0.020637
0.022204
0.021967
0.020392
0.018739
0.017425
0.015509
0.012965
0.010116
0.006579
0.003045
0.001010
-0.000093
-0.001072
-0.000601
0.000918
0.003793
0.007303
0.010880
0.014556
0.017894
0.019852
0.021076
0.021396
0.019724
0.016522
0.011266
0.005463
0.000165
-0.003140
-0.005240
-0.006811
-0.008497
-0.009855
-0.009408
-0.007597
-0.004913
-0.001417
0.002018
0.003505
0.005575
0.009491
0.012104
0.012753
0.012379
0.012329
0.012444
0.012049
0.011338
0.010722
0.010177
0.009553
0.009049
0.008827
0.008986
0.009119
0.008887
0.008762
0.008552
0.007208
0.006003
0.005619
0.004572
0.002854
0.002359
0.001986
0.001162
0.001883
0.004267
0.007644
0.009608
0.009633
0.008944
0.008254
0.007602
0.006987
0.006073
0.004512
0.003225
0.004093
0.006467
0.009560
0.012893
0.015851
0.016601
0.016642
0.016439
0.016387
0.016157
0.014117
0.011750
0.009845
0.008042
0.006059
0.004050
0.001776
-0.000250
-0.000209
0.000806
0.002067
0.004776
0.009393
0.013289
0.015963
0.018123
0.020140
0.021507
0.021742
0.020993
0.018976
0.016133
0.011812
0.007732
0.004554
0.001766
-0.000614
-0.002330
-0.003983
-0.005796
-0.007929
-0.009690
-0.010269
-0.008279
-0.005018
-0.000785
0.003392
0.007006
0.009254
0.011226
0.013761
0.015444
0.015501
0.014185
0.011877
0.007628
0.002794
-0.001546
-0.004125
-0.005033
-0.003976
-0.002133
0.000444
0.003412
0.005953
0.007734
0.008835
0.009627
0.011479
0.013670
0.014771
0.014020
0.011636
0.008840
0.006286
0.003240
0.000683
-0.000441
-0.000861
-0.001771
-0.002868
-0.002864
-0.002215
-0.001132
0.000002
0.000841
0.000901
-0.000018
-0.001120
-0.001809
-0.001674
-0.001736
-0.002090
-0.001883
-0.000941
0.000083
0.000035
-0.000729
-0.001103
-0.000185
0.003093
0.007837
0.012317
0.014222
0.013301
0.008560
0.004227
0.002435
0.001893
0.002579
0.006320
0.008338
0.006779
0.001826
-0.004410
-0.011833
-0.016704
-0.018105
-0.015242
-0.013686
-0.014192
-0.012847
-0.009410
-0.005135
-0.000571
0.005136
0.011842
0.017167
0.015401
0.012097
0.008797
0.005090
0.000721
-0.004796
-0.009835
-0.013386
-0.014112
-0.013990
-0.012401
-0.008765
-0.003203
0.003147
0.008613
0.012229
0.014663
0.014386
0.012284
0.010378
0.009488
0.007871
0.004799
0.000724
-0.003405
-0.006223
-0.007018
-0.005724
-0.002778
-0.000314
0.000219
0.000033
-0.000411
-0.001048
-0.002070
-0.004973
-0.008678
-0.011237
-0.009895
-0.006291
-0.001421
0.002569
0.004789
0.004065
0.003227
0.004697
0.006877
0.008186
0.007442
0.005979
0.004956
0.004245
0.003162
0.001349
-0.000768
-0.002998
-0.004859
-0.006293
-0.007457
-0.008193
-0.007762
-0.007281
-0.007281
-0.007729
-0.007939
-0.007316
-0.006113
-0.004562
-0.002617
0.000048
0.003813
0.006520
0.007139
0.005849
0.004368
0.002671
-0.000195
-0.003614
-0.004726
-0.003569
-0.000983
0.001277
0.002607
0.001996
-0.000254
-0.004080
-0.006397
-0.006655
-0.005867
-0.005236
-0.004567
-0.003162
-0.001793
-0.001557
-0.002395
-0.003976
-0.004811
-0.004747
-0.004030
-0.003320
-0.003013
-0.003519
-0.004622
-0.006190
-0.007383
-0.007480
-0.007573
-0.008269
-0.008864
-0.009061
-0.008969
-0.009473
-0.010219
-0.010648
-0.010179
-0.008361
-0.007146
-0.006996
-0.007664
-0.007864
-0.008188
-0.010191
-0.013157
-0.015966
-0.018671
-0.021452
-0.023518
-0.024615
-0.025212
-0.025646
-0.025601
-0.024303
-0.022231
-0.019924
-0.018776
-0.018853
-0.018182
-0.016344
-0.013681
-0.011870
-0.011050
-0.010319
-0.009955
-0.009899
-0.009313
-0.008029
-0.007128
-0.006160
-0.004883
-0.003721
-0.003621
-0.004243
-0.004395
-0.003459
-0.002621
-0.002352
-0.002078
-0.001451
0.000334
0.002524
0.004599
0.005443
0.005101
0.003212
0.000983
-0.001274
-0.003090
-0.004203
-0.005358
-0.006440
-0.007231
-0.006894
-0.005757
-0.004549
-0.004212
-0.004514
-0.004390
-0.003651
-0.001905
-0.000791
-0.000599
-0.000090
0.000955
0.002435
0.003472
0.003762
0.003332
0.002117
-0.001681
-0.005879
-0.009278
-0.012281
-0.015701
-0.019245
-0.021031
-0.020316
-0.018337
-0.016118
-0.012703
-0.008234
-0.003369
0.000838
0.003854
0.003275
0.001319
-0.000848
-0.003808
-0.007119
-0.009309
-0.010942
-0.013125
-0.015986
-0.018747
-0.020373
-0.020624
-0.019278
-0.016831
-0.014972
-0.014294
-0.013479
-0.012287
-0.011838
-0.012221
-0.013346
-0.014349
-0.015078
-0.015799
-0.016170
-0.015835
-0.016309
-0.018063
-0.019143
-0.019337
-0.019499
-0.019953
-0.020206
-0.020609
-0.021290
-0.021946
-0.021954
-0.021101
-0.019455
-0.017931
-0.016973
-0.016472
-0.016319
-0.016105
-0.015674
-0.015981
-0.018540
-0.023169
-0.026610
-0.027928
-0.027496
-0.027159
-0.027020
-0.025274
-0.023396
-0.023054
-0.022744
-0.021415
-0.019186
-0.016662
-0.013665
-0.010610
-0.007762
-0.005478
-0.003420
-0.003163
-0.003868
-0.004644
-0.004505
-0.004252
-0.004383
-0.005218
-0.006493
-0.007620
-0.008455
-0.008532
-0.008303
-0.007814
-0.007148
-0.006796
-0.007124
-0.009077
-0.012937
-0.017242
-0.020472
-0.022512
-0.023593
-0.023583
-0.023259
-0.022922
-0.021644
-0.019111
-0.015920
-0.013170
-0.011144
-0.010201
-0.008931
-0.006912
-0.004989
-0.003432
-0.002145
-0.000634
0.000950
0.001436
0.001140
0.000631
0.000072
-0.000553
-0.001582
-0.002806
-0.003529
-0.003242
-0.002127
-0.001205
-0.000491
0.000654
0.001651
0.002107
0.002482
0.003143
0.004544
0.005049
0.004280
0.003158
0.002302
0.001925
0.001127
-0.000663
-0.003629
-0.006492
-0.007031
-0.006328
-0.005495
-0.004731
-0.003547
-0.001449
0.000669
0.002569
0.005080
0.007800
0.009535
0.010910
0.012252
0.013292
0.013798
0.013554
0.012940
0.012055
0.010693
0.009069
0.007371
0.005016
0.001865
-0.001629
-0.004702
-0.005822
-0.005961
-0.005258
-0.003826
-0.002085
0.000152
0.002277
0.003757
0.005741
0.008360
0.010316
0.010862
0.009608
0.008076
0.007236
0.007612
0.008799
0.010561
0.011678
0.011947
0.011833
0.011763
0.011212
0.010605
0.010600
0.010341
0.009426
0.008386
0.007358
0.006685
0.006341
0.005924
0.005665
0.005665
0.005891
0.006215
0.006672
0.007443
0.008156
0.008438
0.008400
0.007607
0.004051
0.000524
-0.001013
-0.000456
0.000569
0.003243
0.006558
0.009827
0.013241
0.016275
0.017096
0.017392
0.017599
0.017437
0.017302
0.018000
0.018682
0.018470
0.017773
0.017133
0.017030
0.016659
0.015850
0.015946
0.016683
0.016664
0.015624
0.013528
0.011942
0.011194
0.010042
0.008703
0.008017
0.008513
0.009680
0.011591
0.012760
0.012583
0.011565
0.010321
0.008276
0.006003
0.004692
0.004854
0.005694
0.007056
0.008610
0.010371
0.013017
0.016003
0.018041
0.019704
0.021619
0.022932
0.023303
0.023667
0.024610
0.025159
0.025207
0.024782
0.023009
0.020776
0.018178
0.015828
0.014249
0.013855
0.013766
0.013531
0.013149
0.012761
0.012494
0.012563
0.013122
0.012733
0.011156
0.009783
0.008807
0.007630
0.006682
0.006513
0.007580
0.008760
0.009169
0.009980
0.011616
0.013030
0.014614
0.017390
0.020301
0.022817
0.025161
0.027397
0.029200
0.030093
0.029421
0.028235
0.026978
0.024593
0.021886
0.019345
0.016973
0.014790
0.012518
0.011149
0.011469
0.013696
0.016773
0.019652
0.022024
0.023840
0.025949
0.028230
0.029918
0.030946
0.031492
0.032305
0.033617
0.035837
0.038294
0.040226
0.041154
0.041241
0.040506
0.040124
0.040957
0.041604
0.041690
0.041297
0.040810
0.039857
0.037320
0.033565
0.032110
0.032213
0.031741
0.031122
0.031260
0.031307
0.031071
0.030891
0.030918
0.031320
0.033373
0.036271
0.039066
0.040760
0.041362
0.041705
0.041885
0.041379
0.040070
0.037844
0.034557
0.030831
0.026843
0.023451
0.020822
0.018903
0.016983
0.014795
0.013034
0.011845
0.011928
0.012039
0.011718
0.010952
0.009720
0.007690
0.005542
0.003716
0.002619
0.001986
0.001153
-0.000083
-0.001372
-0.001910
-0.001574
-0.000017
0.001434
0.002397
0.003372
0.004168
0.003854
0.003507
0.003542
0.003105
0.002496
0.002626
0.003410
0.004517
0.005857
0.007603
0.009648
0.011853
0.013828
0.014895
0.014978
0.013895
0.012766
0.011376
0.009333
0.007178
0.005819
0.005175
0.004943
0.005081
0.005408
0.005716
0.005577
0.004504
0.002978
0.001502
-0.000125
-0.001986
-0.004138
-0.006220
-0.007844
-0.008171
-0.006972
-0.004721
-0.003313
-0.002733
-0.002299
-0.001299
0.000159
0.001409
0.002122
0.001472
0.000314
-0.001083
-0.003223
-0.005811
-0.008066
-0.009862
-0.011338
-0.012167
-0.012251
-0.011086
-0.009354
-0.007567
-0.005964
-0.004914
-0.004981
-0.005080
-0.005210
-0.005395
-0.005645
-0.006004
-0.006543
-0.007258
-0.007922
-0.008084
-0.007089
-0.006223
-0.006245
-0.005983
-0.005333
-0.005470
-0.006255
-0.007447
-0.008870
-0.009768
-0.009768
-0.009894
-0.010455
-0.009847
-0.008358
-0.006947
-0.006008
-0.005238
-0.004969
-0.005442
-0.007280
-0.009366
-0.011615
-0.013972
-0.015940
-0.016666
-0.017838
-0.020260
-0.022665
-0.023820
-0.022083
-0.020901
-0.021959
-0.024256
-0.025865
-0.024825
-0.023820
-0.024373
-0.025291
-0.026004
-0.027242
-0.028883
-0.030312
-0.030888
-0.030648
-0.029489
-0.028160
-0.026907
-0.025374
-0.023762
-0.022456
-0.021285
-0.019837
-0.018592
-0.017739
-0.017030
-0.015678
-0.013700
-0.012898
-0.013074
-0.013314
-0.013975
-0.015411
-0.016365
-0.016362
-0.015264
-0.014371
-0.013826
-0.013614
-0.013579
-0.013588
-0.013569
-0.013666
-0.014275
-0.015102
-0.015784
-0.016257
-0.016751
-0.017195
-0.017439
-0.017188
-0.017344
-0.018747
-0.020175
-0.021109
-0.022403
-0.023655
-0.023815
-0.023533
-0.023446
-0.023343
-0.022882
-0.021862
-0.020475
-0.018903
-0.017217
-0.015638
-0.014327
-0.011663
-0.007709
-0.005667
-0.005106
-0.005388
-0.006278
-0.007972
-0.009503
-0.010979
-0.013668
-0.016302
-0.018081
-0.019789
-0.021497
-0.022124
-0.022260
-0.022421
-0.022922
-0.023525
-0.023745
-0.023001
-0.021555
-0.020834
-0.020402
-0.019312
-0.018318
-0.018178
-0.018460
-0.018515
-0.018509
-0.018399
-0.017914
-0.016784
-0.015649
-0.014775
-0.014544
-0.015017
-0.015370
-0.015501
-0.015860
-0.015996
-0.015608
-0.015182
-0.014962
-0.014962
-0.014641
-0.013641
-0.011595
-0.009411
-0.009036
-0.008912
-0.008340
-0.009024
-0.011081
-0.013997
-0.016410
-0.018330
-0.020362
-0.022325
-0.023396
-0.024179
-0.024952
-0.025194
-0.024573
-0.022254
-0.019677
-0.017475
-0.015347
-0.013631
-0.013932
-0.015008
-0.016676
-0.018599
-0.020185
-0.020857
-0.021326
-0.021378
-0.020248
-0.018664
-0.017681
-0.016257
-0.013195
-0.010049
-0.007583
-0.005333
-0.003172
-0.001663
-0.000703
0.000135
0.000883
0.001309
0.001073
0.000618
0.000162
-0.000249
-0.000297
0.000594
0.001809
0.002881
0.003177
0.003078
0.002863
0.002599
0.002332
0.002213
0.001781
0.000354
-0.001295
-0.002766
-0.003974
-0.005076
-0.005737
-0.006338
-0.006967
-0.007008
-0.006670
-0.006190
-0.006263
-0.006692
-0.007013
-0.006819
-0.005871
-0.005205
-0.005034
-0.004908
-0.004367
-0.003469
-0.003617
-0.004938
-0.005699
-0.005774
-0.006084
-0.006685
-0.007482
-0.009124
-0.011010
-0.012488
-0.013292
-0.013811
-0.014212
-0.014404
-0.013985
-0.013030
-0.011972
-0.011267
-0.010333
-0.008436
-0.006512
-0.004988
-0.003240
-0.001424
-0.000117
0.001015
0.002001
0.002292
0.002350
0.002687
0.003634
0.004921
0.005338
0.005442
0.005956
0.006071
0.005360
0.004684
0.004203
0.003339
0.002177
0.001055
-0.000077
-0.001077
-0.001691
-0.002008
-0.002058
-0.002038
-0.002260
-0.002773
-0.002796
-0.001758
0.000910
0.003267
0.003318
0.003370
0.004400
0.004951
0.004832
0.004764
0.005463
0.006797
0.007889
0.008890
0.010667
0.012992
0.015230
0.016304
0.016843
0.016953
0.016634
0.015619
0.013791
0.011768
0.009371
0.007338
0.006163
0.005807
0.005547
0.005654
0.006231
0.006989
0.007358
0.007235
0.006153
0.005727
0.006574
0.007565
0.008446
0.010636
0.012797
0.013912
0.014723
0.015936
0.017342
0.018115
0.018073
0.017495
0.016678
0.015696
0.015774
0.016779
0.016072
0.013995
0.012618
0.013312
0.015310
0.016150
0.016001
0.015733
0.016068
0.016771
0.017375
0.018030
0.018774
0.018360
0.016546
0.014721
0.013234
0.011775
0.010702
0.010374
0.010413
0.010630
0.012196
0.013910
0.014860
0.015327
0.015908
0.016422
0.017163
0.018086
0.018150
0.017058
0.014225
0.010823
0.007507
0.005363
0.003495
0.001337
0.000013
0.000194
0.001175
0.002175
0.004215
0.006432
0.007991
0.008668
0.009647
0.011777
0.013042
0.012478
0.010954
0.009648
0.008047
0.006220
0.004382
0.002217
0.000746
0.001422
0.002938
0.004046
0.004759
0.005627
0.006619
0.007341
0.007767
0.008103
0.008313
0.008029
0.007483
0.006957
0.006483
0.005817
0.004826
0.003926
0.003350
0.002901
0.002245
0.001739
0.003041
0.004719
0.004156
0.003334
0.003739
0.004555
0.005216
0.006131
0.007029
0.007605
0.007715
0.007410
0.006330
0.005183
0.004068
0.002020
0.000032
-0.000641
-0.001280
-0.002536
-0.003682
-0.004489
-0.004929
-0.004315
-0.003093
-0.002305
-0.001816
-0.001244
-0.000873
-0.000855
-0.001128
-0.001370
-0.001597
-0.002095
-0.002656
-0.002743
-0.002349
-0.001784
-0.001566
-0.001871
-0.002998
-0.004347
-0.005468
-0.005589
-0.005804
-0.007552
-0.008740
-0.008179
-0.006856
-0.005587
-0.003853
-0.002113
-0.001035
-0.001045
-0.001349
-0.001798
-0.002893
-0.004817
-0.006575
-0.007927
-0.009104
-0.009842
-0.009937
-0.008747
-0.006892
-0.004664
-0.002365
-0.000242
0.001180
0.001841
0.001397
0.000594
-0.000401
-0.002651
-0.005340
-0.007512
-0.009034
-0.010096
-0.009909
-0.009854
-0.010194
-0.009096
-0.006831
-0.004926
-0.003721
-0.002691
-0.001759
-0.000718
0.000766
0.002105
0.003011
0.003717
0.004337
0.004235
0.004131
0.004176
0.003252
0.002025
0.001307
0.000608
-0.000449
-0.001749
-0.003000
-0.004083
-0.004958
-0.005665
-0.006103
-0.006510
-0.006575
-0.005340
-0.003364
-0.001803
-0.001254
-0.001355
-0.001406
-0.001292
-0.000863
-0.000174
0.000541
0.000374
0.000077
0.000706
0.001274
0.001148
0.000793
0.000609
0.000449
0.000240
0.000149
0.000444
0.000833
0.000920
0.000553
0.000152
0.000369
0.000985
0.001714
0.001726
0.001125
0.000422
-0.000341
-0.001466
-0.003056
-0.004479
-0.004408
-0.004482
-0.005482
-0.006210
-0.006527
-0.007470
-0.008715
-0.009755
-0.010431
-0.010900
-0.011037
-0.010790
-0.010403
-0.009937
-0.009426
-0.008739
-0.007650
-0.006418
-0.005529
-0.004954
-0.004742
-0.004948
-0.005133
-0.004692
-0.004537
-0.005009
-0.004884
-0.004280
-0.004185
-0.004585
-0.004888
-0.004454
-0.003547
-0.002534
-0.001998
-0.002015
-0.002342
-0.002460
-0.002230
-0.001986
-0.001651
-0.000945
-0.000189
0.000374
0.001145
0.002120
0.002604
0.002405
0.001557
0.000845
0.000312
-0.000723
-0.002015
-0.003060
-0.003747
-0.004185
-0.004041
-0.003681
-0.003038
-0.002232
-0.001658
-0.001734
-0.001696
-0.001010
0.000245
0.001688
0.003198
0.003936
0.003741
0.003490
0.003020
0.001063
-0.000781
-0.001604
-0.002322
-0.003465
-0.004597
-0.005185
-0.005155
-0.004363
-0.003946
-0.004742
-0.005742
-0.006238
-0.005944
-0.005415
-0.004619
-0.003258
-0.001901
-0.001591
-0.001299
-0.000326
0.000955
0.001921
0.002023
0.002586
0.004338
0.005655
0.005989
0.005757
0.005697
0.005862
0.006352
0.006807
0.006223
0.005272
0.004649
0.004642
0.004936
0.005936
0.006909
0.007315
0.007104
0.007073
0.007689
0.008486
0.009042
0.008648
0.008002
0.007655
0.007044
0.006078
0.005777
0.006171
0.006740
0.006158
0.004866
0.004190
0.003944
0.003729
0.003878
0.004500
0.005577
0.006657
0.007717
0.008179
0.008178
0.008301
0.008680
0.009132
0.009426
0.009935
0.011585
0.013154
0.013790
0.013898
0.013559
0.011526
0.009531
0.008645
0.009086
0.009809
0.009438
0.008445
0.007857
0.008939
0.010416
0.011151
0.010540
0.008799
0.007283
0.006350
0.005600
0.005170
0.005445
0.006008
0.006278
0.006398
0.007448
0.009370
0.010346
0.010456
0.010456
0.010628
0.010616
0.010164
0.009391
0.008139
0.006627
0.005327
0.005233
0.005397
0.005096
0.005332
0.006268
0.007358
0.007371
0.005742
0.004542
0.004400
0.004682
0.004455
0.003839
0.003517
0.003505
0.003691
0.004115
0.004811
0.005250
0.005577
0.006432
0.007116
0.007159
0.006947
0.006745
0.006520
0.006694
0.007356
0.007852
0.008144
0.008510
0.009401
0.010727
0.011830
0.012630
0.013030
0.012967
0.012566
0.012708
0.013134
0.013172
0.012362
0.010919
0.009949
0.009506
0.009117
0.008368
0.007113
0.004822
0.002920
0.002834
0.003591
0.004005
0.003808
0.003864
0.004599
0.005221
0.005552
0.006243
0.006720
0.006119
0.005467
0.005200
0.004572
0.004080
0.004580
0.004827
0.004248
0.003125
0.002332
0.001936
0.001841
0.001719
0.000903
-0.000439
-0.002345
-0.003542
-0.004178
-0.005490
-0.006891
-0.007522
-0.007363
-0.007371
-0.007994
-0.008520
-0.008670
-0.008782
-0.009011
-0.009143
-0.009184
-0.009104
-0.008542
-0.007568
-0.006250
-0.005380
-0.005130
-0.004899
-0.004502
-0.004397
-0.004410
-0.004338
-0.004450
-0.004679
-0.004826
-0.004849
-0.004777
-0.004627
-0.004055
-0.002671
-0.001736
-0.001850
-0.002849
-0.003557
-0.003460
-0.003093
-0.002611
-0.001976
-0.001390
-0.000990
-0.000771
-0.000280
0.001536
0.003405
0.003981
0.003747
0.003315
0.001936
-0.000093
-0.002248
-0.003619
-0.004549
-0.005899
-0.007258
-0.007802
-0.007809
-0.007914
-0.008189
-0.008166
-0.007645
-0.006946
-0.006393
-0.006320
-0.006540
-0.007188
-0.007617
-0.007485
-0.006639
-0.005909
-0.005550
-0.005302
-0.005272
-0.006195
-0.007118
-0.007548
-0.007765
-0.008174
-0.009148
-0.009899
-0.009979
-0.009742
-0.009441
-0.008410
-0.007685
-0.007832
-0.008153
-0.008246
-0.008141
-0.008418
-0.008894
-0.008264
-0.007049
-0.005717
-0.004746
-0.004210
-0.004056
-0.003969
-0.003345
-0.002793
-0.002741
-0.002955
-0.002913
-0.002265
-0.001365
-0.000576
-0.000558
-0.000755
-0.000714
-0.000649
-0.000906
-0.001880
-0.002768
-0.002743
-0.002621
-0.002916
-0.003317
-0.003552
-0.003664
-0.003931
-0.004372
-0.004824
-0.005100
-0.004854
-0.004464
-0.004217
-0.004262
-0.004262
-0.003841
-0.002995
-0.001628
0.000119
0.000437
-0.000130
0.000285
0.001801
0.002748
0.002647
0.001953
0.001494
0.001395
0.001177
0.000553
-0.000890
-0.002422
-0.003514
-0.004113
-0.004829
-0.006500
-0.008078
-0.008365
-0.007729
-0.007096
-0.006796
-0.006562
-0.006385
-0.006306
-0.006408
-0.006981
-0.007450
-0.007036
-0.005549
-0.003929
-0.003417
-0.003292
-0.002958
-0.002693
-0.002616
-0.002335
-0.001534
0.000192
0.002784
0.005288
0.006408
0.006602
0.004602
0.001199
-0.002646
-0.004739
-0.004696
-0.003838
-0.002486
0.000346
0.003053
0.004674
0.005624
0.005791
0.004587
0.002430
0.000773
0.000068
-0.000339
-0.001112
-0.002703
-0.004540
-0.006131
-0.006776
-0.006697
-0.006054
-0.005201
-0.003757
-0.002559
-0.002050
-0.002207
-0.002816
-0.003854
-0.003424
-0.001910
-0.001260
-0.001968
-0.004275
-0.007562
-0.010647
-0.011857
-0.011444
-0.009997
-0.008244
-0.006699
-0.006271
-0.005438
-0.003520
-0.002491
-0.002529
-0.002572
-0.002694
-0.003742
-0.005231
-0.006101
-0.005123
-0.003155
-0.000008
0.002232
0.002811
0.001556
0.000048
-0.000920
-0.000920
-0.000367
0.000558
0.000808
-0.000536
-0.001521
-0.001130
0.001132
0.003395
0.004577
0.005011
0.005075
0.005280
0.005176
0.003901
0.002267
0.000920
0.000409
0.000297
0.000459
0.000840
0.001679
0.004071
0.006535
0.007445
0.006689
0.004530
0.001993
0.000669
0.001332
0.002252
0.002424
0.001911
0.001132
-0.000072
-0.000624
-0.000589
-0.000915
-0.001863
-0.003098
-0.003287
-0.002245
0.000427
0.002432
0.003048
0.003791
0.005085
0.006318
0.006704
0.005635
0.003793
0.001601
0.000235
-0.000693
-0.001654
-0.001401
-0.000519
-0.001230
-0.002549
-0.003452
-0.003806
-0.004108
-0.004881
-0.005816
-0.006507
-0.006256
-0.005350
-0.004076
-0.003038
-0.002329
-0.002122
-0.002349
-0.003152
-0.003981
-0.004337
-0.004238
-0.003966
-0.003514
-0.003275
-0.003419
-0.003399
-0.003130
-0.002869
-0.003122
-0.004145
-0.004939
-0.005058
-0.004305
-0.003771
-0.003604
-0.003258
-0.002517
-0.001063
0.000265
0.001055
0.001374
0.001574
0.001814
0.002057
0.002238
0.002354
0.002299
0.001631
0.001075
0.001284
0.001199
0.000624
0.000396
0.000194
-0.000716
-0.002382
-0.003884
-0.003914
-0.003302
-0.002168
-0.001173
-0.000536
-0.000055
0.000142
-0.000434
-0.000881
-0.000749
-0.000170
0.000159
0.000265
0.000731
0.001693
0.003394
0.005699
0.008727
0.009568
0.008607
0.008244
0.008625
0.008712
0.007851
0.006777
0.006467
0.006513
0.006548
0.006896
0.007528
0.008078
0.008281
0.007992
0.007522
0.007081
0.007205
0.007088
0.005832
0.004544
0.004043
0.004836
0.005749
0.006001
0.005400
0.004150
0.003058
0.002866
0.003938
0.004901
0.005121
0.004575
0.003764
0.002532
0.000845
-0.001128
-0.002464
-0.003454
-0.004500
-0.004894
-0.004562
-0.003721
-0.003041
-0.002662
-0.003175
-0.004180
-0.004756
-0.004921
-0.004918
-0.005171
-0.005525
-0.005487
-0.004831
-0.003392
-0.002586
-0.002818
-0.004095
-0.004866
-0.003939
-0.002183
-0.000644
0.000477
0.001210
0.001250
0.001865
0.003330
0.004721
0.005524
0.005589
0.005313
0.005070
0.005896
0.006876
0.006764
0.006497
0.006669
0.006614
0.006183
0.005457
0.005049
0.005116
0.005460
0.005680
0.005545
0.004814
0.003702
0.003445
0.003963
0.005420
0.005956
0.004888
0.003125
0.001756
0.000664
-0.000441
-0.001249
-0.001262
-0.001209
-0.001604
-0.001731
-0.001240
-0.000427
0.000262
0.000911
0.001481
0.002063
0.003192
0.004494
0.005438
0.005831
0.005664
0.004988
0.003859
0.002290
0.001491
0.001749
0.001996
0.001731
0.001219
0.001390
0.002414
0.003858
0.005086
0.006063
0.006637
0.006705
0.006659
0.006859
0.007805
0.008443
0.008071
0.007346
0.006685
0.005796
0.004814
0.003936
0.003172
0.002728
0.003480
0.004383
0.004826
0.004963
0.005216
0.005933
0.007016
0.008502
0.009406
0.009655
0.009667
0.010281
0.011596
0.012231
0.012054
0.011581
0.011261
0.011182
0.011691
0.012368
0.012181
0.011298
0.009972
0.009151
0.009034
0.009810
0.010266
0.009979
0.009259
0.008358
0.007174
0.006148
0.005652
0.005839
0.006428
0.007296
0.007871
0.007884
0.007710
0.007674
0.008004
0.007887
0.006702
0.005201
0.004378
0.005373
0.006427
0.006714
0.006246
0.005078
0.002377
-0.000038
-0.001085
-0.000868
-0.000187
0.000432
0.000444
-0.000073
-0.000763
-0.001132
0.000023
0.001229
0.001529
0.001030
0.000372
-0.000058
-0.000033
0.000319
0.000619
0.000733
0.000406
-0.000043
-0.000576
-0.001693
-0.003065
-0.003589
-0.003005
-0.001557
0.000189
0.001951
0.004572
0.006428
0.005921
0.005178
0.005338
0.005802
0.006023
0.006256
0.006104
0.005677
0.005709
0.006445
0.007522
0.008049
0.008044
0.007470
0.006482
0.005038
0.003212
0.001499
0.000860
0.000327
-0.000502
-0.000873
-0.000671
0.000487
0.001776
0.002704
0.002980
0.003295
0.004193
0.005141
0.005614
0.005038
0.004230
0.003469
0.002691
0.001881
0.001250
0.000531
-0.000851
-0.002405
-0.003717
-0.004564
-0.005135
-0.005584
-0.006797
-0.008378
-0.009007
-0.008949
-0.008632
-0.008508
-0.008600
-0.008927
-0.009066
-0.008850
-0.008690
-0.008548
-0.007919
-0.006996
-0.005959
-0.005674
-0.005712
-0.004612
-0.003414
-0.003492
-0.004173
-0.004530
-0.004505
-0.004207
-0.003419
-0.002988
-0.003053
-0.003128
-0.003080
-0.003290
-0.003988
-0.004600
-0.004178
-0.003484
-0.002920
-0.002786
-0.003063
-0.003839
-0.004624
-0.005572
-0.007326
-0.009259
-0.010129
-0.010853
-0.012169
-0.013720
-0.014808
-0.014437
-0.014145
-0.014424
-0.013865
-0.012842
-0.012384
-0.012144
-0.011543
-0.010269
-0.008920
-0.008463
-0.008213
-0.007705
-0.007588
-0.007794
-0.007535
-0.007059
-0.006837
-0.007106
-0.007480
-0.007346
-0.007023
-0.006921
-0.007351
-0.007967
-0.008353
-0.008914
-0.009872
-0.010568
-0.010889
-0.011067
-0.011596
-0.012307
-0.012381
-0.012070
-0.011510
-0.010830
-0.009909
-0.008400
-0.007094
-0.007148
-0.007228
-0.006715
-0.006495
-0.006707
-0.006791
-0.006902
-0.007248
-0.007388
-0.007158
-0.006155
-0.004976
-0.004038
-0.003656
-0.003884
-0.005345
-0.007083
-0.008515
-0.009181
-0.009683
-0.010166
-0.010408
-0.010279
-0.009845
-0.009269
-0.008385
-0.007383
-0.006383
-0.005463
-0.004517
-0.003464
-0.002863
-0.002834
-0.002492
-0.001966
-0.002140
-0.002594
-0.002841
-0.002894
-0.002988
-0.003215
-0.003863
-0.005120
-0.006917
-0.007929
-0.007103
-0.006073
-0.005415
-0.004804
-0.003858
-0.002195
-0.000561
0.000711
0.001843
0.003011
0.004073
0.005133
0.006176
0.007063
0.007355
0.005806
0.004542
0.004422
0.003923
0.002746
0.001601
0.000596
-0.000599
-0.002048
-0.003474
-0.004702
-0.005731
-0.006488
-0.006901
-0.007398
-0.008226
-0.008899
-0.009181
-0.009041
-0.008822
-0.008512
-0.007720
-0.006510
-0.005926
-0.005697
-0.005185
-0.004559
-0.004335
-0.005046
-0.005847
-0.006166
-0.006585
-0.007258
-0.007370
-0.007058
-0.006717
-0.006635
-0.006445
-0.005065
-0.003010
-0.000961
-0.000065
-0.000107
-0.000860
-0.001295
-0.001579
-0.002898
-0.004567
-0.004762
-0.004642
-0.005168
-0.005597
-0.005570
-0.005245
-0.004757
-0.003996
-0.003001
-0.002155
-0.002163
-0.001731
-0.000357
0.000816
0.001210
0.000426
-0.000065
0.000262
0.000863
0.001242
0.001038
0.000678
0.000205
-0.000182
-0.000649
-0.001806
-0.002851
-0.003287
-0.003520
-0.003520
-0.002324
-0.000975
-0.000053
0.000951
0.002187
0.003407
0.004345
0.004894
0.005837
0.007148
0.008134
0.008687
0.008991
0.009834
0.010800
0.010493
0.009830
0.009854
0.009909
0.009558
0.009137
0.008954
0.009099
0.009703
0.010713
0.012456
0.014068
0.014703
0.014885
0.015254
0.015878
0.016212
0.015865
0.015220
0.014285
0.012680
0.011251
0.010842
0.010910
0.010785
0.010304
0.009844
0.009563
0.009495
0.009279
0.008196
0.006951
0.005866
0.005028
0.004410
0.004160
0.003894
0.003530
0.003328
0.003432
0.004178
0.005113
0.005958
0.006392
0.006660
0.007143
0.007775
0.008338
0.008655
0.008827
0.008899
0.009234
0.010016
0.010386
0.010408
0.010890
0.011338
0.011089
0.010752
0.010805
0.011354
0.011616
0.011181
0.010101
0.009129
0.009463
0.009852
0.009546
0.009002
0.008483
0.007598
0.006640
0.005851
0.005185
0.004460
0.003467
0.002649
0.002367
0.002794
0.003300
0.003744
0.003899
0.003824
0.004263
0.004797
0.004534
0.004343
0.004769
0.005243
0.005587
0.006109
0.006119
0.005483
0.005814
0.006735
0.006478
0.005540
0.005070
0.005829
0.006904
0.008011
0.008425
0.008011
0.007664
0.007527
0.007323
0.007271
0.007618
0.008390
0.009031
0.008425
0.007941
0.008179
0.007909
0.006826
0.005312
0.004797
0.005512
0.006493
0.006951
0.006745
0.006470
0.006099
0.005260
0.004434
0.004357
0.004587
0.004677
0.004213
0.003364
0.001723
0.000618
0.000569
0.000728
0.000421
-0.000214
-0.000704
-0.000855
-0.000124
0.000594
0.000502
0.000092
-0.000277
-0.000441
-0.000419
-0.000192
-0.000055
-0.000110
-0.000357
-0.000374
0.000205
0.001070
0.002005
0.002612
0.002908
0.003038
0.003813
0.005076
0.005263
0.004919
0.004901
0.004420
0.003028
0.001908
0.001471
0.001424
0.001618
0.002103
0.002140
0.001738
0.001254
0.000943
0.000886
0.001547
0.001873
0.000945
0.000544
0.001229
0.001649
0.001277
0.000376
-0.000566
-0.001653
-0.002841
-0.004235
-0.005919
-0.006837
-0.006821
-0.005896
-0.004560
-0.002445
-0.001507
-0.001736
-0.001481
-0.001294
-0.002440
-0.003298
-0.003586
-0.005338
-0.007625
-0.008840
-0.009266
-0.009541
-0.009082
-0.008505
-0.008057
-0.007752
-0.007712
-0.008481
-0.009119
-0.009188
-0.008966
-0.009001
-0.010121
-0.011261
-0.011773
-0.011835
-0.011750
-0.011373
-0.011444
-0.011922
-0.011177
-0.009476
-0.007924
-0.007041
-0.006847
-0.007261
-0.007916
-0.008443
-0.008688
-0.008919
-0.009682
-0.010862
-0.012261
-0.013144
-0.013334
-0.013184
-0.013130
-0.012963
-0.012735
-0.012571
-0.012332
-0.011940
-0.011231
-0.010384
-0.010062
-0.012094
-0.014230
-0.014240
-0.013277
-0.012585
-0.013466
-0.014347
-0.013751
-0.013087
-0.013259
-0.013932
-0.014147
-0.013563
-0.012955
-0.012534
-0.012054
-0.011600
-0.011418
-0.011261
-0.011082
-0.011287
-0.011688
-0.012156
-0.013132
-0.014639
-0.015569
-0.015858
-0.015881
-0.015968
-0.015940
-0.015606
-0.015100
-0.014414
-0.013893
-0.013414
-0.012072
-0.010735
-0.010411
-0.009989
-0.009016
-0.008440
-0.008323
-0.008288
-0.008426
-0.008962
-0.009677
-0.009777
-0.008789
-0.008198
-0.008336
-0.008134
-0.007361
-0.006363
-0.005754
-0.005412
-0.004647
-0.003985
-0.004310
-0.005221
-0.006378
-0.007503
-0.008483
-0.009251
-0.009473
-0.009433
-0.009632
-0.009897
-0.009780
-0.009059
-0.007877
-0.005924
-0.004225
-0.003200
-0.002092
-0.000688
0.000664
0.001534
0.001571
0.001185
0.000719
-0.000095
-0.001103
-0.001991
-0.002414
-0.002536
-0.002484
-0.002677
-0.003208
-0.003579
-0.003524
-0.002696
-0.002100
-0.002050
-0.001915
-0.001456
-0.000698
-0.000197
-0.000082
-0.000120
-0.000132
-0.000053
0.000008
0.000078
0.000537
0.000928
0.000447
-0.000035
0.000085
0.000781
0.001282
0.001073
0.000876
0.000998
0.001138
0.001170
0.001275
0.001482
0.001661
0.001547
0.001517
0.001920
0.002195
0.002108
0.002008
0.002140
0.002457
0.002698
0.002766
0.002504
0.002167
0.001995
0.002200
0.002572
0.002834
0.002985
0.003005
0.002676
0.002270
0.002481
0.003028
0.003547
0.003744
0.003691
0.003334
0.003010
0.002955
0.002778
0.002626
0.003410
0.004492
0.005397
0.005355
0.004789
0.004676
0.004856
0.004797
0.004163
0.003380
0.003018
0.003147
0.003494
0.003564
0.003337
0.002854
0.003093
0.004128
0.004592
0.004704
0.005570
0.006724
0.007612
0.008510
0.009308
0.009032
0.008615
0.008585
0.008320
0.007936
0.008106
0.007914
0.007013
0.006679
0.006917
0.007358
0.007984
0.008849
0.009176
0.009306
0.009882
0.010348
0.010258
0.009854
0.009700
0.009889
0.009587
0.008979
0.009829
0.011102
0.011348
0.011151
0.011076
0.011004
0.011052
0.011563
0.012486
0.013643
0.014257
0.014504
0.014718
0.014621
0.014140
0.014274
0.014591
0.014309
0.014058
0.014255
0.014788
0.014219
0.011453
0.009370
0.008912
0.009176
0.008735
0.007859
0.007642
0.007867
0.007866
0.007527
0.007220
0.007498
0.008071
0.008308
0.008156
0.007815
0.007281
0.006797
0.007109
0.007857
0.008488
0.008320
0.007832
0.007148
0.006407
0.005732
0.005539
0.005443
0.005088
0.004839
0.004929
0.005190
0.005278
0.005100
0.004878
0.004654
0.004415
0.003869
0.002711
0.001666
0.000903
-0.000027
-0.000955
-0.001506
-0.002202
-0.002956
-0.002753
-0.002287
-0.001995
-0.001906
-0.001753
-0.001098
-0.000638
-0.000968
-0.001618
-0.002038
-0.001956
-0.001781
-0.001569
-0.001315
-0.001145
-0.001267
-0.001357
-0.001210
-0.000865
-0.000514
-0.000404
-0.000170
0.000359
0.000337
-0.000232
-0.000791
-0.000833
-0.000569
-0.000731
-0.001227
-0.001696
-0.001764
-0.001506
-0.001287
-0.001142
-0.000861
-0.000491
-0.000087
0.000404
0.001067
0.002083
0.002839
0.003183
0.003793
0.004719
0.005674
0.006700
0.007774
0.008114
0.007744
0.006842
0.006512
0.006847
0.006954
0.006802
0.006856
0.006680
0.006029
0.005625
0.005447
0.004896
0.004657
0.005090
0.005235
0.005145
0.005802
0.006335
0.006078
0.005530
0.005225
0.005452
0.005357
0.004692
0.004272
0.004095
0.003602
0.003167
0.003170
0.003515
0.003911
0.004360
0.004452
0.004081
0.003818
0.003657
0.003180
0.002380
0.001479
0.000795
0.000356
0.000199
0.000230
0.000342
0.000609
0.001050
0.001618
0.002045
0.002380
0.002905
0.003300
0.003175
0.003142
0.003547
0.004455
0.005313
0.006091
0.006796
0.007296
0.007153
0.006897
0.007011
0.007360
0.007520
0.007008
0.006423
0.006066
0.006108
0.006176
0.005552
0.004666
0.004026
0.003968
0.004115
0.004048
0.004393
0.005410
0.006061
0.006355
0.007128
0.007807
0.007815
0.007530
0.006894
0.004734
0.002941
0.002412
0.001945
0.000850
-0.000427
-0.000898
-0.000507
0.000072
0.000686
0.001709
0.002248
0.002230
0.002289
0.002524
0.002649
0.002647
0.002606
0.002397
0.002041
0.001626
0.001389
0.001319
0.001340
0.001160
0.000693
0.000487
0.000436
-0.000120
-0.000526
-0.000504
-0.001078
-0.002157
-0.002793
-0.002908
-0.002814
-0.002557
-0.002302
-0.002163
-0.002399
-0.003142
-0.004233
-0.005215
-0.005912
-0.006403
-0.006710
-0.006979
-0.007418
-0.008056
-0.008341
-0.008380
-0.008757
-0.009046
-0.008677
-0.008380
-0.008648
-0.009607
-0.010177
-0.010006
-0.010184
-0.010680
-0.010428
-0.010099
-0.010214
-0.010007
-0.009516
-0.009588
-0.009869
-0.009929
-0.009997
-0.010046
-0.009588
-0.009011
-0.008618
-0.008385
-0.008086
-0.007669
-0.007608
-0.008046
-0.008538
-0.009022
-0.009824
-0.010558
-0.010947
-0.011012
-0.010808
-0.009997
-0.008772
-0.007710
-0.007523
-0.007400
-0.006739
-0.006325
-0.006478
-0.007019
-0.007211
-0.006912
-0.006864
-0.007193
-0.007632
-0.007891
-0.007999
-0.008006
-0.007979
-0.008076
-0.008497
-0.009129
-0.009311
-0.009451
-0.010501
-0.011633
-0.012456
-0.013856
-0.015285
-0.015664
-0.015235
-0.014791
-0.014594
-0.014274
-0.013644
-0.013236
-0.013089
-0.012820
-0.012720
-0.013259
-0.013614
-0.013636
-0.014040
-0.014414
-0.014058
-0.013182
-0.012413
-0.012201
-0.012089
-0.011817
-0.011595
-0.011431
-0.011049
-0.010598
-0.010293
-0.010264
-0.010450
-0.010858
-0.010857
-0.010253
-0.009503
-0.009485
-0.008438
-0.007572
-0.007198
-0.006649
-0.005976
-0.005929
-0.005939
-0.005590
-0.005322
-0.005048
-0.004403
-0.003881
-0.003691
-0.003369
-0.003197
-0.003801
-0.004762
-0.005574
-0.005457
-0.005080
-0.005051
-0.005019
-0.004791
-0.004626
-0.004422
-0.003866
-0.003225
-0.002604
-0.001644
-0.000970
-0.001416
-0.002198
-0.002649
-0.002804
-0.003233
-0.004005
-0.004193
-0.003971
-0.004233
-0.004634
-0.004666
-0.004455
-0.004242
-0.004043
-0.003914
-0.003948
-0.004387
-0.004953
-0.004919
-0.004325
-0.003624
-0.003701
-0.004025
-0.003953
-0.003302
-0.002435
-0.002414
-0.002587
-0.001901
-0.001070
-0.000758
-0.000883
-0.001152
-0.002100
-0.002920
-0.003197
-0.003599
-0.004225
-0.004701
-0.004836
-0.004817
-0.004701
-0.004671
-0.004944
-0.005540
-0.006190
-0.006612
-0.006922
-0.007181
-0.007508
-0.007665
-0.006916
-0.006074
-0.005600
-0.005125
-0.004475
-0.003741
-0.002891
-0.001921
-0.001140
-0.000651
-0.000604
-0.000586
-0.000346
0.000446
0.001436
0.001900
0.002163
0.002601
0.003132
0.003552
0.003762
0.004272
0.005135
0.005615
0.005704
0.005759
0.005939
0.006048
0.005806
0.005393
0.005103
0.004771
0.004282
0.003923
0.003629
0.003132
0.002704
0.002554
0.002557
0.002539
0.002666
0.002990
0.003440
0.003833
0.004253
0.004884
0.005463
0.005801
0.005901
0.005909
0.005582
0.005360
0.005408
0.005282
0.005053
0.005076
0.005272
0.005473
0.005544
0.005684
0.006056
0.006059
0.005577
0.005418
0.005579
0.005649
0.005620
0.005699
0.005939
0.006311
0.006837
0.007076
0.006902
0.006624
0.006488
0.006448
0.006472
0.006570
0.006533
0.006355
0.006058
0.005597
0.005150
0.005136
0.005373
0.005737
0.006286
0.006812
0.006765
0.006333
0.005721
0.005420
0.005322
0.004974
0.004485
0.004155
0.004233
0.004393
0.004103
0.003764
0.003644
0.003090
0.002445
0.003073
0.003834
0.003959
0.004138
0.004485
0.004257
0.003998
0.004238
0.004707
0.005101
0.005393
0.005734
0.006143
0.006432
0.006659
0.007154
0.007602
0.007659
0.007335
0.007225
0.008345
0.009303
0.009214
0.008839
0.008740
0.008910
0.008857
0.008475
0.008388
0.008705
0.009226
0.009296
0.008642
0.008194
0.008143
0.008042
0.007911
0.008161
0.008797
0.009271
0.008802
0.008291
0.008179
0.008151
0.007987
0.007652
0.007467
0.007590
0.007428
0.007003
0.006889
0.006769
0.006196
0.005554
0.005115
0.004859
0.004671
0.004716
0.004913
0.005163
0.005652
0.006250
0.006969
0.007881
0.008772
0.009248
0.009341
0.009046
0.008799
0.008840
0.009296
0.009380
0.008483
0.007815
0.007750
0.007732
0.007435
0.007004
0.006752
0.006587
0.006211
0.005854
0.005839
0.006046
0.006296
0.006225
0.005752
0.004859
0.004238
0.003943
0.003535
0.002878
0.002048
0.001335
0.000761
0.000282
-0.000082
-0.000140
0.000018
0.000135
-0.000057
-0.000250
-0.000160
0.000097
0.000290
0.000297
0.000382
0.000755
0.001132
0.001355
0.001477
0.001559
0.001544
0.001706
0.002077
0.002264
0.002117
0.001638
0.001075
0.000593
0.000686
0.001027
0.001217
0.000930
0.000250
-0.000259
-0.000374
-0.000157
-0.000134
-0.000331
-0.000492
-0.000638
-0.000968
-0.001334
-0.001614
-0.001791
-0.002090
-0.002672
-0.003170
-0.003494
-0.003873
-0.004066
-0.003686
-0.003340
-0.003218
-0.002806
-0.002320
-0.002215
-0.002304
-0.002377
-0.002372
-0.002359
-0.002397
-0.002389
-0.002325
-0.002392
-0.002582
-0.002811
-0.002859
-0.002791
-0.003028
-0.003339
-0.003379
-0.003347
-0.003370
-0.003263
-0.003115
-0.003120
-0.003375
-0.003853
-0.004370
-0.004724
-0.004894
-0.005166
-0.005594
-0.005988
-0.006533
-0.007375
-0.007558
-0.006909
-0.005417
-0.004305
-0.004429
-0.004871
-0.005155
-0.004956
-0.004737
-0.005006
-0.006056
-0.007754
-0.009219
-0.009977
-0.009900
-0.009757
-0.010226
-0.010264
-0.009346
-0.007401
-0.005584
-0.004522
-0.003636
-0.003041
-0.003946
-0.005400
-0.006527
-0.007118
-0.007378
-0.007650
-0.007944
-0.007977
-0.007760
-0.007345
-0.006306
-0.005186
-0.004500
-0.003981
-0.003514
-0.003402
-0.003390
-0.003197
-0.002566
-0.001718
-0.001718
-0.002142
-0.002494
-0.002524
-0.002407
-0.002596
-0.002771
-0.002484
-0.002060
-0.001748
-0.001587
-0.001409
-0.001128
-0.001010
-0.001087
-0.000992
-0.000711
-0.000349
-0.000406
-0.000905
-0.001140
-0.001148
-0.001345
-0.001616
-0.001673
-0.001352
-0.001000
-0.000820
-0.000795
-0.000825
-0.000651
-0.000439
-0.000452
-0.000689
-0.001093
-0.001599
-0.001953
-0.001996
-0.001993
-0.001970
-0.001746
-0.001406
-0.001018
-0.000683
-0.000409
-0.000189
-0.000109
-0.000295
-0.000359
-0.000187
-0.000027
0.000033
0.000097
0.000169
0.000244
0.000481
0.000723
0.000806
0.000915
0.001110
0.001177
0.001230
0.001467
0.001759
0.001928
0.001758
0.001451
0.001130
0.000825
0.000599
0.000758
0.001095
0.001404
0.001517
0.001516
0.001477
0.001327
0.000961
0.000790
0.000805
0.000601
0.000192
-0.000299
-0.000756
-0.001047
-0.000825
-0.000506
-0.000192
0.000085
0.000329
0.000588
0.000805
0.000893
0.001008
0.001173
0.001225
0.001194
0.001125
0.001018
0.000855
0.000576
0.000230
-0.000180
-0.000376
-0.000354
-0.000250
-0.000217
-0.000215
-0.000259
-0.000280
-0.000012
0.000467
0.000982
0.001229
0.001269
0.001177
0.001142
0.001103
0.000921
0.000701
0.000616
0.000554
0.000426
0.000326
0.000230
-0.000022
-0.000269
-0.000336
-0.000125
0.000154
0.000524
0.000816
0.000933
0.000918
0.000840
0.000709
0.000579
0.000466
0.000401
0.000364
0.000386
0.000414
0.000416
0.000411
0.000429
0.000502
0.000559
0.000569
0.000561
0.000553
0.000499
0.000461
0.000466
0.000462
0.000434
0.000399
0.000354
0.000304
0.000336
0.000437
0.000591
0.000743
0.000875
0.000945
0.000977
0.000941
0.000903
0.000891
0.000886
0.000901
0.000978
0.001072
0.001155
0.001214
0.001239
0.001222
0.001178
0.001095
0.000938
0.000771
0.000649
0.000618
0.000643
0.000729
0.000861
0.001062
0.001294
0.001476
0.001459
0.001364
0.001257
0.001143
0.001020
0.000956
0.000961
0.001017
0.001008
0.000933
0.000838
0.000783
0.000813
0.000906
0.001010
0.001098
0.001142
0.001093
0.001012
0.000923
0.000881
0.000858
0.000815
0.000749
0.000703
0.000741
0.000840
0.000985
0.001072
0.001100
0.001118
0.001122
0.001062
0.000968
0.000868
0.000766
0.000686
0.000646
0.000641
0.000644
0.000646
0.000659
0.000688
0.000696
0.000684
0.000676
0.000673
0.000661
0.000628
0.000581
0.000514
0.000456
0.000426
0.000404
0.000384
0.000391
0.000401
0.000401
0.000407
0.000422
0.000441
0.000447
0.000434
0.000419
0.000409
0.000396
0.000379
0.000361
0.000341
0.000319
0.000292
0.000269
0.000255
0.000265
0.000284
0.000287
0.000285
0.000287
0.000277
0.000257
0.000245
0.000237
0.000224
0.000205
0.000187
0.000169
0.000152
0.000140
0.000130
0.000120
0.000107
0.000097
0.000090
0.000093
0.000095
0.000082
0.000065
0.000052
0.000042
0.000035
0.000028
0.000022
0.000012
0.000000
-0.000012
-0.000023
-0.000037
-0.000052
-0.000058
-0.000060
-0.000065
-0.000072
-0.000077
-0.000082
-0.000087
-0.000093
-0.000102
-0.000109
-0.000117
-0.000122
-0.000127
-0.000130
-0.000135
-0.000139
-0.000145
-0.000152
-0.000157
-0.000162
-0.000165
-0.000167
-0.000172
-0.000177
-0.000184
-0.000189
-0.000194
-0.000197
-0.000200
-0.000205
-0.000210
-0.000219
-0.000227
-0.000234
-0.000237
-0.000239
-0.000240
-0.000240
-0.000240
-0.000242
-0.000245
-0.000249
-0.000252
-0.000255
-0.000259
-0.000260
-0.000262
-0.000265
-0.000267
-0.000270
-0.000274
-0.000277
-0.000279
-0.000282
-0.000284
-0.000285
-0.000287
-0.000290
-0.000292
-0.000294
-0.000295
-0.000297
-0.000299
-0.000300
-0.000302
-0.000304
-0.000304
-0.000305
-0.000307
-0.000307
-0.000309
-0.000310
-0.000310
-0.000312
-0.000312
-0.000314
-0.000314
-0.000315
-0.000315
-0.000315
-0.000317
-0.000317
-0.000317
-0.000317
-0.000317
-0.000317
-0.000319
-0.000319
-0.000319
-0.000319
-0.000319
-0.000317
-0.000317
-0.000317
-0.000317
-0.000317
