-0.000508
-0.000542
-0.000544
-0.000548
-0.000557
-0.000571
-0.000590
-0.000603
-0.000602
-0.000584
-0.000560
-0.000537
-0.000537
-0.000570
-0.000621
-0.000680
-0.000747
-0.000769
-0.000754
-0.000721
-0.000667
-0.000575
-0.000541
-0.000594
-0.000690
-0.000813
-0.000986
-0.001129
-0.001171
-0.001087
-0.000920
-0.000716
-0.000517
-0.000363
-0.000366
-0.000489
-0.000617
-0.000737
-0.000857
-0.000878
-0.000806
-0.000728
-0.000662
-0.000586
-0.000494
-0.000388
-0.000273
-0.000129
0.000133
0.000394
0.000404
0.000065
-0.000593
-0.001474
-0.002219
-0.002340
-0.001951
-0.001356
-0.000711
-0.000010
0.000750
0.001592
0.002595
0.003441
0.003326
0.002504
0.001681
0.000975
0.000418
0.000418
0.000857
0.001259
0.001273
0.000944
0.000601
0.000893
0.002080
0.003635
0.005271
0.006867
0.007121
0.005567
0.003335
0.001190
-0.000267
-0.000876
-0.000599
0.000159
0.000871
0.001026
0.000652
0.000238
0.000215
0.000805
0.001693
0.002582
0.003528
0.004416
0.004780
0.004598
0.004103
0.003068
0.001595
0.000068
-0.001429
-0.002962
-0.004566
-0.006206
-0.007897
-0.009762
-0.011775
-0.013709
-0.014893
-0.015124
-0.014569
-0.013654
-0.012751
-0.011839
-0.010772
-0.009006
-0.006709
-0.004380
-0.002121
0.000137
0.002085
0.003440
0.003940
0.003983
0.004064
0.004167
0.003831
0.002271
0.000098
-0.000884
-0.000821
-0.000868
-0.001524
-0.002628
-0.003947
-0.006058
-0.007944
-0.006721
-0.001751
0.004493
0.008317
0.007402
0.001300
-0.008248
-0.017602
-0.023449
-0.022422
-0.013013
-0.000649
0.008086
0.010274
0.008832
0.007420
0.007106
0.009032
0.012382
0.015563
0.017575
0.017405
0.015953
0.014678
0.014133
0.014202
0.014516
0.013507
0.009003
0.001579
-0.006914
-0.014596
-0.017178
-0.013018
-0.006323
-0.000273
0.005329
0.010797
0.015659
0.019483
0.022423
0.024166
0.024732
0.024494
0.023192
0.020568
0.015675
0.009402
0.003493
-0.000482
-0.001261
0.001352
0.005811
0.008821
0.008695
0.006280
0.002433
-0.002040
-0.006562
-0.009842
-0.011728
-0.013305
-0.015074
-0.016863
-0.018552
-0.020210
-0.021818
-0.022778
-0.022583
-0.020067
-0.014594
-0.007071
-0.002371
-0.003793
-0.009709
-0.015779
-0.018255
-0.015582
-0.007071
0.005844
0.018278
0.025443
0.026652
0.024306
0.021239
0.018340
0.015261
0.011892
0.008076
0.002790
-0.002840
-0.005632
-0.005481
-0.004052
-0.002381
-0.000731
0.001036
0.002838
0.004628
0.006370
0.008090
0.009559
0.010231
0.008254
0.004076
0.000895
-0.000077
-0.000344
-0.000824
-0.001777
-0.004265
-0.007582
-0.010320
-0.012238
-0.012983
-0.013061
-0.013225
-0.013628
-0.014020
-0.014329
-0.014521
-0.014315
-0.011546
-0.005132
0.004671
0.013167
0.015604
0.012866
0.008851
0.005359
0.002662
0.001381
0.000792
-0.000885
-0.003980
-0.007447
-0.009897
-0.010258
-0.008259
-0.004417
-0.000340
0.001470
0.001467
0.001568
0.002121
0.004143
0.008180
0.013068
0.017733
0.021915
0.024632
0.025411
0.024944
0.022384
0.015806
0.008716
0.007172
0.016097
0.033208
0.049424
0.056294
0.053970
0.047969
0.041851
0.038235
0.038954
0.042895
0.047207
0.048727
0.045433
0.039770
0.034450
0.029496
0.024297
0.018882
0.013245
0.005771
-0.003294
-0.011396
-0.017526
-0.022273
-0.026240
-0.029813
-0.032664
-0.034259
-0.034291
-0.033013
-0.031086
-0.028505
-0.022555
-0.011072
0.003290
0.010040
0.003353
-0.009148
-0.017668
-0.017166
-0.005548
0.014340
0.031507
0.035915
0.027690
0.014748
0.005859
0.007452
0.019600
0.034458
0.038952
0.029496
0.011098
-0.010559
-0.031498
-0.044954
-0.044917
-0.031882
-0.010067
0.010221
0.016532
0.009195
-0.003494
-0.014589
-0.019768
-0.017712
-0.006737
0.013969
0.037537
0.051226
0.049362
0.040128
0.035570
0.038203
0.042079
0.042620
0.037783
0.027783
0.015190
0.001911
-0.006007
-0.001545
0.010567
0.021644
0.027309
0.027913
0.024859
0.017134
0.003825
-0.010616
-0.017713
-0.016310
-0.011202
-0.008514
-0.011255
-0.016757
-0.022065
-0.025994
-0.028690
-0.029774
-0.028688
-0.025880
-0.023573
-0.024882
-0.031307
-0.042103
-0.052652
-0.056133
-0.048581
-0.031852
-0.008654
0.008103
0.011429
0.007795
0.002440
-0.000807
-0.001854
-0.001031
0.001048
0.003264
0.005781
0.008652
0.008837
0.001038
-0.012515
-0.023040
-0.025094
-0.018284
-0.006461
0.002928
0.006403
0.005341
0.002151
-0.001711
-0.006371
-0.014462
-0.026097
-0.038853
-0.047629
-0.050362
-0.046511
-0.035910
-0.022665
-0.011710
-0.006951
-0.010383
-0.016908
-0.018581
-0.011334
0.004076
0.022043
0.036469
0.041194
0.030443
0.011398
-0.006976
-0.020080
-0.021235
-0.009987
0.005379
0.011958
0.003488
-0.010913
-0.014324
-0.000662
0.021093
0.043499
0.053523
0.043735
0.021389
0.003747
0.000305
0.007276
0.018034
0.023291
0.013718
-0.011185
-0.044110
-0.075684
-0.094220
-0.090785
-0.069173
-0.037030
0.002829
0.044244
0.064629
0.052925
0.021187
-0.013276
-0.029500
-0.015493
0.024503
0.070790
0.101169
0.103472
0.085980
0.061495
0.046259
0.050335
0.067779
0.087491
0.097957
0.087586
0.055986
0.009782
-0.034485
-0.056069
-0.055740
-0.046908
-0.040375
-0.042999
-0.055538
-0.066254
-0.072229
-0.084981
-0.110914
-0.141914
-0.163307
-0.169502
-0.165244
-0.155268
-0.141631
-0.124258
-0.102888
-0.080792
-0.065660
-0.065016
-0.074981
-0.081991
-0.077766
-0.063727
-0.047055
-0.039193
-0.050366
-0.077427
-0.108418
-0.133854
-0.148252
-0.144256
-0.116937
-0.087593
-0.075417
-0.073416
-0.069886
-0.059535
-0.042073
-0.019213
0.000193
0.009441
0.009803
0.002039
-0.014076
-0.030614
-0.039136
-0.040894
-0.042078
-0.048537
-0.060062
-0.069953
-0.071646
-0.062288
-0.045960
-0.027263
-0.009772
0.001717
0.004830
0.002618
-0.002037
-0.007894
-0.013828
-0.019955
-0.028325
-0.041982
-0.060027
-0.074066
-0.074752
-0.061437
-0.040528
-0.025691
-0.024833
-0.036243
-0.059208
-0.089380
-0.111560
-0.113000
-0.092652
-0.057691
-0.016399
0.016165
0.023428
0.010391
-0.004413
-0.010381
-0.006726
0.001644
0.006573
-0.001601
-0.025009
-0.058188
-0.088580
-0.100911
-0.089127
-0.060994
-0.028295
-0.004823
0.001143
-0.008829
-0.031585
-0.053545
-0.061383
-0.053067
-0.031755
-0.006273
0.016921
0.033369
0.044646
0.058664
0.077269
0.097019
0.107857
0.099628
0.074818
0.045968
0.029849
0.030776
0.043712
0.060489
0.074800
0.083677
0.089950
0.097850
0.111745
0.131594
0.151178
0.162129
0.158354
0.140073
0.116037
0.098299
0.090341
0.086694
0.081818
0.073111
0.058751
0.038989
0.020002
0.008595
0.004804
0.006463
0.012547
0.022422
0.034035
0.046175
0.059459
0.073979
0.091080
0.107561
0.113420
0.103719
0.084033
0.065135
0.055477
0.058554
0.079575
0.117610
0.160521
0.191215
0.196847
0.177435
0.145647
0.111714
0.085753
0.074894
0.072681
0.069165
0.059243
0.041016
0.021905
0.012302
0.015327
0.027853
0.042809
0.050699
0.044621
0.027589
0.010621
0.003013
0.009194
0.026670
0.050183
0.066404
0.065918
0.050874
0.027624
0.003507
-0.009892
-0.009135
-0.002767
0.002325
0.006167
0.010603
0.014511
0.018701
0.027282
0.043486
0.064690
0.084757
0.095498
0.090543
0.067919
0.033938
0.001717
-0.018355
-0.025882
-0.026990
-0.025582
-0.022727
-0.018841
-0.014524
-0.007676
0.004333
0.020835
0.039502
0.057015
0.067225
0.067148
0.058774
0.045358
0.030854
0.019552
0.013873
0.012205
0.013089
0.016104
0.016331
0.012631
0.006393
0.001925
0.003313
0.010671
0.021963
0.029198
0.028923
0.025301
0.021717
0.018181
0.013899
0.008574
0.002652
0.000335
0.002560
0.006260
0.012236
0.016287
0.013578
0.004251
-0.008290
-0.019296
-0.025272
-0.025786
-0.023391
-0.020401
-0.016967
-0.011107
-0.001490
0.012413
0.028945
0.036490
0.029648
0.015537
-0.000104
-0.014496
-0.023962
-0.027523
-0.026962
-0.024903
-0.021761
-0.016986
-0.009894
-0.000979
0.007984
0.014034
0.015440
0.013331
0.009531
0.004121
-0.003975
-0.015247
-0.028270
-0.037384
-0.039351
-0.035465
-0.030849
-0.031317
-0.037816
-0.046053
-0.052614
-0.055766
-0.055197
-0.051094
-0.043710
-0.032818
-0.019596
-0.002741
0.016940
0.037378
0.058767
0.076853
0.085132
0.084461
0.077851
0.068737
0.059252
0.049553
0.041336
0.035178
0.031047
0.028720
0.028342
0.029791
0.030090
0.024821
0.012731
-0.001622
-0.012782
-0.015837
-0.010315
-0.001780
0.006053
0.011421
0.012429
0.011189
0.010616
0.012318
0.015632
0.019749
0.023540
0.024938
0.022114
0.015335
0.007524
0.001929
0.000221
0.004249
0.014228
0.028740
0.041215
0.047075
0.048497
0.048726
0.048366
0.045989
0.041011
0.031308
0.016863
0.001878
-0.009329
-0.016401
-0.020998
-0.024660
-0.028359
-0.032362
-0.036459
-0.039036
-0.039505
-0.038391
-0.036659
-0.034656
-0.031557
-0.024737
-0.013621
-0.002391
0.003828
0.005802
0.006858
0.007580
0.006971
0.004638
0.000320
-0.006821
-0.015435
-0.023465
-0.027709
-0.027455
-0.024231
-0.019455
-0.014794
-0.012326
-0.014117
-0.020279
-0.030294
-0.042372
-0.050792
-0.051719
-0.049203
-0.047371
-0.045934
-0.043972
-0.042789
-0.043605
-0.046897
-0.051581
-0.056667
-0.063108
-0.073804
-0.084834
-0.088860
-0.080220
-0.056747
-0.026936
-0.002656
0.012499
0.020232
0.021722
0.019267
0.016736
0.016512
0.019797
0.026711
0.036042
0.046107
0.056008
0.065676
0.073539
0.075883
0.066614
0.046231
0.022603
0.000223
-0.020794
-0.038997
-0.053874
-0.066077
-0.076431
-0.082732
-0.082996
-0.076661
-0.062881
-0.045490
-0.028814
-0.016882
-0.010623
-0.006856
-0.003560
-0.000891
-0.000772
-0.006609
-0.016517
-0.026495
-0.035817
-0.044817
-0.051293
-0.055467
-0.059862
-0.065943
-0.074385
-0.080852
-0.079744
-0.072761
-0.065619
-0.063211
-0.063920
-0.064131
-0.063750
-0.063437
-0.061958
-0.054495
-0.039012
-0.019262
-0.003102
0.002330
-0.002845
-0.014186
-0.029315
-0.043507
-0.052101
-0.055762
-0.057424
-0.057470
-0.054720
-0.048639
-0.040709
-0.035651
-0.035925
-0.040081
-0.045297
-0.050152
-0.054912
-0.058964
-0.060908
-0.058794
-0.054251
-0.051444
-0.051727
-0.053575
-0.057909
-0.069807
-0.089422
-0.104266
-0.107345
-0.101351
-0.089016
-0.071514
-0.051316
-0.031322
-0.020246
-0.018040
-0.017682
-0.017355
-0.019867
-0.029033
-0.042591
-0.054647
-0.059596
-0.053585
-0.039238
-0.023247
-0.009605
-0.001173
0.002702
0.006213
0.010955
0.015882
0.019387
0.018923
0.015411
0.011569
0.008230
0.005233
0.002583
0.000355
-0.002917
-0.013362
-0.029675
-0.043617
-0.051893
-0.053421
-0.050973
-0.048341
-0.046291
-0.044891
-0.044307
-0.044519
-0.044600
-0.042516
-0.034919
-0.023867
-0.015396
-0.012271
-0.012053
-0.011740
-0.010929
-0.008970
-0.002733
0.010920
0.027796
0.039500
0.041882
0.037129
0.031704
0.031452
0.035347
0.038580
0.036111
0.023901
0.006717
-0.008678
-0.019696
-0.027800
-0.033388
-0.032338
-0.024574
-0.015274
-0.009040
-0.007435
-0.010618
-0.015942
-0.017376
-0.006141
0.018164
0.044821
0.063967
0.073458
0.073446
0.066408
0.061543
0.062395
0.064699
0.065195
0.063483
0.059123
0.049920
0.037234
0.026124
0.021094
0.020456
0.019955
0.017922
0.013248
0.005165
-0.003243
-0.002677
0.011367
0.032258
0.053792
0.072954
0.084438
0.084188
0.076035
0.066374
0.057456
0.049362
0.043488
0.040181
0.037489
0.034347
0.031420
0.029921
0.030194
0.031459
0.032736
0.033606
0.031851
0.026236
0.020686
0.022647
0.031265
0.038897
0.041067
0.039611
0.037308
0.033932
0.026248
0.014635
0.008018
0.012402
0.022545
0.031593
0.034834
0.029115
0.015587
0.001011
-0.006376
-0.002225
0.013463
0.035013
0.051090
0.057847
0.056123
0.043709
0.025111
0.011517
0.009889
0.019561
0.036954
0.051752
0.048357
0.026318
-0.002445
-0.019313
-0.013062
0.008679
0.036764
0.063912
0.076362
0.067236
0.043259
0.011529
-0.018311
-0.029118
-0.020210
-0.003676
0.011333
0.020525
0.022738
0.020099
0.016349
0.012508
0.009237
0.007663
0.007689
0.008315
0.009601
0.012386
0.015980
0.017593
0.012049
-0.000608
-0.014937
-0.028488
-0.042203
-0.056174
-0.064981
-0.065530
-0.057797
-0.042382
-0.023224
-0.005922
0.008686
0.019872
0.025140
0.025947
0.025145
0.022819
0.016152
0.003007
-0.015198
-0.032000
-0.043432
-0.049426
-0.047954
-0.034546
-0.015064
-0.002131
-0.001474
-0.011267
-0.025331
-0.034663
-0.034184
-0.027891
-0.020867
-0.017137
-0.016635
-0.018188
-0.020741
-0.023484
-0.026959
-0.030234
-0.030778
-0.028117
-0.024549
-0.022453
-0.021857
-0.022402
-0.023237
-0.021215
-0.012431
0.000437
0.013105
0.024458
0.031228
0.028106
0.018143
0.011147
0.015789
0.034605
0.057981
0.075777
0.083456
0.081874
0.072351
0.057053
0.040993
0.030986
0.029920
0.036332
0.044829
0.048413
0.037036
0.015452
-0.006002
-0.021117
-0.027234
-0.025439
-0.015513
0.002639
0.024617
0.044670
0.059889
0.070710
0.073216
0.065804
0.051754
0.032063
0.013208
0.009532
0.022355
0.038998
0.051262
0.054604
0.045968
0.027471
0.006094
-0.014230
-0.027690
-0.032124
-0.028249
-0.017987
-0.006117
0.001462
0.001939
-0.000594
-0.000847
0.006130
0.023181
0.042685
0.052770
0.051512
0.043562
0.030533
0.014110
-0.001644
-0.011310
-0.015836
-0.022513
-0.041085
-0.067734
-0.084004
-0.081083
-0.065356
-0.044078
-0.020568
-0.001674
0.006833
0.002037
-0.009393
-0.016860
-0.014986
-0.004098
0.010020
0.021779
0.025416
0.020508
0.011584
0.003759
-0.000865
-0.003113
-0.001735
0.004793
0.014208
0.023489
0.029978
0.030362
0.019630
0.001679
-0.012113
-0.014147
-0.003684
0.011529
0.019632
0.015262
0.002439
-0.008472
-0.011195
-0.004362
0.008521
0.020310
0.025235
0.025028
0.024653
0.026376
0.029020
0.031032
0.032059
0.029157
0.020055
0.010668
0.009445
0.014244
0.018048
0.017682
0.013819
0.008564
0.003874
0.001081
0.001886
0.006158
0.012161
0.015312
0.010080
-0.003660
-0.020617
-0.032305
-0.034462
-0.028825
-0.017191
-0.001689
0.012855
0.020122
0.015652
0.001015
-0.015855
-0.027588
-0.031236
-0.026487
-0.014717
0.001548
0.015553
0.020582
0.013058
-0.000783
-0.012633
-0.019598
-0.021640
-0.018763
-0.007760
0.010417
0.025591
0.028323
0.020179
0.005542
-0.011255
-0.025180
-0.031765
-0.029994
-0.024560
-0.019265
-0.014872
-0.014032
-0.022752
-0.039323
-0.057975
-0.067408
-0.061044
-0.044610
-0.025833
-0.005429
0.014828
0.028570
0.034009
0.032603
0.019834
-0.007964
-0.033613
-0.042162
-0.037103
-0.024123
-0.009986
-0.002462
-0.006007
-0.019539
-0.035578
-0.044761
-0.044184
-0.032963
-0.014940
0.001827
0.013957
0.021270
0.022919
0.017936
0.007136
-0.008683
-0.027207
-0.045356
-0.060433
-0.068187
-0.066991
-0.056378
-0.038572
-0.022148
-0.009901
-0.002071
-0.000793
-0.006549
-0.014608
-0.017104
-0.009961
0.000444
0.003996
0.000006
-0.004322
-0.004083
-0.001720
-0.000936
-0.003875
-0.011405
-0.022758
-0.035511
-0.048028
-0.060097
-0.069013
-0.073000
-0.074192
-0.074098
-0.070041
-0.058257
-0.035772
-0.011723
0.003753
0.009810
0.008740
-0.000732
-0.014982
-0.024378
-0.026931
-0.027036
-0.026803
-0.025061
-0.019155
-0.006193
0.009717
0.019468
0.015324
-0.003815
-0.027916
-0.042248
-0.045309
-0.041861
-0.035987
-0.031525
-0.032540
-0.038434
-0.041936
-0.037539
-0.025074
-0.006652
0.012719
0.024953
0.026240
0.018693
0.007170
-0.003910
-0.010639
-0.011104
-0.004092
0.006372
0.013794
0.013541
0.000641
-0.020825
-0.038398
-0.047500
-0.049161
-0.045894
-0.037585
-0.021740
-0.001463
0.015346
0.025028
0.029125
0.028186
0.019666
0.002466
-0.016419
-0.026935
-0.026629
-0.019384
-0.006424
0.010898
0.028335
0.036201
0.030859
0.016496
0.000791
-0.010974
-0.016986
-0.017276
-0.014531
-0.012846
-0.015185
-0.022521
-0.034115
-0.045778
-0.050692
-0.045587
-0.033344
-0.013418
0.012822
0.033059
0.038923
0.035851
0.032353
0.030682
0.029417
0.028113
0.024236
0.008736
-0.015436
-0.036320
-0.048728
-0.048557
-0.035031
-0.016144
0.001685
0.011633
0.010336
0.003392
-0.002570
-0.005078
-0.005696
-0.006647
-0.009582
-0.014335
-0.018190
-0.017898
-0.010587
0.002356
0.015291
0.022803
0.024213
0.021532
0.016598
0.011054
0.006698
0.005976
0.009733
0.015461
0.020205
0.022949
0.022931
0.019554
0.013240
0.009871
0.015532
0.030872
0.048278
0.053693
0.044380
0.027863
0.013451
0.007461
0.011820
0.023442
0.038221
0.049909
0.052653
0.047665
0.038702
0.028619
0.018590
0.010190
0.003818
0.000042
-0.001823
-0.003390
-0.008053
-0.018630
-0.030449
-0.037099
-0.035846
-0.028637
-0.020214
-0.012736
-0.005883
0.000645
0.006874
0.012977
0.018480
0.021672
0.020185
0.014005
0.006136
-0.001297
-0.008645
-0.016507
-0.024452
-0.028271
-0.021955
-0.003049
0.020028
0.037323
0.044020
0.040966
0.028549
0.014785
0.005541
0.000946
0.000869
0.006083
0.014500
0.020063
0.020493
0.017932
0.015002
0.012082
0.010048
0.009848
0.013047
0.019901
0.028076
0.035236
0.039889
0.040224
0.032684
0.018515
0.003611
-0.008040
-0.014195
-0.012424
0.000463
0.017384
0.028074
0.028681
0.024101
0.020013
0.017770
0.016921
0.016459
0.015986
0.015566
0.015639
0.018478
0.024893
0.031796
0.034297
0.028783
0.019233
0.011217
0.008539
0.012343
0.019532
0.025820
0.027140
0.020606
0.007329
-0.007033
-0.016628
-0.018191
-0.010616
0.000910
0.009521
0.012884
0.011723
0.009143
0.007788
0.009400
0.013448
0.019113
0.025540
0.031068
0.032758
0.028494
0.020106
0.009393
-0.002440
-0.014231
-0.024925
-0.032057
-0.033144
-0.027840
-0.020195
-0.014635
-0.012934
-0.013918
-0.016778
-0.020732
-0.021952
-0.017414
-0.010353
-0.005550
-0.004514
-0.004696
-0.003672
-0.000439
0.004809
0.009981
0.009996
0.005294
0.000101
-0.002541
-0.003092
-0.003034
-0.002789
-0.002385
-0.001429
-0.000118
0.001175
0.002390
0.003590
0.004565
0.005071
0.004719
0.003835
0.002959
0.001993
0.000861
-0.000422
-0.002281
-0.004469
-0.005663
-0.004971
-0.002436
0.002244
0.008588
0.015213
0.021550
0.026630
0.027608
0.020163
0.007686
-0.004368
-0.011372
-0.011465
-0.006391
0.000386
0.005797
0.006783
0.002034
-0.004927
-0.010298
-0.012683
-0.011043
-0.006452
-0.000811
0.004771
0.008585
0.010266
0.009623
0.007740
0.005783
0.003452
0.001863
0.002210
0.004483
0.007497
0.009930
0.009653
0.002375
-0.010264
-0.022918
-0.030745
-0.032039
-0.028707
-0.023544
-0.017940
-0.012252
-0.007062
-0.003251
-0.001020
0.000725
0.002604
0.004605
0.006986
0.011968
0.020185
0.029174
0.035278
0.035650
0.027035
0.014172
0.003669
-0.003375
-0.008559
-0.012217
-0.014212
-0.015257
-0.015682
-0.015682
-0.015061
-0.013838
-0.012267
-0.010591
-0.008856
-0.006870
-0.004388
-0.001271
0.002404
0.006367
0.010149
0.013513
0.016038
0.017691
0.017382
0.014271
0.007532
-0.003430
-0.013407
-0.017119
-0.016239
-0.014726
-0.013720
-0.012557
-0.011132
-0.010071
-0.009602
-0.009302
-0.009098
-0.009400
-0.010302
-0.009624
-0.006334
-0.000908
0.005415
0.011543
0.015514
0.014504
0.007948
0.000062
-0.003725
-0.001423
0.006102
0.017387
0.026171
0.027612
0.021614
0.013320
0.006531
-0.000552
-0.008210
-0.013831
-0.014404
-0.009529
-0.001769
0.005625
0.010658
0.012196
0.009753
0.002549
-0.005358
-0.011360
-0.015296
-0.014997
-0.008616
0.001567
0.010944
0.016614
0.018467
0.017996
0.015709
0.011655
0.007056
0.003590
0.001923
0.002022
0.003429
0.005333
0.007520
0.009621
0.011321
0.011635
0.009713
0.003344
-0.006159
-0.015262
-0.022824
-0.029109
-0.032008
-0.029377
-0.019956
-0.004937
0.010279
0.020147
0.023143
0.019376
0.011525
0.004417
0.001118
0.002987
0.008637
0.014832
0.018903
0.019805
0.017037
0.010754
0.002231
-0.005598
-0.009921
-0.010687
-0.008697
-0.006002
-0.004223
-0.001960
0.001918
0.006358
0.009192
0.006988
-0.000748
-0.009817
-0.016279
-0.018205
-0.014392
-0.006473
0.002310
0.010025
0.015315
0.018468
0.020055
0.019655
0.017378
0.014899
0.015622
0.019736
0.023821
0.024665
0.020730
0.012902
0.005545
0.000718
-0.001848
-0.002947
-0.003275
-0.003596
-0.004697
-0.006671
-0.007847
-0.006033
-0.001060
0.005566
0.009598
0.010256
0.008201
0.003543
-0.002905
-0.008536
-0.010848
-0.009881
-0.007014
-0.003140
0.001929
0.011379
0.026457
0.040785
0.047431
0.045582
0.036979
0.023305
0.005960
-0.009336
-0.017294
-0.016057
-0.008947
-0.003307
-0.004610
-0.012690
-0.021717
-0.025337
-0.021155
-0.010064
0.004913
0.018513
0.025336
0.024670
0.018404
0.009468
0.001098
-0.004387
-0.005349
-0.002075
0.002236
0.003919
0.001344
-0.004286
-0.008628
-0.007371
-0.001869
0.003644
0.008002
0.011243
0.013244
0.013698
0.012343
0.009614
0.006848
0.006636
0.011236
0.018022
0.021784
0.020402
0.013060
0.002521
-0.006337
-0.010786
-0.011348
-0.009650
-0.007338
-0.007432
-0.010973
-0.017323
-0.024590
-0.028833
-0.028163
-0.022046
-0.010492
0.004136
0.014852
0.016877
0.012662
0.005879
0.000329
-0.000873
0.002136
0.006429
0.009889
0.010699
0.007334
0.001803
-0.002130
-0.002063
0.001398
0.005890
0.009124
0.010614
0.008282
0.002165
-0.005348
-0.011737
-0.014748
-0.012678
-0.005779
0.002797
0.008482
0.010467
0.010198
0.009046
0.007567
0.006870
0.008085
0.012318
0.018426
0.022805
0.023464
0.019003
0.008953
-0.002752
-0.012748
-0.020127
-0.024741
-0.024247
-0.018678
-0.012359
-0.009563
-0.012127
-0.017844
-0.022640
-0.023430
-0.019275
-0.010811
-0.000978
0.005295
0.006485
0.003076
-0.003156
-0.008453
-0.009084
-0.005038
-0.000852
0.000357
-0.001535
-0.005378
-0.010025
-0.013740
-0.015234
-0.014713
-0.013148
-0.011167
-0.009315
-0.008140
-0.007977
-0.008514
-0.009168
-0.009537
-0.009446
-0.008356
-0.006117
-0.002433
0.001734
0.004406
0.004719
0.001426
-0.005625
-0.013379
-0.018711
-0.019745
-0.016220
-0.008194
-0.000504
0.003689
0.003083
-0.001151
-0.007318
-0.011933
-0.013267
-0.013248
-0.013390
-0.014753
-0.016217
-0.015266
-0.010975
-0.004735
0.000001
0.002591
0.003097
0.002219
0.001156
0.000171
-0.000773
-0.001902
-0.003048
-0.004216
-0.006209
-0.009194
-0.012444
-0.015063
-0.016443
-0.017183
-0.017903
-0.018487
-0.018105
-0.016107
-0.012745
-0.008956
-0.006506
-0.005016
-0.002536
0.001081
0.004775
0.006491
0.005202
-0.000162
-0.008416
-0.015178
-0.016975
-0.013496
-0.005988
0.003030
0.008498
0.008773
0.006382
0.002776
-0.000837
-0.003321
-0.005197
-0.007187
-0.008480
-0.008703
-0.007899
-0.006445
-0.004632
-0.001856
0.001978
0.006625
0.010530
0.011778
0.009965
0.006670
0.004376
0.003496
0.004029
0.005363
0.006649
0.006975
0.005638
0.000590
-0.007996
-0.016203
-0.020305
-0.020860
-0.019520
-0.017339
-0.015613
-0.014435
-0.013248
-0.011109
-0.007736
-0.002162
0.004038
0.008112
0.009486
0.009077
0.008253
0.007787
0.008264
0.009331
0.010212
0.009386
0.006079
-0.000220
-0.007604
-0.013567
-0.016762
-0.017971
-0.018264
-0.017569
-0.015825
-0.012798
-0.009506
-0.007109
-0.005531
-0.004171
-0.002427
-0.000252
0.002022
0.003901
0.004769
0.003640
0.000825
-0.002404
-0.004687
-0.005709
-0.006606
-0.008079
-0.010206
-0.012570
-0.014821
-0.016630
-0.017876
-0.018454
-0.018501
-0.018216
-0.017165
-0.014984
-0.011336
-0.006945
-0.002898
-0.000356
0.000576
-0.000452
-0.002894
-0.005668
-0.008854
-0.012367
-0.015656
-0.017951
-0.019028
-0.018061
-0.015158
-0.011078
-0.007217
-0.004771
-0.004003
-0.004033
-0.003454
-0.002341
-0.001513
-0.001147
-0.000956
-0.000356
0.000549
0.001352
0.001940
0.002321
0.001994
0.001167
0.000576
0.001162
0.003044
0.005032
0.006359
0.006793
0.006651
0.006357
0.005771
0.004813
0.004274
0.004855
0.007025
0.009703
0.011562
0.011646
0.009871
0.006417
0.002575
-0.000244
-0.001229
-0.001306
-0.002261
-0.004771
-0.008392
-0.010966
-0.011528
-0.010159
-0.007424
-0.004018
-0.001686
-0.000907
-0.001713
-0.003270
-0.004327
-0.002606
0.001551
0.006775
0.011856
0.015976
0.018299
0.018994
0.018498
0.017401
0.016326
0.015363
0.014498
0.013902
0.013312
0.011870
0.007609
0.000449
-0.007658
-0.014051
-0.016507
-0.014043
-0.009636
-0.006691
-0.006184
-0.007519
-0.008646
-0.008653
-0.007185
-0.005023
-0.003186
-0.002813
-0.003881
-0.005616
-0.006913
-0.007098
-0.005421
-0.002102
0.001912
0.005594
0.008154
0.009457
0.010009
0.010318
0.010409
0.010142
0.008969
0.006906
0.004226
0.001380
-0.001174
-0.002389
-0.002008
-0.000232
0.002372
0.005281
0.007694
0.009189
0.008874
0.007113
0.005108
0.004106
0.004199
0.004622
0.005101
0.005581
0.005340
0.003986
0.001679
-0.000987
-0.003448
-0.005332
-0.006559
-0.007169
-0.007132
-0.006599
-0.005632
-0.004521
-0.003693
-0.003094
-0.002338
-0.000901
0.001110
0.003047
0.004444
0.004867
0.003282
0.000072
-0.003062
-0.004460
-0.003709
-0.000913
0.002771
0.005939
0.007652
0.008498
0.009651
0.011079
0.012412
0.013135
0.013151
0.011453
0.008164
0.004152
0.000205
-0.003144
-0.005225
-0.005543
-0.003793
-0.000309
0.003802
0.007360
0.010374
0.013359
0.016219
0.018610
0.019704
0.019801
0.019573
0.019357
0.019369
0.020114
0.021457
0.022873
0.023833
0.023936
0.022165
0.018380
0.013198
0.007827
0.003473
0.001029
0.000001
-0.000563
-0.000911
-0.001045
-0.000487
0.000767
0.002086
0.003333
0.004966
0.006873
0.008669
0.009600
0.009951
0.010430
0.011302
0.012455
0.013935
0.015426
0.016215
0.015620
0.013748
0.011282
0.008919
0.006890
0.005014
0.003111
0.001269
-0.000317
-0.001427
-0.001989
-0.002025
-0.001448
-0.000254
0.001363
0.002763
0.003384
0.002692
0.000512
-0.001941
-0.003804
-0.004895
-0.005367
-0.005254
-0.005209
-0.005658
-0.006819
-0.008067
-0.008531
-0.007645
-0.005883
-0.004202
-0.003012
-0.002337
-0.002224
-0.002717
-0.004220
-0.006128
-0.007421
-0.007506
-0.006747
-0.005652
-0.004512
-0.003498
-0.002457
-0.001156
0.001121
0.004132
0.006999
0.008837
0.009363
0.008694
0.007452
0.006116
0.003805
0.000151
-0.003792
-0.007015
-0.009279
-0.010199
-0.009880
-0.008502
-0.006716
-0.005029
-0.003034
-0.000598
0.001489
0.002767
0.003184
0.002764
0.001640
0.000328
-0.000637
-0.001036
-0.001622
-0.002967
-0.006050
-0.010024
-0.013194
-0.014708
-0.015059
-0.015017
-0.014736
-0.014100
-0.013048
-0.011832
-0.010741
-0.009423
-0.007389
-0.004879
-0.002408
-0.000344
0.001346
0.002733
0.003233
0.002811
0.001572
-0.000370
-0.002917
-0.005652
-0.008162
-0.010268
-0.012171
-0.014030
-0.015448
-0.016107
-0.015752
-0.014310
-0.012089
-0.009356
-0.006427
-0.003538
-0.000735
0.001910
0.003275
0.003109
0.001203
-0.002056
-0.005935
-0.009261
-0.011223
-0.011224
-0.009367
-0.006417
-0.002932
0.000284
0.001913
0.001901
0.000894
-0.000414
-0.001520
-0.002262
-0.002918
-0.003862
-0.004970
-0.005832
-0.005827
-0.004698
-0.002767
-0.000787
0.000717
0.001475
0.002322
0.004202
0.006380
0.008046
0.009090
0.009378
0.008584
0.007296
0.006281
0.005807
0.005598
0.005344
0.004712
0.003480
0.001363
-0.001416
-0.004238
-0.006077
-0.006796
-0.006524
-0.005867
-0.005525
-0.005701
-0.005914
-0.005240
-0.003245
-0.000179
0.003331
0.006647
0.008994
0.009798
0.008601
0.005667
0.002032
-0.001294
-0.003384
-0.003898
-0.002625
-0.000633
0.000482
0.000716
0.000800
0.001687
0.003688
0.007295
0.011523
0.015184
0.018366
0.020574
0.020108
0.017275
0.014027
0.011246
0.008734
0.006635
0.004771
0.002552
-0.000290
-0.003372
-0.005911
-0.007624
-0.008637
-0.008809
-0.008247
-0.007429
-0.006729
-0.006221
-0.005471
-0.004120
-0.001748
0.001203
0.004017
0.006018
0.007242
0.007810
0.007875
0.007601
0.006923
0.005817
0.004156
0.002015
-0.000340
-0.002041
-0.002671
-0.002333
-0.001600
-0.000979
-0.000356
0.000473
0.001759
0.003398
0.005133
0.006006
0.005729
0.004584
0.003006
0.001263
-0.000235
-0.001286
-0.001860
-0.001816
-0.001219
-0.000647
-0.000514
-0.001027
-0.001855
-0.002522
-0.002309
-0.000968
0.001551
0.004626
0.007366
0.008334
0.007216
0.004466
0.001210
-0.001574
-0.003414
-0.004221
-0.003934
-0.002975
-0.001986
-0.001106
-0.000158
0.001236
0.002635
0.003491
0.003224
0.002072
0.000763
-0.000059
-0.000283
-0.000197
-0.000044
0.000089
0.000183
0.000155
-0.000410
-0.001460
-0.002480
-0.003361
-0.004286
-0.005414
-0.006559
-0.007258
-0.006944
-0.005585
-0.003776
-0.002252
-0.001836
-0.003025
-0.005602
-0.008964
-0.011745
-0.012622
-0.011140
-0.007853
-0.004267
-0.001372
0.000202
0.000456
-0.000097
-0.000919
-0.001580
-0.001605
-0.000891
0.000208
0.000940
0.000872
-0.000202
-0.001513
-0.002221
-0.001856
-0.000410
0.001655
0.003963
0.006375
0.008926
0.011467
0.013026
0.013337
0.012440
0.010802
0.008982
0.006825
0.004536
0.002772
0.001564
0.000548
0.000051
0.000297
0.001394
0.002838
0.004067
0.004553
0.004406
0.004028
0.003557
0.002903
0.002116
0.001298
0.000495
-0.000279
-0.000902
-0.001125
-0.001087
-0.001347
-0.001874
-0.002267
-0.001707
-0.000123
0.002122
0.004582
0.006879
0.008186
0.008339
0.007143
0.005094
0.002943
0.000704
-0.001583
-0.003495
-0.004613
-0.004950
-0.004391
-0.002975
-0.000783
0.001649
0.003700
0.004663
0.004648
0.004475
0.004923
0.006520
0.009006
0.011641
0.012976
0.012454
0.010109
0.006386
0.002424
-0.000280
-0.001306
-0.000781
0.000595
0.001724
0.001446
-0.000140
-0.002288
-0.003368
-0.002817
-0.001114
0.001236
0.003971
0.006555
0.008597
0.009772
0.010333
0.010748
0.010796
0.010332
0.009025
0.007202
0.005386
0.003424
0.001182
-0.001120
-0.003003
-0.004310
-0.005149
-0.005617
-0.005571
-0.004897
-0.003725
-0.002188
-0.000460
0.001269
0.003003
0.004742
0.006025
0.006151
0.004277
0.001102
-0.001446
-0.001686
0.000510
0.004183
0.007871
0.009553
0.008956
0.006590
0.003475
0.000856
0.000073
0.001208
0.003790
0.006735
0.008932
0.009469
0.008395
0.006136
0.003619
0.001858
0.001762
0.003381
0.005908
0.008121
0.009413
0.009618
0.009115
0.008394
0.007786
0.007374
0.006921
0.006146
0.004806
0.002936
0.000936
-0.000589
-0.001269
-0.001095
0.000223
0.002237
0.003725
0.004410
0.004708
0.004613
0.004011
0.002983
0.002164
0.002033
0.002703
0.003836
0.004798
0.004958
0.004178
0.002757
0.001129
-0.000210
-0.000874
-0.000909
-0.000899
-0.001256
-0.002258
-0.003709
-0.005151
-0.005861
-0.005706
-0.004897
-0.003305
-0.000883
0.002446
0.006348
0.010494
0.013958
0.016125
0.017003
0.016982
0.016368
0.015524
0.014759
0.013877
0.012774
0.011575
0.010774
0.010575
0.010772
0.010926
0.010552
0.009344
0.007350
0.004679
0.002065
0.000340
-0.000348
-0.000512
-0.000733
-0.001270
-0.002240
-0.003435
-0.004516
-0.005144
-0.005348
-0.005217
-0.004675
-0.003903
-0.003334
-0.003137
-0.003348
-0.004179
-0.005608
-0.007396
-0.008756
-0.009117
-0.008230
-0.006498
-0.004773
-0.003702
-0.003798
-0.005202
-0.007013
-0.007430
-0.005549
-0.001944
0.001663
0.004483
0.006249
0.007005
0.006793
0.006156
0.005817
0.006396
0.007698
0.009182
0.009572
0.008518
0.006515
0.004667
0.003612
0.003379
0.003767
0.004706
0.005708
0.006265
0.005892
0.004600
0.002560
0.000388
-0.001332
-0.002046
-0.001886
-0.000998
0.000156
0.001007
0.001080
0.000505
-0.000510
-0.001529
-0.002098
-0.001798
-0.000702
0.000857
0.002357
0.003304
0.002833
0.001355
-0.000098
-0.001127
-0.001733
-0.001782
-0.001602
-0.001794
-0.002744
-0.004430
-0.006794
-0.009089
-0.010578
-0.010660
-0.009444
-0.007283
-0.004734
-0.002394
-0.001147
-0.001354
-0.003071
-0.005363
-0.007070
-0.007076
-0.005746
-0.003954
-0.002598
-0.002269
-0.003034
-0.004455
-0.006107
-0.007781
-0.009219
-0.010324
-0.011108
-0.011655
-0.011614
-0.011002
-0.009769
-0.008343
-0.007204
-0.006232
-0.005092
-0.003615
-0.002063
-0.000837
-0.000344
-0.000494
-0.001083
-0.001828
-0.002371
-0.002503
-0.002313
-0.002093
-0.002060
-0.002317
-0.003102
-0.004367
-0.005760
-0.006952
-0.007679
-0.007085
-0.005271
-0.002777
-0.000494
0.000800
0.000462
-0.001007
-0.002760
-0.004263
-0.005183
-0.005517
-0.005693
-0.006335
-0.007644
-0.009202
-0.010007
-0.009613
-0.007827
-0.005113
-0.002489
-0.001244
-0.001202
-0.001749
-0.002706
-0.003891
-0.004872
-0.005545
-0.006077
-0.006837
-0.007867
-0.009053
-0.010186
-0.011092
-0.011047
-0.010014
-0.008338
-0.006133
-0.003586
-0.001652
-0.000614
-0.000408
-0.000713
-0.001108
-0.001184
-0.000852
-0.000238
0.000391
0.000803
0.000491
-0.000531
-0.001879
-0.003171
-0.004260
-0.005142
-0.005371
-0.004671
-0.002913
-0.000705
0.001094
0.001848
0.001550
0.000922
0.000772
0.001532
0.002956
0.004657
0.006179
0.006907
0.006298
0.004557
0.002578
0.001301
0.000594
-0.000021
-0.000837
-0.002066
-0.004139
-0.006818
-0.009435
-0.010951
-0.010977
-0.009660
-0.007707
-0.005892
-0.005019
-0.005102
-0.005669
-0.006246
-0.006447
-0.006066
-0.005496
-0.005244
-0.005313
-0.005292
-0.004331
-0.002068
0.001032
0.003420
0.004593
0.004446
0.003069
0.001010
-0.000591
-0.001297
-0.001382
-0.001467
-0.001928
-0.003227
-0.005197
-0.007271
-0.008909
-0.010010
-0.010795
-0.011611
-0.012650
-0.013753
-0.014586
-0.014845
-0.014375
-0.013386
-0.011972
-0.010186
-0.008236
-0.006730
-0.005971
-0.005919
-0.006416
-0.007260
-0.007778
-0.007536
-0.006599
-0.005657
-0.005255
-0.005352
-0.005788
-0.006657
-0.007837
-0.008935
-0.009615
-0.009807
-0.009618
-0.009032
-0.008156
-0.006963
-0.005603
-0.004238
-0.003223
-0.002671
-0.002621
-0.002917
-0.003415
-0.003869
-0.004067
-0.003775
-0.003195
-0.002691
-0.002759
-0.003454
-0.004884
-0.006939
-0.009267
-0.011624
-0.013499
-0.014373
-0.014198
-0.013397
-0.012193
-0.010698
-0.009081
-0.007755
-0.006906
-0.006448
-0.006065
-0.005440
-0.004652
-0.003830
-0.003052
-0.002534
-0.002419
-0.002550
-0.002694
-0.002594
-0.002366
-0.002173
-0.002187
-0.002401
-0.002806
-0.003361
-0.003895
-0.003644
-0.002544
-0.001096
-0.000115
0.000139
-0.000667
-0.002394
-0.004552
-0.006578
-0.008036
-0.008598
-0.008646
-0.008764
-0.008939
-0.008986
-0.008757
-0.008455
-0.008203
-0.007800
-0.007117
-0.006256
-0.005418
-0.004683
-0.003727
-0.002606
-0.001683
-0.001496
-0.002061
-0.003648
-0.005706
-0.007208
-0.007256
-0.005962
-0.003898
-0.002058
-0.001110
-0.001157
-0.001653
-0.001513
-0.000022
0.002678
0.005717
0.008352
0.009837
0.009921
0.008888
0.006989
0.004938
0.003493
0.002705
0.002293
0.001817
0.001179
0.000507
0.000178
0.000271
0.000844
0.001875
0.003268
0.004632
0.005746
0.006556
0.006912
0.006661
0.006152
0.005774
0.005725
0.005913
0.006159
0.006083
0.005565
0.004516
0.003219
0.002157
0.001813
0.002032
0.002028
0.001398
0.000087
-0.001674
-0.003267
-0.003739
-0.003059
-0.001680
-0.000372
0.000390
0.000521
0.000392
0.000437
0.000894
0.001706
0.002775
0.003913
0.004876
0.005647
0.006291
0.006768
0.007048
0.007134
0.006609
0.005479
0.004005
0.002793
0.002427
0.003021
0.004047
0.004708
0.004815
0.004564
0.004133
0.003632
0.003017
0.002439
0.002083
0.001779
0.001256
0.000309
-0.001117
-0.002916
-0.004348
-0.005053
-0.005256
-0.005096
-0.004703
-0.004390
-0.004271
-0.004029
-0.003388
-0.002303
-0.000754
0.001148
0.003094
0.004898
0.006431
0.007548
0.008331
0.009113
0.009963
0.010741
0.010888
0.010262
0.008509
0.006117
0.003902
0.002137
0.000909
0.000706
0.001229
0.001754
0.001625
0.000906
0.000137
-0.000252
-0.000184
0.000325
0.001087
0.001740
0.002200
0.002532
0.002681
0.002648
0.002408
0.002060
0.001747
0.001579
0.001621
0.002337
0.003642
0.005087
0.006379
0.007418
0.008037
0.008284
0.008261
0.008036
0.007737
0.007271
0.006577
0.005562
0.004209
0.002634
0.001028
-0.000328
-0.001062
-0.001234
-0.001106
-0.000284
0.001252
0.003407
0.005513
0.006956
0.007168
0.006334
0.005132
0.004102
0.003598
0.003911
0.004809
0.005697
0.006257
0.006332
0.005634
0.004348
0.003109
0.002252
0.001888
0.002052
0.002527
0.003013
0.003270
0.003088
0.002600
0.002035
0.001825
0.001894
0.001856
0.001586
0.001175
0.000693
0.000210
-0.000201
-0.000412
-0.000362
-0.000117
0.000227
0.000631
0.000874
0.000784
0.000264
-0.000487
-0.001073
-0.001579
-0.002271
-0.003331
-0.004606
-0.005796
-0.006778
-0.007578
-0.008103
-0.008272
-0.008000
-0.007451
-0.006879
-0.006401
-0.005904
-0.005106
-0.004089
-0.003098
-0.002281
-0.001536
-0.000425
0.001003
0.002290
0.002985
0.002960
0.002110
0.000772
-0.000590
-0.001686
-0.002402
-0.002871
-0.003285
-0.003810
-0.004244
-0.004402
-0.003921
-0.002828
-0.001094
0.000773
0.002252
0.003182
0.003671
0.003802
0.003901
0.004357
0.005175
0.006075
0.006570
0.006513
0.005992
0.005079
0.003910
0.002764
0.001869
0.001256
0.000775
0.000320
0.000340
0.000956
0.001999
0.003278
0.004568
0.005098
0.004767
0.003590
0.001828
0.000025
-0.000969
-0.001208
-0.001133
-0.000913
-0.000724
-0.001008
-0.001910
-0.002986
-0.003419
-0.002825
-0.001164
0.001145
0.003267
0.004733
0.005331
0.005109
0.004509
0.004465
0.005347
0.006994
0.008696
0.009944
0.010493
0.010555
0.010417
0.010174
0.009811
0.009127
0.008136
0.006808
0.005283
0.003780
0.002365
0.001167
0.000648
0.001004
0.001973
0.003207
0.004297
0.004822
0.004929
0.005037
0.005213
0.005379
0.005381
0.005213
0.004825
0.004319
0.003783
0.003407
0.003462
0.004159
0.005101
0.005853
0.005952
0.005266
0.003950
0.002565
0.001578
0.001381
0.001708
0.002059
0.002006
0.001395
0.000303
-0.000959
-0.001987
-0.002343
-0.001909
-0.000994
0.000011
0.000857
0.001491
0.001947
0.002274
0.002603
0.003082
0.003574
0.003812
0.003686
0.003390
0.003233
0.003271
0.003605
0.004189
0.004785
0.005036
0.004858
0.004338
0.003571
0.002752
0.002313
0.002310
0.002538
0.002852
0.003073
0.002807
0.002111
0.001308
0.000681
0.000322
0.000025
-0.000410
-0.001135
-0.001876
-0.002351
-0.002335
-0.001956
-0.001386
-0.000829
-0.000406
-0.000067
0.000168
0.000168
0.000199
0.000277
0.000350
0.000613
0.001006
0.001521
0.002230
0.003094
0.004038
0.005007
0.005954
0.006667
0.006917
0.006444
0.005344
0.003719
0.001663
-0.000505
-0.002359
-0.003697
-0.004580
-0.005153
-0.005518
-0.005397
-0.004855
-0.004163
-0.003567
-0.003056
-0.002117
-0.000749
0.000783
0.002170
0.003106
0.003533
0.003677
0.003750
0.003977
0.004463
0.004610
0.004066
0.002306
-0.000330
-0.003094
-0.005209
-0.006456
-0.006886
-0.006686
-0.006029
-0.005085
-0.003996
-0.002783
-0.001780
-0.001471
-0.002079
-0.003394
-0.004844
-0.005723
-0.005602
-0.004906
-0.004186
-0.003744
-0.003536
-0.003403
-0.002911
-0.001740
0.000199
0.002460
0.004174
0.004844
0.004266
0.002572
0.000459
-0.001197
-0.001913
-0.001784
-0.000937
0.000279
0.001217
0.001487
0.000963
0.000059
-0.000777
-0.001338
-0.001471
-0.001005
0.000056
0.001461
0.002962
0.004217
0.004878
0.004860
0.004307
0.003274
0.001996
0.000788
-0.000491
-0.001786
-0.001903
-0.001128
-0.000857
-0.001165
-0.001451
-0.001290
-0.000867
-0.000415
0.000129
0.000774
0.001355
0.001781
0.002014
0.001876
0.001332
0.000513
-0.000389
-0.001157
-0.001526
-0.001483
-0.001371
-0.001433
-0.001708
-0.002075
-0.002450
-0.002594
-0.002449
-0.002195
-0.001947
-0.001617
-0.000848
0.000367
0.001841
0.003133
0.003764
0.003620
0.002839
0.001544
0.000213
-0.000603
-0.000807
-0.000543
0.000036
0.000637
0.000986
0.001228
0.001553
0.002017
0.002619
0.003546
0.004732
0.005918
0.006745
0.007048
0.006658
0.005833
0.005017
0.004475
0.004228
0.004219
0.004171
0.003851
0.003315
0.002741
0.002298
0.001885
0.001376
0.000750
0.000023
-0.000848
-0.001458
-0.001443
-0.000662
0.000596
0.001703
0.002295
0.002241
0.001792
0.001306
0.001026
0.000955
0.001040
0.001179
0.001222
0.000600
-0.000649
-0.002044
-0.002883
-0.002968
-0.002453
-0.001581
-0.000522
0.000584
0.001564
0.002161
0.002402
0.002512
0.002604
0.002657
0.002307
0.001749
0.001512
0.001779
0.002356
0.002923
0.003347
0.003575
0.003492
0.003107
0.002606
0.002066
0.001373
0.000596
-0.000106
-0.000692
-0.001180
-0.001501
-0.001521
-0.001205
-0.000442
0.000658
0.001791
0.002719
0.003412
0.003956
0.004386
0.004590
0.004479
0.004024
0.003236
0.002303
0.001449
0.000656
-0.000180
-0.000967
-0.001599
-0.001941
-0.001847
-0.001151
0.000287
0.002179
0.003871
0.005164
0.006146
0.006734
0.006878
0.006593
0.006261
0.006263
0.006542
0.006867
0.006921
0.006652
0.006090
0.005586
0.005399
0.005293
0.004979
0.004273
0.003333
0.002427
0.002001
0.002162
0.003000
0.004387
0.005967
0.007383
0.008379
0.008667
0.008432
0.008024
0.007530
0.007027
0.006616
0.006078
0.005037
0.003406
0.001516
-0.000095
-0.001035
-0.001298
-0.001031
-0.000544
-0.000313
-0.000544
-0.001073
-0.001432
-0.001400
-0.000915
-0.000339
-0.000096
-0.000306
-0.000770
-0.001238
-0.001556
-0.001625
-0.001498
-0.001429
-0.001808
-0.002685
-0.003920
-0.005174
-0.006240
-0.007102
-0.007731
-0.008096
-0.008284
-0.008441
-0.008598
-0.008666
-0.008510
-0.008008
-0.007289
-0.006713
-0.006348
-0.006070
-0.005865
-0.005728
-0.005507
-0.005233
-0.005055
-0.005110
-0.005375
-0.005663
-0.005875
-0.005971
-0.005673
-0.004869
-0.003832
-0.002860
-0.002123
-0.001687
-0.001487
-0.001341
-0.001152
-0.000925
-0.000719
-0.000667
-0.001172
-0.002263
-0.003602
-0.004898
-0.006048
-0.007140
-0.008184
-0.009110
-0.009849
-0.010413
-0.010675
-0.010674
-0.010426
-0.009886
-0.009094
-0.008088
-0.006914
-0.005542
-0.004208
-0.003111
-0.002235
-0.001551
-0.001091
-0.000777
-0.000512
-0.000532
-0.000986
-0.001911
-0.002900
-0.003598
-0.003957
-0.004134
-0.004238
-0.004426
-0.004782
-0.005278
-0.005724
-0.005705
-0.004947
-0.003540
-0.001688
0.000231
0.001644
0.002244
0.001948
0.001108
0.000212
-0.000456
-0.000959
-0.001460
-0.002026
-0.002655
-0.003221
-0.003672
-0.003975
-0.004221
-0.004521
-0.004983
-0.005572
-0.006213
-0.006679
-0.006826
-0.006458
-0.005536
-0.004069
-0.002295
-0.000589
0.000299
0.000229
-0.000477
-0.001341
-0.002070
-0.002548
-0.002812
-0.002992
-0.003301
-0.003786
-0.004390
-0.004980
-0.005394
-0.005469
-0.005265
-0.004933
-0.004494
-0.003952
-0.003436
-0.003081
-0.003192
-0.003573
-0.003755
-0.003604
-0.003224
-0.002588
-0.001860
-0.001354
-0.001162
-0.001212
-0.001577
-0.002009
-0.001983
-0.001329
-0.000307
0.000822
0.001896
0.002563
0.002586
0.002053
0.001384
0.000930
0.000892
0.001256
0.001817
0.001846
0.001090
-0.000246
-0.001644
-0.002851
-0.003935
-0.004829
-0.005402
-0.005795
-0.006182
-0.006517
-0.006702
-0.006669
-0.006346
-0.005761
-0.005006
-0.004111
-0.003002
-0.001702
-0.000373
0.000586
0.000952
0.000699
0.000029
-0.000695
-0.001156
-0.001308
-0.001254
-0.001256
-0.001405
-0.001530
-0.001345
-0.000595
0.000738
0.002328
0.003734
0.004701
0.005117
0.004990
0.004664
0.004596
0.004740
0.004842
0.004818
0.004602
0.003953
0.002958
0.001828
0.000805
0.000102
0.000009
0.000596
0.001598
0.002788
0.003947
0.004802
0.005387
0.005881
0.006257
0.006386
0.006006
0.005242
0.004413
0.003695
0.003140
0.002881
0.002898
0.002994
0.002970
0.002908
0.003048
0.003581
0.004449
0.005371
0.006058
0.006239
0.006086
0.005942
0.005829
0.005640
0.005229
0.004530
0.003630
0.003002
0.002773
0.002986
0.003402
0.003706
0.003547
0.002948
0.002046
0.000846
-0.000518
-0.001452
-0.001817
-0.001879
-0.001846
-0.001800
-0.001701
-0.001511
-0.001207
-0.000813
-0.000354
0.000311
0.001229
0.002273
0.002888
0.002949
0.002846
0.002788
0.002725
0.002592
0.002449
0.002499
0.002898
0.003697
0.004706
0.005605
0.005743
0.004986
0.003620
0.002310
0.001612
0.001884
0.002786
0.003748
0.004129
0.003735
0.002698
0.001228
-0.000325
-0.001329
-0.001705
-0.001640
-0.001312
-0.000971
-0.000873
-0.001088
-0.001600
-0.002239
-0.002766
-0.003141
-0.003375
-0.003441
-0.003408
-0.003381
-0.003190
-0.002879
-0.002672
-0.002845
-0.003431
-0.004263
-0.005158
-0.006058
-0.006733
-0.007077
-0.007071
-0.006906
-0.006774
-0.006883
-0.007266
-0.007859
-0.008299
-0.008364
-0.008118
-0.007721
-0.007234
-0.006775
-0.006445
-0.006493
-0.006975
-0.007798
-0.008596
-0.009070
-0.008988
-0.008627
-0.008460
-0.008676
-0.009175
-0.009620
-0.009956
-0.010276
-0.010440
-0.010335
-0.009967
-0.009462
-0.008913
-0.008356
-0.007830
-0.007403
-0.007002
-0.006497
-0.005961
-0.005569
-0.005592
-0.005979
-0.006546
-0.007145
-0.007659
-0.007805
-0.007575
-0.007175
-0.006952
-0.007055
-0.007248
-0.007236
-0.006799
-0.005683
-0.003925
-0.002309
-0.001420
-0.001338
-0.001666
-0.002018
-0.002059
-0.001801
-0.001472
-0.001371
-0.001678
-0.002463
-0.003253
-0.003464
-0.003048
-0.002251
-0.001577
-0.001330
-0.001561
-0.001997
-0.002322
-0.002291
-0.001947
-0.001421
-0.000648
0.000363
0.001313
0.001936
0.002022
0.001733
0.001421
0.001369
0.001578
0.001792
0.001766
0.001439
0.001032
0.000683
0.000401
0.000246
0.000259
0.000255
0.000303
0.000626
0.001158
0.001646
0.001660
0.001320
0.000967
0.000632
0.000353
0.000480
0.000957
0.001482
0.002150
0.003048
0.004002
0.004866
0.005608
0.006021
0.006001
0.005554
0.005039
0.004801
0.004911
0.005259
0.005846
0.006491
0.006977
0.007300
0.007530
0.007360
0.006840
0.006256
0.005617
0.004869
0.004246
0.003966
0.004074
0.004366
0.004627
0.004726
0.004604
0.004317
0.004246
0.004484
0.004773
0.004978
0.005141
0.005310
0.005448
0.005457
0.005282
0.004942
0.004556
0.004261
0.004223
0.004363
0.004499
0.004542
0.004474
0.004123
0.003504
0.002817
0.002403
0.002295
0.002244
0.002174
0.002082
0.001848
0.001392
0.000636
-0.000148
-0.000564
-0.000608
-0.000516
-0.000459
-0.000268
0.000304
0.001321
0.002603
0.003983
0.005223
0.006097
0.006777
0.007472
0.008104
0.008681
0.009377
0.009875
0.009871
0.009486
0.008967
0.008294
0.007526
0.006881
0.006838
0.007231
0.007561
0.007600
0.007342
0.006667
0.005717
0.004759
0.003935
0.003323
0.003193
0.003347
0.003347
0.003080
0.002573
0.001648
0.000502
-0.000475
-0.001410
-0.002474
-0.003422
-0.004048
-0.004385
-0.004411
-0.004229
-0.003848
-0.003286
-0.002567
-0.001872
-0.001315
-0.000863
-0.000576
-0.000586
-0.000701
-0.000692
-0.000390
0.000149
0.000779
0.001313
0.001647
0.001717
0.001642
0.001594
0.001655
0.001775
0.001801
0.001813
0.002113
0.002704
0.003408
0.003987
0.004240
0.003883
0.003129
0.002352
0.001747
0.001379
0.001399
0.001712
0.002075
0.002040
0.001481
0.000448
-0.000733
-0.001710
-0.002034
-0.001736
-0.000975
0.000056
0.001040
0.001579
0.001715
0.001712
0.001657
0.001650
0.001871
0.002204
0.002225
0.001891
0.001380
0.000796
0.000271
0.000102
0.000233
0.000433
0.000612
0.000678
0.000365
-0.000508
-0.001797
-0.002836
-0.003485
-0.004020
-0.004433
-0.004665
-0.004916
-0.005290
-0.005683
-0.005610
-0.004897
-0.003965
-0.003085
-0.002211
-0.001478
-0.001010
-0.000578
0.000109
0.001281
0.002346
0.002749
0.002612
0.002286
0.001951
0.001483
0.000794
-0.000140
-0.001142
-0.001986
-0.002636
-0.003140
-0.003336
-0.003325
-0.003370
-0.003463
-0.003475
-0.003329
-0.003129
-0.003022
-0.002944
-0.002761
-0.002401
-0.001883
-0.001302
-0.000810
-0.000516
-0.000348
-0.000221
-0.000117
-0.000078
-0.000123
-0.000366
-0.000829
-0.001372
-0.001760
-0.001934
-0.002192
-0.002540
-0.002687
-0.002657
-0.002628
-0.002426
-0.001971
-0.001360
-0.000702
-0.000040
0.000499
0.000919
0.001375
0.001792
0.001937
0.001744
0.001358
0.000929
0.000434
-0.000183
-0.000845
-0.001463
-0.002034
-0.002506
-0.002798
-0.002747
-0.002401
-0.002024
-0.001825
-0.001805
-0.001783
-0.001683
-0.001486
-0.001158
-0.000653
0.000022
0.000735
0.001265
0.001643
0.002015
0.002428
0.002848
0.003239
0.003583
0.003825
0.003755
0.003304
0.002496
0.001573
0.000787
0.000230
-0.000164
-0.000489
-0.000720
-0.000856
-0.000798
-0.000515
0.000011
0.000587
0.001044
0.001293
0.001363
0.001364
0.001575
0.002137
0.003227
0.004619
0.005648
0.006119
0.006090
0.005442
0.004340
0.003164
0.002350
0.002030
0.002108
0.002361
0.002479
0.002133
0.001352
0.000922
0.000743
-0.000058
-0.000919
-0.001026
-0.000586
-0.000144
0.000082
0.000202
0.000295
0.000373
0.000489
0.000752
0.001021
0.001113
0.000940
0.000667
0.000590
0.000833
0.001355
0.002079
0.002856
0.003438
0.003641
0.003474
0.003079
0.002665
0.002482
0.002521
0.002659
0.002844
0.003041
0.003178
0.003321
0.003522
0.003636
0.003703
0.003971
0.004253
0.004295
0.004108
0.003752
0.003128
0.002325
0.001562
0.000913
0.000272
-0.000467
-0.001153
-0.001668
-0.002035
-0.002331
-0.002555
-0.002596
-0.002460
-0.002216
-0.001789
-0.001100
-0.000409
0.000132
0.000738
0.001330
0.001667
0.001871
0.002133
0.002248
0.002189
0.002152
0.002260
0.002454
0.002453
0.002271
0.002108
0.001886
0.001542
0.001000
0.000158
-0.001032
-0.002072
-0.002623
-0.002647
-0.002267
-0.001598
-0.001039
-0.000783
-0.000634
-0.000401
0.000021
0.000705
0.001542
0.002283
0.002809
0.003060
0.002903
0.002475
0.002081
0.001856
0.001802
0.002006
0.002371
0.002567
0.002482
0.002120
0.001400
0.000488
-0.000207
-0.000539
-0.000626
-0.000640
-0.000625
-0.000617
-0.000699
-0.000944
-0.001417
-0.002049
-0.002710
-0.003422
-0.004165
-0.004597
-0.004788
-0.005108
-0.005336
-0.005221
-0.004907
-0.004525
-0.004029
-0.003530
-0.003160
-0.002859
-0.002517
-0.002036
-0.001355
-0.000561
-0.000047
0.000157
0.000248
0.000317
0.000423
0.000628
0.000815
0.000656
0.000130
-0.000589
-0.001338
-0.001948
-0.002266
-0.002362
-0.002385
-0.002498
-0.002855
-0.003559
-0.004274
-0.004752
-0.004936
-0.004773
-0.004186
-0.003266
-0.002268
-0.001491
-0.000937
-0.000444
0.000121
0.000752
0.001199
0.001405
0.001506
0.001733
0.002110
0.002137
0.001663
0.000905
0.000172
-0.000440
-0.001008
-0.001448
-0.001613
-0.001588
-0.001599
-0.001823
-0.002250
-0.002799
-0.003271
-0.003569
-0.003717
-0.003676
-0.003397
-0.003116
-0.002987
-0.002875
-0.002610
-0.002086
-0.001253
-0.000233
0.000675
0.001346
0.001786
0.002199
0.002663
0.003044
0.003318
0.003593
0.004042
0.004560
0.004521
0.003997
0.003488
0.003158
0.002910
0.002647
0.002289
0.001699
0.000824
-0.000152
-0.000890
-0.001275
-0.001413
-0.001356
-0.001191
-0.001080
-0.000934
-0.000606
-0.000029
0.000688
0.001398
0.002129
0.002901
0.003472
0.003775
0.003916
0.003835
0.003472
0.002902
0.002252
0.001617
0.001068
0.000633
0.000249
-0.000154
-0.000614
-0.000982
-0.001120
-0.000890
-0.000407
0.000097
0.000614
0.001198
0.001775
0.002252
0.002586
0.002909
0.003313
0.003675
0.003947
0.004220
0.004421
0.004458
0.004375
0.004243
0.004045
0.003690
0.003159
0.002493
0.001855
0.001536
0.001589
0.001836
0.002052
0.002127
0.001986
0.001693
0.001337
0.000988
0.000736
0.000716
0.000774
0.000684
0.000396
0.000049
-0.000177
-0.000235
-0.000172
-0.000096
0.000007
0.000249
0.000570
0.000836
0.000997
0.001063
0.000976
0.000556
-0.000190
-0.001019
-0.001769
-0.002428
-0.002864
-0.003029
-0.003040
-0.003053
-0.003143
-0.003424
-0.003952
-0.004802
-0.005894
-0.007057
-0.007788
-0.007986
-0.007781
-0.007411
-0.007101
-0.006893
-0.006731
-0.006500
-0.006209
-0.005915
-0.005790
-0.005829
-0.005707
-0.005372
-0.005003
-0.004767
-0.004652
-0.004550
-0.004468
-0.004423
-0.004267
-0.003944
-0.003563
-0.003247
-0.003082
-0.002989
-0.002925
-0.002971
-0.003059
-0.003028
-0.003080
-0.003373
-0.003866
-0.004423
-0.004946
-0.005183
-0.005120
-0.004851
-0.004521
-0.004235
-0.003976
-0.003744
-0.003809
-0.004088
-0.004293
-0.004292
-0.004129
-0.003716
-0.003163
-0.002767
-0.002825
-0.003194
-0.003231
-0.002686
-0.001640
-0.000390
0.000801
0.001634
0.002093
0.002315
0.002372
0.002310
0.002248
0.002289
0.002419
0.002409
0.002086
0.001354
0.000426
-0.000398
-0.000942
-0.001260
-0.001463
-0.001547
-0.001489
-0.001331
-0.001121
-0.000647
0.000090
0.000908
0.001572
0.002048
0.002338
0.002412
0.002250
0.002004
0.001786
0.001521
0.001157
0.000717
0.000203
-0.000356
-0.000910
-0.001452
-0.001979
-0.002263
-0.002280
-0.002236
-0.002118
-0.001805
-0.001306
-0.000724
-0.000062
0.000610
0.001179
0.001740
0.002354
0.002901
0.003350
0.003742
0.004010
0.004132
0.004110
0.003976
0.003740
0.003414
0.003043
0.002594
0.002075
0.001527
0.000877
0.000133
-0.000648
-0.001344
-0.001856
-0.002109
-0.002044
-0.001465
-0.000604
0.000141
0.000537
0.000667
0.000694
0.000700
0.000777
0.001066
0.001533
0.001944
0.002046
0.001636
0.000759
-0.000207
-0.000763
-0.001007
-0.001188
-0.001259
-0.001240
-0.001371
-0.001751
-0.002331
-0.002974
-0.003425
-0.003309
-0.002757
-0.002091
-0.001400
-0.000717
-0.000163
0.000259
0.000577
0.000655
0.000503
0.000286
0.000158
0.000170
0.000190
0.000194
0.000363
0.000586
0.000636
0.000685
0.000857
0.000907
0.000609
-0.000031
-0.000571
-0.000757
-0.000629
-0.000396
-0.000222
-0.000177
-0.000313
-0.000739
-0.001313
-0.001788
-0.002066
-0.002183
-0.002179
-0.002095
-0.002000
-0.001949
-0.001939
-0.001859
-0.001688
-0.001469
-0.001336
-0.001346
-0.001506
-0.001786
-0.002147
-0.002477
-0.002702
-0.002786
-0.002756
-0.002637
-0.002485
-0.002358
-0.002287
-0.002255
-0.002201
-0.001971
-0.001538
-0.001001
-0.000498
-0.000121
0.000088
0.000186
0.000263
0.000398
0.000677
0.001177
0.001826
0.002398
0.002841
0.003214
0.003427
0.003432
0.003140
0.002716
0.002384
0.002151
0.001940
0.001725
0.001579
0.001567
0.001583
0.001556
0.001631
0.001829
0.002047
0.002140
0.002116
0.002113
0.002148
0.002150
0.002087
0.001950
0.001601
0.001080
0.000573
0.000299
0.000247
0.000229
0.000125
-0.000126
-0.000530
-0.000959
-0.001020
-0.000744
-0.000408
-0.000011
0.000490
0.001044
0.001452
0.001545
0.001470
0.001405
0.001389
0.001267
0.000883
0.000330
-0.000237
-0.000687
-0.001016
-0.001288
-0.001694
-0.002313
-0.002868
-0.003238
-0.003486
-0.003634
-0.003649
-0.003461
-0.003217
-0.003095
-0.002985
-0.002765
-0.002499
-0.002342
-0.002340
-0.002310
-0.002141
-0.002019
-0.001967
-0.001877
-0.001915
-0.002198
-0.002425
-0.002411
-0.002101
-0.001583
-0.000975
-0.000323
0.000253
0.000536
0.000577
0.000650
0.001215
0.002130
0.002867
0.003230
0.003282
0.003034
0.002632
0.002463
0.002615
0.002949
0.003467
0.004014
0.004110
0.003806
0.003429
0.003126
0.002868
0.002651
0.002619
0.002913
0.003340
0.003629
0.003608
0.003276
0.002676
0.001947
0.001248
0.000676
0.000350
0.000276
0.000252
0.000076
-0.000404
-0.001069
-0.001704
-0.002057
-0.002098
-0.001948
-0.001771
-0.001683
-0.001760
-0.001976
-0.002234
-0.002467
-0.002631
-0.002705
-0.002656
-0.002413
-0.002045
-0.001702
-0.001565
-0.001695
-0.002085
-0.002579
-0.002938
-0.002863
-0.002563
-0.002706
-0.003002
-0.002803
-0.002248
-0.001764
-0.001470
-0.001237
-0.001008
-0.000993
-0.001208
-0.001469
-0.001532
-0.001246
-0.000648
0.000095
0.000936
0.001773
0.002470
0.002994
0.003384
0.003602
0.003743
0.003986
0.004278
0.004483
0.004522
0.004479
0.004473
0.004460
0.004366
0.004071
0.003580
0.002866
0.002037
0.001265
0.000727
0.000366
0.000044
-0.000348
-0.000868
-0.001544
-0.002267
-0.002854
-0.003262
-0.003540
-0.003667
-0.003713
-0.003790
-0.003844
-0.003810
-0.003702
-0.003583
-0.003477
-0.003398
-0.003344
-0.003251
-0.003129
-0.003029
-0.002812
-0.002402
-0.002019
-0.001760
-0.001523
-0.001189
-0.000820
-0.000527
-0.000288
-0.000060
0.000082
0.000155
0.000261
0.000437
0.000660
0.000871
0.000981
0.000819
0.000402
-0.000078
-0.000321
-0.000328
-0.000228
-0.000056
0.000159
0.000361
0.000554
0.000875
0.001440
0.002233
0.003170
0.004089
0.004690
0.004812
0.004396
0.003706
0.003067
0.002652
0.002305
0.001852
0.001447
0.001117
0.000598
-0.000048
-0.000625
-0.001194
-0.001756
-0.002034
-0.002037
-0.001975
-0.001930
-0.001906
-0.001958
-0.001990
-0.001845
-0.001515
-0.001105
-0.000669
-0.000190
0.000308
0.000430
0.000107
-0.000504
-0.001150
-0.001586
-0.001558
-0.001107
-0.000273
0.000602
0.001074
0.001288
0.001507
0.001811
0.002131
0.002451
0.002779
0.003092
0.003199
0.003133
0.003048
0.003011
0.002997
0.002974
0.002942
0.002942
0.003108
0.003479
0.003849
0.004096
0.004198
0.004224
0.004252
0.004368
0.004694
0.005420
0.006144
0.006450
0.006352
0.005994
0.005369
0.004640
0.004036
0.003646
0.003436
0.003338
0.003284
0.003167
0.002821
0.002319
0.001998
0.001923
0.001967
0.002029
0.002023
0.001756
0.001296
0.000834
0.000548
0.000453
0.000523
0.000731
0.001036
0.001227
0.001255
0.001270
0.001202
0.000899
0.000587
0.000417
0.000231
0.000007
-0.000127
-0.000137
-0.000067
0.000080
0.000186
0.000093
-0.000136
-0.000329
-0.000187
0.000263
0.000811
0.001323
0.001726
0.001763
0.001616
0.001663
0.001713
0.001523
0.001211
0.000952
0.000774
0.000734
0.000831
0.000817
0.000686
0.000664
0.000726
0.000761
0.000899
0.001231
0.001829
0.002519
0.003075
0.003434
0.003543
0.003504
0.003605
0.003839
0.004036
0.004246
0.004520
0.004670
0.004626
0.004448
0.004103
0.003606
0.003206
0.003041
0.003044
0.002942
0.002583
0.002071
0.001448
0.000670
-0.000118
-0.000769
-0.001340
-0.001823
-0.002130
-0.002290
-0.002408
-0.002547
-0.002682
-0.002739
-0.002638
-0.002337
-0.001771
-0.001093
-0.000579
-0.000179
0.000205
0.000317
0.000117
-0.000251
-0.000648
-0.000991
-0.001290
-0.001615
-0.002121
-0.002751
-0.003359
-0.003766
-0.003929
-0.003820
-0.003499
-0.003102
-0.002868
-0.002883
-0.003122
-0.003386
-0.003497
-0.003298
-0.002840
-0.002291
-0.001757
-0.001267
-0.000797
-0.000412
-0.000290
-0.000299
-0.000170
0.000236
0.000802
0.001286
0.001713
0.002233
0.002848
0.003466
0.003951
0.004186
0.004124
0.003905
0.003683
0.003456
0.003233
0.003059
0.002888
0.002630
0.002136
0.001482
0.000841
0.000248
-0.000338
-0.001000
-0.001630
-0.002081
-0.002457
-0.002887
-0.003294
-0.003591
-0.003770
-0.003894
-0.004004
-0.004079
-0.004125
-0.004166
-0.004036
-0.003639
-0.003060
-0.002457
-0.001937
-0.001516
-0.001194
-0.001061
-0.001062
-0.001072
-0.001080
-0.001122
-0.001228
-0.001363
-0.001457
-0.001540
-0.001675
-0.001887
-0.002130
-0.002320
-0.002431
-0.002499
-0.002571
-0.002584
-0.002347
-0.001831
-0.001127
-0.000497
-0.000060
0.000240
0.000422
0.000449
0.000335
0.000221
0.000312
0.000649
0.001159
0.001527
0.001610
0.001380
0.001085
0.001026
0.001137
0.001252
0.001248
0.001148
0.000973
0.000613
0.000083
-0.000455
-0.001029
-0.001687
-0.002025
-0.002040
-0.002305
-0.002732
-0.002892
-0.002831
-0.002771
-0.002631
-0.002355
-0.002036
-0.001906
-0.001983
-0.002104
-0.002093
-0.001836
-0.001412
-0.000962
-0.000630
-0.000473
-0.000513
-0.000717
-0.000969
-0.001105
-0.001114
-0.001062
-0.000902
-0.000671
-0.000574
-0.000542
-0.000348
0.000038
0.000487
0.000744
0.000860
0.001021
0.001133
0.001087
0.000789
0.000416
0.000198
0.000025
-0.000221
-0.000411
-0.000455
-0.000404
-0.000348
-0.000321
-0.000260
-0.000109
0.000166
0.000544
0.000967
0.001249
0.001373
0.001447
0.001564
0.001746
0.001967
0.002198
0.002410
0.002557
0.002613
0.002585
0.002536
0.002538
0.002606
0.002668
0.002440
0.002025
0.001725
0.001582
0.001512
0.001506
0.001512
0.001422
0.001208
0.000915
0.000678
0.000500
0.000304
0.000071
-0.000172
-0.000371
-0.000484
-0.000452
-0.000429
-0.000568
-0.000809
-0.001017
-0.001065
-0.001006
-0.000927
-0.000850
-0.000740
-0.000462
-0.000075
0.000258
0.000471
0.000569
0.000478
0.000220
-0.000140
-0.000453
-0.000605
-0.000583
-0.000460
-0.000365
-0.000334
-0.000380
-0.000507
-0.000705
-0.000973
-0.001164
-0.001083
-0.000799
-0.000464
-0.000211
-0.000098
-0.000251
-0.000603
-0.000988
-0.001264
-0.001372
-0.001232
-0.000940
-0.000644
-0.000401
-0.000203
-0.000072
0.000029
0.000179
0.000447
0.000813
0.001126
0.001372
0.001642
0.001875
0.002004
0.002078
0.002139
0.002126
0.001981
0.001696
0.001421
0.001284
0.001475
0.001721
0.001590
0.001198
0.000793
0.000407
0.000044
-0.000158
-0.000187
-0.000112
0.000184
0.000686
0.001183
0.001603
0.001970
0.002173
0.002225
0.002356
0.002510
0.002460
0.002181
0.001767
0.001206
0.000591
0.000117
-0.000244
-0.000628
-0.001163
-0.001759
-0.002147
-0.002305
-0.002373
-0.002386
-0.002260
-0.001860
-0.001430
-0.001283
-0.001242
-0.001093
-0.000937
-0.000879
-0.000908
-0.000959
-0.000975
-0.000871
-0.000678
-0.000586
-0.000587
-0.000537
-0.000503
-0.000619
-0.000730
-0.000694
-0.000442
-0.000057
0.000363
0.000774
0.001129
0.001359
0.001469
0.001532
0.001550
0.001495
0.001348
0.001127
0.000802
0.000380
-0.000117
-0.000596
-0.000956
-0.001089
-0.000987
-0.000753
-0.000537
-0.000469
-0.000540
-0.000684
-0.000797
-0.000839
-0.000848
-0.000853
-0.000901
-0.000989
-0.001133
-0.001369
-0.001762
-0.002402
-0.003198
-0.003490
-0.003270
-0.002936
-0.002567
-0.002072
-0.001538
-0.001112
-0.000865
-0.000767
-0.000843
-0.001064
-0.001337
-0.001538
-0.001622
-0.001547
-0.001337
-0.001060
-0.000890
-0.000919
-0.000971
-0.000952
-0.000925
-0.000886
-0.000769
-0.000693
-0.000730
-0.000685
-0.000479
-0.000233
-0.000007
0.000210
0.000363
0.000428
0.000599
0.000879
0.001040
0.001238
0.001747
0.002156
0.002063
0.001467
0.000765
0.000365
0.000154
-0.000074
-0.000271
-0.000377
-0.000494
-0.000744
-0.001160
-0.001454
-0.001441
-0.001198
-0.000859
-0.000412
0.000062
0.000446
0.000744
0.000917
0.000800
0.000530
0.000335
0.000206
0.000102
0.000067
0.000200
0.000465
0.000545
0.000452
0.000459
0.000492
0.000400
0.000263
0.000195
0.000228
0.000376
0.000660
0.000947
0.001102
0.000951
0.000637
0.000427
0.000297
0.000155
0.000025
-0.000052
-0.000112
-0.000300
-0.000648
-0.000860
-0.000878
-0.000938
-0.001025
-0.001004
-0.000947
-0.000956
-0.001061
-0.001217
-0.001369
-0.001365
-0.001153
-0.000663
-0.000191
-0.000140
-0.000404
-0.000743
-0.001098
-0.001502
-0.001923
-0.002151
-0.002140
-0.002311
-0.002827
-0.003510
-0.004186
-0.004789
-0.005211
-0.005394
-0.005314
-0.005136
-0.005015
-0.004735
-0.004239
-0.003785
-0.003483
-0.003269
-0.003136
-0.003058
-0.002789
-0.002321
-0.001860
-0.001529
-0.001358
-0.001386
-0.001599
-0.001912
-0.002177
-0.002279
-0.002356
-0.002518
-0.002767
-0.003039
-0.003302
-0.003552
-0.003767
-0.003783
-0.003575
-0.003228
-0.002888
-0.002664
-0.002735
-0.003019
-0.003290
-0.003294
-0.002932
-0.002236
-0.001463
-0.000869
-0.000470
-0.000206
-0.000108
-0.000151
-0.000237
-0.000188
0.000071
0.000429
0.000796
0.001160
0.001454
0.001613
0.001581
0.001374
0.001030
0.000610
0.000190
-0.000119
-0.000302
-0.000399
-0.000395
-0.000321
-0.000275
-0.000363
-0.000645
-0.001009
-0.001294
-0.001383
-0.001220
-0.000793
-0.000254
0.000221
0.000550
0.000747
0.000854
0.001002
0.001266
0.001620
0.002093
0.002693
0.003079
0.003105
0.002952
0.002775
0.002581
0.002182
0.001674
0.001430
0.001437
0.001447
0.001396
0.001332
0.001296
0.001267
0.001244
0.001255
0.001339
0.001454
0.001558
0.001649
0.001744
0.001843
0.001947
0.002028
0.001968
0.001819
0.001744
0.001652
0.001448
0.001314
0.001357
0.001494
0.001647
0.001778
0.001821
0.001844
0.002048
0.002427
0.002867
0.003293
0.003656
0.003839
0.003950
0.004085
0.003972
0.003621
0.003333
0.003314
0.003549
0.003846
0.004105
0.004270
0.004307
0.004233
0.004250
0.004468
0.004979
0.005574
0.006005
0.006105
0.005960
0.005627
0.005138
0.004619
0.004375
0.004390
0.004439
0.004428
0.004325
0.003953
0.003483
0.003262
0.003222
0.003183
0.003115
0.002950
0.002566
0.002069
0.001594
0.001080
0.000548
0.000099
-0.000302
-0.000697
-0.000893
-0.000812
-0.000583
-0.000612
-0.000963
-0.001240
-0.001194
-0.000842
-0.000600
-0.000605
-0.000494
-0.000213
0.000022
0.000044
-0.000121
-0.000363
-0.000681
-0.001125
-0.001530
-0.001749
-0.001589
-0.001217
-0.000933
-0.000611
-0.000183
0.000090
0.000175
0.000289
0.000583
0.000990
0.001221
0.001265
0.001233
0.000993
0.000467
-0.000040
-0.000364
-0.000570
-0.000773
-0.001043
-0.001563
-0.002125
-0.002371
-0.002379
-0.002349
-0.002203
-0.001924
-0.001635
-0.001456
-0.001342
-0.001072
-0.000697
-0.000417
-0.000320
-0.000321
-0.000298
-0.000252
-0.000226
-0.000181
-0.000085
0.000059
0.000233
0.000430
0.000663
0.000918
0.001152
0.001308
0.001345
0.001330
0.001309
0.001168
0.000921
0.000694
0.000602
0.000644
0.000642
0.000510
0.000267
-0.000082
-0.000498
-0.000746
-0.000656
-0.000229
0.000237
0.000534
0.000794
0.001051
0.001142
0.001065
0.000960
0.000889
0.000795
0.000575
0.000378
0.000330
0.000336
0.000314
0.000333
0.000467
0.000669
0.000641
0.000294
-0.000252
-0.000714
-0.000939
-0.000999
-0.001046
-0.001264
-0.001620
-0.001967
-0.002083
-0.001989
-0.001875
-0.001796
-0.001706
-0.001546
-0.001333
-0.001093
-0.000796
-0.000434
-0.000292
-0.000446
-0.000708
-0.000858
-0.000781
-0.000614
-0.000501
-0.000524
-0.000569
-0.000506
-0.000494
-0.000646
-0.000967
-0.001303
-0.001488
-0.001513
-0.001469
-0.001448
-0.001406
-0.001272
-0.001058
-0.000778
-0.000272
0.000312
0.000676
0.000807
0.000852
0.001006
0.001282
0.001619
0.001886
0.002009
0.002048
0.002055
0.002022
0.002098
0.002388
0.002777
0.003097
0.003193
0.003102
0.002930
0.002678
0.002389
0.002220
0.002227
0.002337
0.002410
0.002403
0.002324
0.002084
0.001564
0.000868
0.000275
0.000102
0.000228
0.000409
0.000627
0.000887
0.001043
0.001096
0.001186
0.001420
0.001725
0.001799
0.001682
0.001605
0.001620
0.001651
0.001531
0.001227
0.000785
0.000275
-0.000228
-0.000535
-0.000574
-0.000383
-0.000075
0.000235
0.000427
0.000483
0.000410
0.000296
0.000248
0.000277
0.000325
0.000319
0.000311
0.000356
0.000464
0.000577
0.000619
0.000629
0.000688
0.000917
0.001274
0.001575
0.001739
0.001758
0.001623
0.001406
0.001237
0.001165
0.001217
0.001542
0.002044
0.002402
0.002586
0.002725
0.002810
0.002785
0.002539
0.002103
0.001601
0.001182
0.000843
0.000355
-0.000171
-0.000453
-0.000511
-0.000554
-0.000815
-0.001167
-0.001365
-0.001416
-0.001425
-0.001387
-0.001328
-0.001325
-0.001314
-0.001247
-0.001212
-0.001184
-0.000989
-0.000810
-0.000887
-0.001317
-0.001852
-0.002152
-0.002194
-0.002125
-0.002075
-0.002098
-0.002261
-0.002504
-0.002725
-0.002868
-0.002910
-0.002807
-0.002690
-0.002664
-0.002541
-0.002230
-0.001834
-0.001606
-0.001667
-0.001993
-0.002356
-0.002370
-0.002154
-0.002017
-0.002092
-0.002243
-0.002237
-0.002115
-0.001984
-0.001729
-0.001317
-0.000901
-0.000590
-0.000363
-0.000111
0.000203
0.000543
0.000703
0.000601
0.000437
0.000354
0.000339
0.000448
0.000704
0.000971
0.001175
0.001379
0.001680
0.002125
0.002625
0.003043
0.003236
0.003238
0.003151
0.003110
0.003148
0.003159
0.003025
0.002698
0.002423
0.002286
0.002098
0.001781
0.001373
0.000860
0.000356
0.000151
0.000121
-0.000022
-0.000275
-0.000456
-0.000375
-0.000144
0.000067
0.000306
0.000589
0.000779
0.000780
0.000561
0.000075
-0.000541
-0.001022
-0.001329
-0.001573
-0.001793
-0.001953
-0.002008
-0.002050
-0.002160
-0.002269
-0.002341
-0.002422
-0.002402
-0.002194
-0.001914
-0.001638
-0.001298
-0.000855
-0.000341
0.000150
0.000560
0.000863
0.001059
0.001141
0.001086
0.000933
0.000741
0.000615
0.000625
0.000629
0.000541
0.000448
0.000340
0.000129
-0.000230
-0.000653
-0.001008
-0.001178
-0.001171
-0.001106
-0.001044
-0.000977
-0.000997
-0.001166
-0.001407
-0.001613
-0.001713
-0.001754
-0.001797
-0.001788
-0.001693
-0.001521
-0.001299
-0.001047
-0.000760
-0.000492
-0.000378
-0.000464
-0.000664
-0.000737
-0.000656
-0.000516
-0.000332
-0.000152
-0.000285
-0.000645
-0.000859
-0.000922
-0.000963
-0.000840
-0.000587
-0.000479
-0.000539
-0.000643
-0.000737
-0.000875
-0.001086
-0.001212
-0.001164
-0.001101
-0.001101
-0.001106
-0.001022
-0.000874
-0.000883
-0.001037
-0.001182
-0.001403
-0.001818
-0.002452
-0.003086
-0.003493
-0.003672
-0.003764
-0.003884
-0.003977
-0.003952
-0.003790
-0.003547
-0.003184
-0.002733
-0.002288
-0.001900
-0.001554
-0.001214
-0.000911
-0.000673
-0.000410
-0.000082
0.000200
0.000345
0.000327
0.000180
-0.000033
-0.000272
-0.000485
-0.000610
-0.000668
-0.000725
-0.000818
-0.000866
-0.000741
-0.000340
0.000265
0.000936
0.001526
0.001943
0.002285
0.002595
0.002733
0.002663
0.002449
0.002151
0.001861
0.001683
0.001544
0.001356
0.001224
0.001159
0.001006
0.000776
0.000589
0.000474
0.000416
0.000426
0.000497
0.000564
0.000511
0.000350
0.000252
0.000287
0.000392
0.000376
0.000197
-0.000164
-0.000663
-0.001171
-0.001355
-0.001281
-0.001252
-0.001362
-0.001552
-0.001725
-0.001907
-0.002153
-0.002339
-0.002340
-0.002053
-0.001640
-0.001329
-0.001187
-0.001197
-0.001404
-0.001652
-0.001710
-0.001541
-0.001220
-0.000810
-0.000461
-0.000341
-0.000433
-0.000600
-0.000721
-0.000807
-0.000891
-0.000921
-0.000877
-0.000788
-0.000549
-0.000056
0.000382
0.000565
0.000533
0.000421
0.000344
0.000400
0.000576
0.000755
0.000856
0.000844
0.000791
0.000784
0.000896
0.001045
0.001119
0.001081
0.000983
0.000860
0.000698
0.000490
0.000383
0.000414
0.000473
0.000466
0.000397
0.000333
0.000284
0.000210
0.000128
0.000074
0.000060
0.000083
0.000159
0.000264
0.000376
0.000560
0.000756
0.000742
0.000563
0.000384
0.000200
-0.000042
-0.000361
-0.000698
-0.000997
-0.001241
-0.001452
-0.001648
-0.001786
-0.001865
-0.001984
-0.002126
-0.002158
-0.002098
-0.002044
-0.002031
-0.002016
-0.001916
-0.001622
-0.001164
-0.000863
-0.000773
-0.000735
-0.000716
-0.000752
-0.000909
-0.001120
-0.001267
-0.001240
-0.001053
-0.000911
-0.000829
-0.000628
-0.000371
-0.000202
-0.000171
-0.000218
-0.000328
-0.000494
-0.000649
-0.000563
-0.000289
-0.000063
0.000033
0.000032
-0.000048
-0.000157
-0.000204
-0.000223
-0.000279
-0.000425
-0.000629
-0.000858
-0.001064
-0.001204
-0.001195
-0.001069
-0.000893
-0.000726
-0.000584
-0.000346
-0.000002
0.000363
0.000578
0.000597
0.000639
0.000774
0.000920
0.001148
0.001507
0.001740
0.001789
0.001781
0.001798
0.001856
0.001980
0.002133
0.002225
0.002286
0.002374
0.002502
0.002655
0.002835
0.002989
0.003064
0.003032
0.002931
0.002773
0.002423
0.001869
0.001428
0.001141
0.000777
0.000345
-0.000017
-0.000213
-0.000341
-0.000524
-0.000644
-0.000609
-0.000589
-0.000713
-0.001026
-0.001417
-0.001765
-0.002036
-0.002183
-0.002030
-0.001676
-0.001352
-0.001213
-0.001157
-0.000980
-0.000628
-0.000160
0.000304
0.000676
0.000859
0.000895
0.000874
0.000729
0.000473
0.000266
0.000287
0.000502
0.000523
0.000305
0.000204
0.000271
0.000319
0.000210
-0.000035
-0.000361
-0.000625
-0.000735
-0.000735
-0.000738
-0.000873
-0.001065
-0.001213
-0.001426
-0.001738
-0.002016
-0.002153
-0.002159
-0.002056
-0.001904
-0.001802
-0.001665
-0.001367
-0.001059
-0.000896
-0.000892
-0.000962
-0.001039
-0.001128
-0.001253
-0.001469
-0.001738
-0.002017
-0.002404
-0.002861
-0.003149
-0.003232
-0.003180
-0.002934
-0.002535
-0.002194
-0.001906
-0.001544
-0.001227
-0.001042
-0.000910
-0.000752
-0.000568
-0.000464
-0.000468
-0.000582
-0.000679
-0.000607
-0.000388
-0.000135
-0.000022
0.000024
0.000192
0.000483
0.000785
0.000875
0.000795
0.000722
0.000663
0.000554
0.000297
0.000002
-0.000175
-0.000268
-0.000352
-0.000396
-0.000382
-0.000339
-0.000289
-0.000225
-0.000074
0.000086
0.000067
-0.000021
0.000002
0.000132
0.000274
0.000370
0.000398
0.000345
0.000179
-0.000061
-0.000282
-0.000335
-0.000212
-0.000285
-0.000629
-0.000949
-0.001094
-0.001128
-0.001097
-0.001002
-0.000867
-0.000767
-0.000755
-0.000837
-0.000963
-0.001033
-0.000971
-0.000788
-0.000576
-0.000355
-0.000069
0.000200
0.000333
0.000463
0.000676
0.000883
0.001136
0.001544
0.001840
0.001820
0.001490
0.001075
0.000760
0.000529
0.000318
0.000150
0.000108
0.000216
0.000239
0.000071
-0.000198
-0.000449
-0.000611
-0.000698
-0.000747
-0.000768
-0.000732
-0.000627
-0.000532
-0.000509
-0.000621
-0.000787
-0.000880
-0.000975
-0.001109
-0.001106
-0.000873
-0.000454
-0.000013
0.000326
0.000504
0.000563
0.000587
0.000627
0.000720
0.000898
0.001119
0.001298
0.001407
0.001448
0.001381
0.001213
0.000985
0.000847
0.000890
0.000965
0.000949
0.000768
0.000494
0.000228
0.000107
0.000145
0.000354
0.000663
0.000957
0.001104
0.001114
0.001056
0.000990
0.000858
0.000824
0.000891
0.000860
0.000806
0.000863
0.000853
0.000691
0.000514
0.000436
0.000433
0.000425
0.000421
0.000513
0.000640
0.000691
0.000586
0.000441
0.000529
0.000760
0.000933
0.001077
0.001254
0.001408
0.001387
0.001187
0.001063
0.001079
0.001069
0.001073
0.001201
0.001400
0.001545
0.001527
0.001392
0.001237
0.001187
0.001279
0.001488
0.001708
0.001817
0.001734
0.001572
0.001578
0.001666
0.001646
0.001615
0.001654
0.001639
0.001567
0.001523
0.001479
0.001390
0.001295
0.001244
0.001246
0.001163
0.000987
0.000965
0.001017
0.000883
0.000644
0.000468
0.000442
0.000456
0.000390
0.000319
0.000304
0.000290
0.000285
0.000353
0.000540
0.000788
0.000996
0.001094
0.001052
0.000913
0.000743
0.000537
0.000302
0.000074
-0.000079
-0.000144
-0.000070
0.000125
0.000366
0.000501
0.000495
0.000412
0.000287
0.000141
0.000048
0.000037
-0.000050
-0.000173
-0.000183
-0.000191
-0.000332
-0.000480
-0.000352
0.000205
0.000759
0.000976
0.000998
0.000998
0.000959
0.000833
0.000680
0.000715
0.000883
0.000976
0.001011
0.001014
0.000692
0.000210
-0.000012
-0.000102
-0.000237
-0.000187
0.000002
0.000026
-0.000124
-0.000325
-0.000549
-0.000796
-0.001013
-0.001186
-0.001331
-0.001521
-0.001738
-0.001931
-0.002087
-0.002217
-0.002210
-0.002086
-0.001931
-0.001744
-0.001532
-0.001446
-0.001517
-0.001679
-0.001848
-0.001986
-0.002040
-0.001922
-0.001593
-0.001324
-0.001307
-0.001430
-0.001494
-0.001433
-0.001363
-0.001357
-0.001378
-0.001319
-0.001101
-0.000826
-0.000604
-0.000485
-0.000456
-0.000502
-0.000599
-0.000697
-0.000671
-0.000616
-0.000707
-0.000856
-0.000933
-0.000889
-0.000789
-0.000702
-0.000604
-0.000460
-0.000213
0.000078
0.000348
0.000714
0.001215
0.001483
0.001471
0.001406
0.001348
0.001275
0.001344
0.001531
0.001683
0.001833
0.002031
0.002108
0.002010
0.001829
0.001631
0.001455
0.001425
0.001513
0.001601
0.001680
0.001758
0.001697
0.001490
0.001262
0.001093
0.001017
0.001096
0.001216
0.001187
0.001025
0.000837
0.000772
0.000853
0.001030
0.001205
0.001302
0.001210
0.001023
0.000913
0.000883
0.000883
0.000921
0.001007
0.001116
0.001171
0.001135
0.001048
0.000942
0.000821
0.000730
0.000705
0.000710
0.000737
0.000799
0.000816
0.000737
0.000672
0.000606
0.000435
0.000213
0.000028
-0.000116
-0.000294
-0.000563
-0.000817
-0.000971
-0.000958
-0.000909
-0.000976
-0.001000
-0.000924
-0.001090
-0.001437
-0.001649
-0.001782
-0.001967
-0.002108
-0.002125
-0.002056
-0.001986
-0.001954
-0.001964
-0.002006
-0.002047
-0.002002
-0.001882
-0.001852
-0.001905
-0.001916
-0.001854
-0.001775
-0.001756
-0.001764
-0.001732
-0.001657
-0.001575
-0.001506
-0.001474
-0.001503
-0.001563
-0.001623
-0.001686
-0.001756
-0.001795
-0.001697
-0.001514
-0.001408
-0.001336
-0.001202
-0.000994
-0.000766
-0.000550
-0.000354
-0.000196
-0.000168
-0.000198
-0.000146
-0.000039
0.000044
0.000043
-0.000040
-0.000152
-0.000246
-0.000287
-0.000326
-0.000414
-0.000545
-0.000658
-0.000713
-0.000699
-0.000667
-0.000678
-0.000748
-0.000863
-0.000964
-0.001021
-0.001017
-0.000940
-0.000840
-0.000890
-0.001017
-0.001033
-0.000967
-0.000906
-0.000799
-0.000640
-0.000499
-0.000445
-0.000452
-0.000421
-0.000357
-0.000323
-0.000281
-0.000191
-0.000036
0.000130
0.000250
0.000372
0.000533
0.000693
0.000800
0.000825
0.000805
0.000772
0.000722
0.000736
0.000913
0.001122
0.001252
0.001302
0.001261
0.001093
0.000897
0.000757
0.000672
0.000670
0.000794
0.000935
0.000998
0.000944
0.000861
0.000862
0.000938
0.001029
0.001080
0.001062
0.000950
0.000771
0.000571
0.000385
0.000240
0.000175
0.000149
0.000076
-0.000037
-0.000143
-0.000263
-0.000404
-0.000520
-0.000572
-0.000572
-0.000548
-0.000523
-0.000502
-0.000445
-0.000348
-0.000313
-0.000348
-0.000329
-0.000198
-0.000002
0.000180
0.000325
0.000450
0.000534
0.000568
0.000583
0.000613
0.000685
0.000781
0.000876
0.000973
0.001072
0.001163
0.001227
0.001248
0.001156
0.001034
0.001023
0.001106
0.001211
0.001303
0.001358
0.001341
0.001234
0.001064
0.000931
0.000886
0.000933
0.001092
0.001306
0.001390
0.001355
0.001312
0.001240
0.001136
0.001091
0.001125
0.001193
0.001268
0.001314
0.001264
0.001161
0.001091
0.001066
0.001054
0.001034
0.001001
0.000953
0.000900
0.000845
0.000798
0.000802
0.000854
0.000830
0.000719
0.000603
0.000519
0.000464
0.000477
0.000524
0.000530
0.000496
0.000452
0.000439
0.000429
0.000382
0.000315
0.000248
0.000129
-0.000022
-0.000137
-0.000155
-0.000094
-0.000010
0.000022
-0.000047
-0.000110
-0.000120
-0.000156
-0.000215
-0.000241
-0.000233
-0.000233
-0.000290
-0.000352
-0.000367
-0.000379
-0.000408
-0.000422
-0.000420
-0.000423
-0.000427
-0.000435
-0.000470
-0.000525
-0.000574
-0.000590
-0.000564
-0.000506
-0.000491
-0.000552
-0.000596
-0.000586
-0.000556
-0.000522
-0.000479
-0.000412
-0.000319
-0.000214
-0.000166
-0.000189
-0.000242
-0.000302
-0.000366
-0.000392
-0.000355
-0.000253
-0.000133
-0.000038
0.000001
0.000005
0.000006
0.000009
0.000013
0.000031
0.000062
0.000089
0.000094
0.000071
-0.000000
-0.000083
-0.000110
-0.000082
-0.000036
-0.000014
-0.000028
-0.000078
-0.000129
-0.000147
-0.000113
-0.000076
-0.000074
-0.000088
-0.000102
-0.000125
-0.000117
-0.000054
0.000016
0.000054
0.000063
0.000041
-0.000004
-0.000077
-0.000157
-0.000213
-0.000223
-0.000205
-0.000190
-0.000210
-0.000265
-0.000332
-0.000383
-0.000386
-0.000353
-0.000317
-0.000291
-0.000285
-0.000296
-0.000306
-0.000298
-0.000268
-0.000239
-0.000235
-0.000246
-0.000253
-0.000250
-0.000233
-0.000198
-0.000167
-0.000153
-0.000157
-0.000161
-0.000154
-0.000137
-0.000108
-0.000052
0.000019
0.000076
0.000098
0.000090
0.000071
0.000058
0.000060
0.000068
0.000079
0.000099
0.000125
0.000144
0.000148
0.000139
0.000129
0.000125
0.000129
0.000145
0.000169
0.000190
0.000203
0.000208
0.000203
0.000190
0.000171
0.000147
0.000132
0.000139
0.000161
0.000183
0.000185
0.000169
0.000146
0.000124
0.000110
0.000113
0.000135
0.000161
0.000175
0.000172
0.000152
0.000128
0.000118
0.000117
0.000116
0.000116
0.000116
0.000110
0.000093
0.000070
0.000047
0.000029
0.000017
0.000010
0.000006
0.000010
0.000014
0.000010
-0.000008
-0.000031
-0.000048
-0.000054
-0.000049
-0.000036
-0.000021
-0.000013
-0.000016
-0.000023
-0.000025
-0.000021
-0.000009
-0.000002
-0.000002
-0.000006
-0.000005
0.000001
0.000007
0.000013
0.000018
0.000025
0.000034
0.000041
0.000042
0.000040
0.000038
0.000033
0.000029
0.000028
0.000029
0.000032
0.000035
0.000036
0.000033
0.000030
0.000026
0.000020
0.000014
0.000011
0.000010
0.000010
0.000010
0.000013
0.000015
0.000013
0.000009
0.000003
-0.000001
-0.000002
-0.000001
0.000002
0.000004
0.000006
0.000006
0.000006
0.000004
0.000001
-0.000002
-0.000002
-0.000004
-0.000006
-0.000008
-0.000009
-0.000010
-0.000013
-0.000016
-0.000019
-0.000020
-0.000020
-0.000020
-0.000020
-0.000020
-0.000021
-0.000023
-0.000025
-0.000026
-0.000027
-0.000026
-0.000026
-0.000026
-0.000025
-0.000025
-0.000026
-0.000027
-0.000028
-0.000028
-0.000028
-0.000029
-0.000029
-0.000030
-0.000032
-0.000033
-0.000033
-0.000034
-0.000035
-0.000036
-0.000037
-0.000037
-0.000037
-0.000038
-0.000039
-0.000040
-0.000040
-0.000041
-0.000041
-0.000042
-0.000044
-0.000044
-0.000045
-0.000046
-0.000047
-0.000048
-0.000048
-0.000048
-0.000049
-0.000049
-0.000050
-0.000051
-0.000051
-0.000052
-0.000052
-0.000052
-0.000052
-0.000053
-0.000053
-0.000054
-0.000054
-0.000055
-0.000056
-0.000056
-0.000056
-0.000056
-0.000056
-0.000057
-0.000057
-0.000058
-0.000058
-0.000058
-0.000059
-0.000059
-0.000059
-0.000060
-0.000060
-0.000060
-0.000060
-0.000060
-0.000060
-0.000060
-0.000060
-0.000060
-0.000060
-0.000060
-0.000061
-0.000061
-0.000061
-0.000061
-0.000061
-0.000061
-0.000061
-0.000061
-0.000061
-0.000060
-0.000060
-0.000060
