0.006741
0.008270
0.006221
0.000899
0.000895
0.000804
0.000777
0.000770
0.000770
0.000772
0.000767
0.000755
0.000743
0.000738
0.000734
0.000731
0.000724
0.000708
0.000686
0.000657
0.000627
0.000603
0.000598
0.000624
0.000670
0.000707
0.000717
0.000698
0.000661
0.000623
0.000597
0.000583
0.000582
0.000587
0.000589
0.000586
0.000582
0.000580
0.000583
0.000591
0.000597
0.000597
0.000592
0.000585
0.000575
0.000567
0.000560
0.000551
0.000541
0.000528
0.000504
0.000466
0.000418
0.000349
0.000253
0.000154
0.000096
0.000113
0.000218
0.000386
0.000578
0.000749
0.000806
0.000645
0.000319
0.000013
-0.000135
-0.000117
-0.000011
0.000098
0.000166
0.000192
0.000185
0.000151
0.000113
0.000101
0.000117
0.000145
0.000168
0.000176
0.000176
0.000171
0.000173
0.000203
0.000247
0.000283
0.000312
0.000334
0.000349
0.000376
0.000430
0.000519
0.000632
0.000748
0.000812
0.000719
0.000411
-0.000034
-0.000499
-0.000993
-0.001454
-0.001633
-0.001462
-0.001160
-0.000925
-0.000762
-0.000583
-0.000384
-0.000217
-0.000105
-0.000010
0.000102
0.000172
0.000109
-0.000093
-0.000338
-0.000555
-0.000738
-0.000930
-0.001155
-0.001376
-0.001526
-0.001494
-0.001297
-0.001099
-0.000952
-0.000822
-0.000702
-0.000590
-0.000492
-0.000417
-0.000420
-0.000519
-0.000643
-0.000741
-0.000833
-0.000950
-0.001090
-0.001219
-0.001264
-0.001208
-0.001123
-0.001069
-0.001037
-0.001015
-0.001038
-0.001123
-0.001243
-0.001363
-0.001425
-0.001400
-0.001331
-0.001277
-0.001240
-0.001191
-0.001132
-0.001087
-0.001050
-0.001017
-0.000996
-0.000961
-0.000902
-0.000829
-0.000758
-0.000694
-0.000629
-0.000575
-0.000532
-0.000487
-0.000440
-0.000428
-0.000475
-0.000563
-0.000643
-0.000699
-0.000769
-0.000864
-0.000970
-0.001088
-0.001196
-0.001297
-0.001394
-0.001496
-0.001603
-0.001697
-0.001800
-0.001900
-0.001997
-0.002111
-0.002229
-0.002352
-0.002481
-0.002592
-0.002690
-0.002809
-0.002942
-0.003052
-0.003172
-0.003310
-0.003405
-0.003405
-0.003254
-0.002987
-0.002715
-0.002471
-0.002257
-0.002028
-0.001749
-0.001491
-0.001229
-0.000940
-0.000657
-0.000356
-0.000068
0.000220
0.000527
0.000838
0.001159
0.001439
0.001639
0.001777
0.001902
0.002047
0.002210
0.002383
0.002548
0.002706
0.002862
0.003039
0.003222
0.003368
0.003522
0.003688
0.003849
0.004020
0.004188
0.004359
0.004534
0.004638
0.004712
0.004816
0.004912
0.005024
0.005132
0.005062
0.004642
0.003916
0.003136
0.002492
0.001959
0.001453
0.000917
0.000399
0.000027
-0.000198
-0.000410
-0.000678
-0.000951
-0.001218
-0.001486
-0.001717
-0.001952
-0.002217
-0.002479
-0.002759
-0.003048
-0.003323
-0.003575
-0.003696
-0.003662
-0.003581
-0.003501
-0.003472
-0.003452
-0.003392
-0.003350
-0.003306
-0.003261
-0.003221
-0.003165
-0.003108
-0.003056
-0.003016
-0.002966
-0.002927
-0.002866
-0.002731
-0.002537
-0.002314
-0.002113
-0.001910
-0.001671
-0.001315
-0.000690
0.000209
0.001166
0.002067
0.003109
0.004502
0.006148
0.007829
0.009371
0.010567
0.011222
0.010606
0.007279
0.001109
-0.005506
-0.009976
-0.011986
-0.012919
-0.013673
-0.013816
-0.013001
-0.011738
-0.010588
-0.009654
-0.008689
-0.007562
-0.006383
-0.005232
-0.004114
-0.002978
-0.001816
-0.000627
0.000624
0.002007
0.003513
0.004995
0.006172
0.006407
0.005441
0.004001
0.002840
0.001976
0.001099
0.000129
-0.000634
-0.000945
-0.001040
-0.001224
-0.001506
-0.001792
-0.002042
-0.002115
-0.001860
-0.001297
-0.000619
0.000068
0.001206
0.003266
0.006063
0.008997
0.011394
0.011835
0.008801
0.003506
-0.000781
-0.002553
-0.002835
-0.003174
-0.004121
-0.005290
-0.006193
-0.006660
-0.006779
-0.006745
-0.006774
-0.006894
-0.006987
-0.007060
-0.007115
-0.007168
-0.007248
-0.007293
-0.007321
-0.007377
-0.007322
-0.007097
-0.006816
-0.006515
-0.006368
-0.006574
-0.007277
-0.008687
-0.010594
-0.012138
-0.011804
-0.008173
-0.001625
0.005624
0.010869
0.011495
0.006141
-0.003185
-0.011579
-0.014555
-0.011272
-0.005060
0.000448
0.004685
0.008812
0.013057
0.015945
0.015506
0.011602
0.006564
0.002176
-0.002071
-0.006690
-0.010474
-0.011796
-0.010767
-0.008908
-0.007212
-0.005766
-0.004753
-0.005013
-0.007470
-0.012328
-0.018731
-0.025023
-0.028123
-0.024436
-0.014668
-0.005218
-0.003760
-0.012275
-0.024007
-0.029277
-0.022170
-0.003684
0.016590
0.026251
0.020886
0.006095
-0.009006
-0.017192
-0.015870
-0.007920
0.001479
0.008851
0.013025
0.013921
0.012239
0.009477
0.007165
0.006909
0.009953
0.015553
0.020571
0.021322
0.016822
0.009516
0.002230
-0.004444
-0.011220
-0.018166
-0.024610
-0.029843
-0.033150
-0.033870
-0.031566
-0.026460
-0.020969
-0.020784
-0.032135
-0.054938
-0.080216
-0.096614
-0.099552
-0.094209
-0.088553
-0.085523
-0.083169
-0.079127
-0.072649
-0.063211
-0.049657
-0.031444
-0.008965
0.016982
0.043151
0.063043
0.070346
0.063710
0.048572
0.032665
0.020585
0.012762
0.006886
0.000656
-0.006708
-0.015492
-0.026207
-0.039473
-0.056054
-0.076450
-0.099194
-0.119550
-0.129667
-0.121812
-0.093930
-0.050117
0.004497
0.060385
0.098296
0.103976
0.081780
0.045600
0.011582
-0.001053
0.019745
0.063664
0.095980
0.080288
0.005442
-0.108664
-0.213576
-0.258943
-0.234788
-0.163403
-0.066895
0.024074
0.069223
0.057354
0.014240
-0.029088
-0.056053
-0.065456
-0.065639
-0.066220
-0.073036
-0.089738
-0.120501
-0.163490
-0.203525
-0.222140
-0.212498
-0.177611
-0.123643
-0.066920
-0.031292
-0.024498
-0.032402
-0.040603
-0.048783
-0.063582
-0.086218
-0.107938
-0.116058
-0.103674
-0.073074
-0.033581
-0.000503
0.010829
-0.005150
-0.045307
-0.098897
-0.146216
-0.172963
-0.183292
-0.189959
-0.197139
-0.195489
-0.167732
-0.101436
-0.008186
0.076927
0.127500
0.146150
0.148957
0.146309
0.139748
0.127203
0.107040
0.078165
0.042675
0.005339
-0.030623
-0.056294
-0.047681
0.024633
0.161473
0.297723
0.344211
0.291777
0.212069
0.163868
0.152904
0.157058
0.156410
0.147035
0.136867
0.131675
0.128510
0.119503
0.097607
0.062120
0.022132
-0.007041
-0.017278
-0.015937
-0.015997
-0.026112
-0.047676
-0.073950
-0.093770
-0.097234
-0.079013
-0.034765
0.037885
0.124759
0.188565
0.193333
0.134035
0.036163
-0.066778
-0.148969
-0.195194
-0.205738
-0.191861
-0.159018
-0.101881
-0.026607
0.036445
0.060299
0.043538
0.005942
-0.021797
-0.015186
0.030798
0.105384
0.183452
0.229604
0.224343
0.175901
0.099364
0.009147
-0.072812
-0.128594
-0.159720
-0.179939
-0.197223
-0.210831
-0.219732
-0.223872
-0.221838
-0.206850
-0.165201
-0.074017
0.084235
0.279573
0.421108
0.429267
0.321151
0.183261
0.092233
0.075621
0.110527
0.153975
0.174864
0.158519
0.099624
0.011318
-0.074626
-0.124788
-0.119320
-0.061602
0.030224
0.132638
0.211696
0.230241
0.178980
0.097774
0.052224
0.084976
0.182532
0.273842
0.289529
0.237072
0.177880
0.148525
0.139896
0.128246
0.104357
0.075076
0.048283
0.024242
-0.004228
-0.045556
-0.100298
-0.155514
-0.187722
-0.177393
-0.113777
0.012183
0.185552
0.334760
0.376600
0.306308
0.188892
0.086427
0.029664
0.017928
0.030456
0.045087
0.047767
0.029860
-0.009972
-0.063537
-0.117178
-0.150832
-0.142653
-0.078828
0.048476
0.211767
0.317109
0.288654
0.155077
0.002417
-0.102490
-0.131251
-0.094270
-0.031939
0.018154
0.039214
0.035793
0.029888
0.043330
0.083735
0.138006
0.175137
0.170048
0.118855
0.033469
-0.058009
-0.115482
-0.116453
-0.076168
-0.027701
0.001196
-0.003594
-0.034499
-0.062622
-0.055939
-0.004713
0.069732
0.130222
0.149368
0.124719
0.066322
-0.018646
-0.115921
-0.194642
-0.225213
-0.204777
-0.150882
-0.069184
0.041539
0.149531
0.199753
0.165334
0.064677
-0.054732
-0.138366
-0.156346
-0.122149
-0.066226
-0.005825
0.047890
0.084772
0.100961
0.096195
0.071821
0.030367
-0.019041
-0.064239
-0.099192
-0.120076
-0.122918
-0.104874
-0.067000
-0.021899
0.007952
0.012667
0.006479
0.009097
0.027500
0.054407
0.079901
0.102094
0.123645
0.142458
0.142896
0.103163
0.030115
-0.031768
-0.045329
-0.018448
0.009442
0.007831
-0.023097
-0.058012
-0.067884
-0.045198
-0.008066
0.014839
0.004029
-0.039390
-0.098321
-0.143548
-0.151122
-0.124817
-0.081276
-0.032858
0.005846
0.017959
0.003450
-0.018875
-0.035518
-0.044090
-0.043447
-0.031401
-0.002898
0.049997
0.127549
0.210760
0.260848
0.241113
0.134421
-0.038179
-0.200043
-0.276186
-0.261777
-0.199024
-0.116476
-0.031694
0.022076
0.024862
-0.007597
-0.040467
-0.047398
-0.024749
0.017896
0.061941
0.082124
0.054635
-0.033612
-0.153583
-0.230095
-0.214444
-0.122852
0.005673
0.127714
0.188520
0.157442
0.067026
-0.011113
-0.025962
0.019152
0.082132
0.123522
0.126872
0.097057
0.049209
0.000630
-0.035692
-0.058132
-0.072366
-0.085631
-0.101025
-0.112542
-0.108684
-0.082747
-0.030633
0.043028
0.114137
0.153793
0.148594
0.107885
0.048349
-0.015602
-0.066189
-0.088433
-0.082473
-0.058639
-0.023231
0.018424
0.053132
0.063664
0.047355
0.019573
-0.005594
-0.025260
-0.043269
-0.060392
-0.072569
-0.076409
-0.071395
-0.056686
-0.031929
0.000905
0.033708
0.049718
0.040042
0.015993
-0.002812
-0.006321
0.000710
0.008253
0.010013
0.005641
-0.002834
-0.015848
-0.033906
-0.058389
-0.088827
-0.115553
-0.125990
-0.115724
-0.089072
-0.054008
-0.019497
0.004149
0.011169
0.008649
0.010124
0.022109
0.040337
0.051270
0.039294
-0.000392
-0.054202
-0.091478
-0.085766
-0.035776
0.037563
0.104780
0.143698
0.150335
0.135374
0.106901
0.059644
-0.015227
-0.108317
-0.179978
-0.190673
-0.144877
-0.074883
0.000486
0.074512
0.138890
0.184065
0.204777
0.200982
0.171042
0.113232
0.036774
-0.035722
-0.083840
-0.104265
-0.106480
-0.097551
-0.078046
-0.051074
-0.020358
0.013706
0.048894
0.081331
0.104685
0.112198
0.103533
0.086315
0.072502
0.068550
0.073928
0.085535
0.099387
0.113396
0.126428
0.136688
0.141909
0.137991
0.117701
0.076833
0.023467
-0.023186
-0.043742
-0.034686
-0.017035
-0.015940
-0.044728
-0.109778
-0.200171
-0.283935
-0.328968
-0.328444
-0.298186
-0.252507
-0.207651
-0.184247
-0.186954
-0.197824
-0.195773
-0.175195
-0.142187
-0.104141
-0.061706
-0.009997
0.049826
0.105877
0.145908
0.169534
0.184891
0.198616
0.207542
0.198274
0.157328
0.080344
-0.010740
-0.073256
-0.087913
-0.073002
-0.055287
-0.043165
-0.028765
-0.009795
0.007667
0.017983
0.021934
0.027727
0.039066
0.054660
0.073815
0.093560
0.109862
0.120280
0.122240
0.112753
0.090176
0.053566
0.006838
-0.032116
-0.043633
-0.028580
-0.003679
0.018225
0.035516
0.050525
0.061364
0.065896
0.065220
0.061173
0.054213
0.044999
0.035051
0.024922
0.016265
0.012477
0.019032
0.038302
0.063784
0.083156
0.089077
0.084699
0.077875
0.072294
0.065735
0.053365
0.031669
0.001802
-0.029374
-0.048976
-0.049082
-0.037246
-0.026157
-0.020514
-0.018886
-0.018414
-0.017927
-0.015910
-0.008781
0.005661
0.026249
0.047506
0.062950
0.069421
0.063647
0.043275
0.016282
-0.003950
-0.013368
-0.017185
-0.019784
-0.023750
-0.030886
-0.041374
-0.054063
-0.066763
-0.077511
-0.081651
-0.070852
-0.033011
0.041829
0.131828
0.178926
0.150701
0.079731
0.021456
-0.002082
-0.003718
-0.000440
0.004014
0.015652
0.035411
0.058915
0.077589
0.078905
0.058376
0.023941
-0.010923
-0.036258
-0.049315
-0.054033
-0.056477
-0.058766
-0.059777
-0.056946
-0.046369
-0.022619
0.017142
0.062524
0.091079
0.086172
0.051105
0.002513
-0.043683
-0.077002
-0.092932
-0.091469
-0.074196
-0.043453
-0.001893
0.046694
0.091865
0.117876
0.116466
0.091242
0.050046
0.001311
-0.045826
-0.081720
-0.100578
-0.104889
-0.099438
-0.088788
-0.077330
-0.068096
-0.063811
-0.063915
-0.063711
-0.057437
-0.042678
-0.023165
-0.005033
0.008157
0.015649
0.017944
0.014799
0.006722
-0.004801
-0.017778
-0.029720
-0.040294
-0.047943
-0.049395
-0.042805
-0.029264
-0.015190
-0.006830
-0.003359
-0.000969
0.000241
-0.003575
-0.016570
-0.041807
-0.079016
-0.118820
-0.142920
-0.137427
-0.103165
-0.052972
-0.006721
0.017693
0.018930
0.011040
0.007000
0.010096
0.017036
0.023633
0.028920
0.034202
0.039112
0.043427
0.047122
0.048528
0.043495
0.028121
0.005247
-0.014138
-0.013657
0.014402
0.055823
0.082062
0.071733
0.025420
-0.035177
-0.083480
-0.105400
-0.102665
-0.087277
-0.067730
-0.046165
-0.025167
-0.007816
0.003056
0.005343
-0.001227
-0.013500
-0.026531
-0.035837
-0.039198
-0.036792
-0.030275
-0.021622
-0.011908
-0.002120
0.005907
0.009204
0.005114
-0.006022
-0.019405
-0.029334
-0.033026
-0.028734
-0.012544
0.014239
0.038281
0.048902
0.050509
0.054330
0.066830
0.084985
0.099397
0.099865
0.080313
0.040238
-0.015081
-0.070230
-0.106433
-0.117517
-0.110823
-0.094051
-0.069579
-0.039494
-0.010412
0.008102
0.012734
0.009878
0.008572
0.012314
0.020176
0.030756
0.041627
0.052582
0.063352
0.067220
0.055903
0.030345
0.001023
-0.017666
-0.019286
-0.012214
-0.004986
0.000204
0.003942
0.006440
0.004560
-0.004653
-0.019996
-0.034267
-0.039409
-0.032171
-0.015826
0.000042
0.006245
-0.000684
-0.013107
-0.019457
-0.016716
-0.008699
-0.000992
0.005082
0.010132
0.014797
0.017796
0.014611
0.003052
-0.019739
-0.055484
-0.098330
-0.132896
-0.140523
-0.118545
-0.083166
-0.050085
-0.025101
-0.010498
-0.007366
-0.011146
-0.015050
-0.017087
-0.017818
-0.017872
-0.018548
-0.019706
-0.020696
-0.021586
-0.022682
-0.025347
-0.030834
-0.039063
-0.048595
-0.056473
-0.059678
-0.056629
-0.047285
-0.032589
-0.014602
0.003392
0.017995
0.027395
0.031525
0.031608
0.030316
0.030600
0.033922
0.039232
0.043467
0.044036
0.039019
0.026887
0.010184
-0.004643
-0.010194
-0.003830
0.011752
0.032288
0.049845
0.057318
0.051013
0.029074
-0.005182
-0.046064
-0.084094
-0.106553
-0.109323
-0.095695
-0.070221
-0.037651
-0.005094
0.016763
0.020993
0.011524
-0.001059
-0.008636
-0.007155
0.004229
0.020801
0.034553
0.038465
0.031120
0.018404
0.005228
-0.005351
-0.012279
-0.017438
-0.021295
-0.023353
-0.024500
-0.025406
-0.026012
-0.026413
-0.026867
-0.027960
-0.028893
-0.028086
-0.020440
-0.003892
0.012605
0.016540
0.004774
-0.013171
-0.028379
-0.039060
-0.044589
-0.045150
-0.043810
-0.041292
-0.037276
-0.034459
-0.036116
-0.045006
-0.060270
-0.075213
-0.080898
-0.073453
-0.054411
-0.024222
0.012911
0.042712
0.053677
0.049772
0.041377
0.033578
0.026033
0.016675
0.006113
-0.002072
-0.006167
-0.006357
-0.003798
-0.001096
-0.000233
-0.001913
-0.005950
-0.009954
-0.013182
-0.015809
-0.016398
-0.016275
-0.016229
-0.016272
-0.016805
-0.016821
-0.016028
-0.016274
-0.018649
-0.021504
-0.024157
-0.024575
-0.020202
-0.010630
0.001152
0.007875
0.007968
0.004031
-0.000579
-0.002086
-0.000137
0.004840
0.011245
0.014932
0.012231
0.005301
-0.002136
-0.009502
-0.014874
-0.018102
-0.020370
-0.020486
-0.019638
-0.019393
-0.019251
-0.018428
-0.018064
-0.019924
-0.024868
-0.033391
-0.042234
-0.048517
-0.050832
-0.046391
-0.035991
-0.021343
-0.003201
0.013910
0.025038
0.027487
0.021330
0.011650
0.001454
-0.009441
-0.020100
-0.030694
-0.040626
-0.047494
-0.049195
-0.046641
-0.041224
-0.034905
-0.028745
-0.021439
-0.012728
-0.002041
0.009638
0.020956
0.030922
0.036488
0.037599
0.037825
0.038694
0.040539
0.041764
0.041641
0.041159
0.038368
0.030390
0.014784
-0.005108
-0.020369
-0.023939
-0.013387
0.003738
0.015382
0.017090
0.009448
-0.004444
-0.019896
-0.033642
-0.041406
-0.040352
-0.031395
-0.017897
-0.005868
0.001746
0.006309
0.008891
0.010603
0.009613
0.001441
-0.012627
-0.026506
-0.031685
-0.023094
-0.008386
0.003201
0.011791
0.018770
0.020424
0.014468
0.004579
-0.004517
-0.010852
-0.012484
-0.008246
0.000487
0.009913
0.016315
0.017535
0.012188
0.002942
-0.007221
-0.016546
-0.023755
-0.026848
-0.021479
-0.008309
0.006531
0.018781
0.026763
0.028530
0.022387
0.012298
0.003149
-0.004442
-0.008330
-0.007798
-0.005403
-0.004334
-0.006743
-0.011130
-0.014681
-0.017173
-0.019053
-0.014541
0.003745
0.032656
0.057122
0.062473
0.048557
0.027555
0.009953
-0.002777
-0.012911
-0.020258
-0.022527
-0.019148
-0.012921
-0.006666
-0.001057
0.004669
0.011272
0.017845
0.024386
0.031344
0.037878
0.043944
0.049338
0.052077
0.049215
0.038033
0.019000
-0.002301
-0.020020
-0.028716
-0.023330
-0.006695
0.011504
0.023128
0.024798
0.016888
0.005311
-0.001714
-0.002500
0.001140
0.007319
0.013645
0.019254
0.024513
0.027983
0.026493
0.020040
0.011660
0.003910
-0.002555
-0.007640
-0.009952
-0.006616
0.003839
0.018553
0.028920
0.026470
0.015229
0.007504
0.011508
0.025779
0.040433
0.045700
0.040954
0.033288
0.028654
0.027939
0.027464
0.025585
0.023772
0.022408
0.021525
0.021107
0.020460
0.019439
0.018874
0.017712
0.014375
0.009485
0.004474
0.000180
-0.001990
-0.000834
0.002795
0.007611
0.012222
0.014956
0.014094
0.009997
0.006073
0.004691
0.008049
0.017712
0.029716
0.040022
0.045425
0.041055
0.026819
0.008677
-0.003490
-0.001706
0.011726
0.027604
0.040087
0.047070
0.045306
0.033476
0.013883
-0.009428
-0.028796
-0.036262
-0.029922
-0.015273
-0.000669
0.008215
0.008693
0.001816
-0.008141
-0.015665
-0.014706
-0.004312
0.010034
0.023345
0.031996
0.032548
0.024631
0.011596
-0.002433
-0.015461
-0.026756
-0.034706
-0.035295
-0.026385
-0.012344
0.000035
0.006547
0.006400
0.001152
-0.004063
-0.004243
0.001104
0.008702
0.014339
0.018222
0.023271
0.029064
0.031945
0.030603
0.026781
0.022339
0.018659
0.016248
0.015355
0.015790
0.016855
0.018324
0.020067
0.021802
0.022375
0.018645
0.007802
-0.008178
-0.022835
-0.029307
-0.023144
-0.007126
0.009942
0.019568
0.016019
0.000356
-0.020818
-0.039042
-0.047376
-0.043281
-0.027680
-0.007772
0.004996
0.004840
-0.003380
-0.010476
-0.013579
-0.015924
-0.017553
-0.016395
-0.012598
-0.008067
-0.004357
-0.000936
0.002375
0.006137
0.010071
0.013220
0.016033
0.018770
0.021321
0.022889
0.022764
0.019936
0.014143
0.008211
0.002623
-0.003120
-0.006546
-0.006372
-0.003720
-0.000805
0.001877
0.004193
0.005282
0.004582
0.001468
-0.002441
-0.005066
-0.006655
-0.007129
-0.005862
-0.003152
-0.000291
0.001121
0.001379
0.000725
-0.001462
-0.004860
-0.008489
-0.010920
-0.009399
-0.002424
0.007050
0.014806
0.017077
0.013159
0.006441
-0.000345
-0.005766
-0.008338
-0.008258
-0.007033
-0.005540
-0.004459
-0.003555
-0.001852
-0.000161
0.001261
0.003025
0.004500
0.006018
0.008008
0.009579
0.010980
0.012679
0.013777
0.014213
0.014223
0.013471
0.011018
0.007151
0.003164
-0.000673
-0.004116
-0.007445
-0.010057
-0.010700
-0.009909
-0.008825
-0.008261
-0.007897
-0.006678
-0.005249
-0.004740
-0.005099
-0.005977
-0.006987
-0.008147
-0.009217
-0.010335
-0.011745
-0.013128
-0.015693
-0.019132
-0.022291
-0.025737
-0.028457
-0.027926
-0.021182
-0.009610
0.000449
0.006405
0.008903
0.008815
0.008712
0.009736
0.010817
0.010855
0.010602
0.010789
0.010346
0.010031
0.010378
0.010304
0.009891
0.009854
0.009649
0.008891
0.007712
0.005835
0.003081
-0.000474
-0.004017
-0.007528
-0.009914
-0.009613
-0.007212
-0.003071
0.001510
0.006173
0.010960
0.013912
0.014445
0.013646
0.012607
0.011340
0.010144
0.009023
0.007622
0.006154
0.004698
0.003590
0.003789
0.004215
0.001682
-0.004562
-0.010733
-0.010689
-0.005105
-0.000402
0.000462
-0.000934
-0.001095
0.002951
0.011428
0.019928
0.022899
0.018197
0.007793
-0.002979
-0.009334
-0.009504
-0.004255
0.002982
0.009611
0.014464
0.016583
0.016516
0.015050
0.011978
0.006399
-0.001530
-0.008660
-0.011245
-0.009063
-0.004781
-0.001789
-0.001106
-0.001032
-0.000230
0.001924
0.002863
-0.000873
-0.007132
-0.012096
-0.012866
-0.008210
-0.002103
0.001577
0.001882
-0.000385
-0.003066
-0.006062
-0.009260
-0.011028
-0.011027
-0.009350
-0.007156
-0.006384
-0.006785
-0.007866
-0.009245
-0.009419
-0.007180
-0.001487
0.008194
0.019270
0.026130
0.024678
0.014587
-0.000869
-0.015471
-0.022901
-0.020638
-0.011074
0.000774
0.009100
0.009539
0.002330
-0.008179
-0.015667
-0.015386
-0.008016
0.002421
0.010756
0.014012
0.012903
0.008188
0.001057
-0.005807
-0.010564
-0.012453
-0.011305
-0.008732
-0.006601
-0.006197
-0.007741
-0.009122
-0.008863
-0.005978
0.000126
0.006945
0.011688
0.013076
0.011789
0.009276
0.006195
0.002902
-0.000647
-0.003492
-0.004688
-0.004937
-0.005238
-0.006157
-0.007383
-0.008623
-0.008832
-0.006404
-0.001962
0.003770
0.008996
0.011500
0.011886
0.011075
0.010271
0.010230
0.009185
0.005680
0.000144
-0.005233
-0.006870
-0.004064
-0.000130
0.002050
0.001258
-0.002015
-0.005799
-0.007940
-0.006932
-0.001783
0.007503
0.017234
0.022487
0.020893
0.014473
0.007641
0.002577
-0.000268
-0.001021
0.000052
0.002715
0.005831
0.007844
0.008485
0.009268
0.011818
0.016018
0.020060
0.021815
0.019929
0.015339
0.011348
0.011394
0.015815
0.021778
0.024635
0.019376
0.004911
-0.013651
-0.027671
-0.031133
-0.024016
-0.011422
0.001154
0.011793
0.020809
0.027355
0.029222
0.026187
0.020340
0.015333
0.012984
0.011889
0.009826
0.005139
-0.001173
-0.006213
-0.007974
-0.006109
-0.000738
0.006779
0.013807
0.017922
0.017433
0.012475
0.006273
0.002216
0.000734
0.001135
0.002258
0.003176
0.004106
0.005147
0.005584
0.004651
0.001906
-0.002634
-0.007006
-0.008000
-0.003692
0.004514
0.011435
0.013047
0.009709
0.004053
-0.000787
-0.002632
-0.000750
0.003844
0.009054
0.014408
0.020049
0.024663
0.026653
0.023809
0.015967
0.007089
0.000217
-0.004259
-0.007275
-0.009643
-0.010227
-0.007678
-0.002970
0.000682
0.000669
-0.002607
-0.006599
-0.007751
-0.003769
0.004038
0.012108
0.016220
0.013777
0.006938
0.000558
-0.001581
0.000935
0.004850
0.006368
0.003846
-0.001287
-0.006274
-0.008764
-0.008202
-0.005696
-0.003131
-0.002925
-0.004493
-0.004688
-0.001428
0.005548
0.012639
0.015274
0.013892
0.011610
0.009826
0.008290
0.006744
0.004880
0.002389
-0.000539
-0.004088
-0.007522
-0.008964
-0.007773
-0.004816
-0.001244
0.002147
0.004248
0.004398
0.002689
-0.000333
-0.003053
-0.003710
-0.001742
0.001131
0.002301
0.000500
-0.003824
-0.009398
-0.014309
-0.017099
-0.018582
-0.019105
-0.017636
-0.013598
-0.006905
0.000284
0.004139
0.002839
-0.001836
-0.005938
-0.007627
-0.006515
-0.003274
0.000149
0.003452
0.006305
0.008580
0.009878
0.008708
0.004510
-0.001787
-0.006932
-0.008171
-0.005692
-0.001603
0.000113
-0.003214
-0.011694
-0.022443
-0.029665
-0.029046
-0.020123
-0.007401
0.003377
0.009010
0.008854
0.005746
0.002817
0.000811
-0.001037
-0.004444
-0.009611
-0.014356
-0.015780
-0.014175
-0.012402
-0.012255
-0.014282
-0.015965
-0.013865
-0.007648
0.000292
0.005446
0.003364
-0.006194
-0.018315
-0.025763
-0.024259
-0.015369
-0.004740
0.002274
0.003987
0.001653
-0.002655
-0.007470
-0.011899
-0.014676
-0.015034
-0.012783
-0.008083
-0.002891
-0.000575
-0.002747
-0.007282
-0.010920
-0.012265
-0.011120
-0.008021
-0.005079
-0.004015
-0.005816
-0.011490
-0.019169
-0.024234
-0.023758
-0.017986
-0.010070
-0.003802
-0.001149
-0.001283
-0.002163
-0.003120
-0.003632
-0.004185
-0.005813
-0.007752
-0.008962
-0.009399
-0.009497
-0.009613
-0.010271
-0.012237
-0.015746
-0.019375
-0.020947
-0.020016
-0.017146
-0.013852
-0.011588
-0.010350
-0.009537
-0.008566
-0.007959
-0.008064
-0.008451
-0.009611
-0.011182
-0.011488
-0.010125
-0.007667
-0.005484
-0.005398
-0.007368
-0.008827
-0.007570
-0.003322
0.002269
0.006793
0.008752
0.008403
0.006964
0.004448
0.001050
-0.003025
-0.008259
-0.013650
-0.018008
-0.020704
-0.020614
-0.018657
-0.017772
-0.019220
-0.022069
-0.024023
-0.023328
-0.019728
-0.014386
-0.009863
-0.007346
-0.006655
-0.007706
-0.009422
-0.011029
-0.012713
-0.013695
-0.013479
-0.012046
-0.009951
-0.008405
-0.008540
-0.009974
-0.011115
-0.012351
-0.014649
-0.017764
-0.020534
-0.021420
-0.019401
-0.014537
-0.008612
-0.004832
-0.004852
-0.007114
-0.009166
-0.008711
-0.004422
0.001729
0.006800
0.008952
0.007232
0.002888
-0.001900
-0.006177
-0.009201
-0.010820
-0.012369
-0.014784
-0.018072
-0.020743
-0.021897
-0.022252
-0.022598
-0.023166
-0.021988
-0.017267
-0.009045
0.000008
0.005167
0.004972
0.001366
-0.002430
-0.004639
-0.005708
-0.005584
-0.005105
-0.004984
-0.004829
-0.005672
-0.007878
-0.009884
-0.010827
-0.010836
-0.009887
-0.007905
-0.004526
-0.000059
0.003791
0.005446
0.004164
0.000380
-0.004618
-0.009379
-0.011601
-0.010210
-0.006651
-0.001960
0.001917
0.003651
0.004641
0.005159
0.005258
0.005046
0.003938
0.002970
0.002835
0.002412
0.000965
-0.001147
-0.004171
-0.007996
-0.011728
-0.014945
-0.015610
-0.013209
-0.009174
-0.004365
-0.000797
0.000360
-0.000449
-0.001645
-0.001608
0.000050
0.003178
0.006396
0.008683
0.009979
0.009905
0.008665
0.006464
0.004064
0.002517
0.001056
-0.000539
-0.001077
0.000018
0.002722
0.005898
0.007421
0.006131
0.003575
0.001609
0.001206
0.002047
0.001734
0.000194
-0.001566
-0.003434
-0.005108
-0.006606
-0.008163
-0.009532
-0.009517
-0.008214
-0.006375
-0.004181
-0.001960
0.000103
0.001352
0.000915
-0.001036
-0.003225
-0.004176
-0.003892
-0.003226
-0.002717
-0.002859
-0.003259
-0.002942
-0.000967
0.002500
0.005629
0.006554
0.005540
0.004420
0.003455
0.001677
-0.001863
-0.006607
-0.009782
-0.009619
-0.006342
-0.001806
0.001219
0.001120
-0.001426
-0.004004
-0.004904
-0.004236
-0.003026
-0.002518
-0.002557
-0.002432
-0.002617
-0.002858
-0.003043
-0.003808
-0.005222
-0.006630
-0.007423
-0.007111
-0.005023
-0.001542
0.002178
0.005991
0.009593
0.011591
0.011904
0.011370
0.010897
0.011000
0.011095
0.010789
0.010419
0.009841
0.008710
0.007355
0.005893
0.004273
0.002725
0.000871
-0.001255
-0.003018
-0.004467
-0.004907
-0.003867
-0.002151
-0.001001
-0.001177
-0.002139
-0.002552
-0.001511
0.000714
0.003440
0.005262
0.005541
0.004726
0.002432
-0.000768
-0.003264
-0.003582
-0.001411
0.001655
0.003533
0.003575
0.003074
0.002684
0.003037
0.004336
0.004717
0.003621
0.001806
-0.000344
-0.002717
-0.005604
-0.007908
-0.007832
-0.005220
-0.000237
0.005931
0.010683
0.012047
0.009387
0.004462
-0.000038
-0.002424
-0.002314
-0.000623
0.001587
0.003552
0.005083
0.005588
0.004337
0.002220
0.000439
-0.000869
-0.001853
-0.002704
-0.003311
-0.002690
-0.000573
0.001421
0.002339
0.002795
0.003327
0.004588
0.006086
0.006591
0.006138
0.005788
0.007000
0.010031
0.013136
0.014464
0.012828
0.008147
0.002672
-0.000912
-0.001185
0.001229
0.003668
0.004476
0.003917
0.002367
0.000324
-0.001767
-0.003523
-0.004419
-0.004227
-0.003022
-0.001660
-0.001152
-0.001430
-0.002149
-0.002588
-0.002198
-0.001539
-0.000709
0.000454
0.001781
0.002436
0.001645
-0.000119
-0.001463
-0.001088
0.000450
0.001851
0.002840
0.003526
0.004085
0.004443
0.004160
0.003689
0.004487
0.006917
0.009862
0.011748
0.011401
0.009353
0.007180
0.006301
0.007105
0.008453
0.009458
0.010126
0.010598
0.010937
0.010407
0.008827
0.007322
0.006651
0.007121
0.008099
0.008359
0.007291
0.005294
0.003653
0.003235
0.004111
0.006014
0.008296
0.009785
0.009802
0.008809
0.007399
0.006125
0.006080
0.006474
0.005006
0.001325
-0.003363
-0.006356
-0.005724
-0.002084
0.003017
0.007448
0.009945
0.011212
0.011445
0.009993
0.006957
0.003215
0.000152
-0.001279
-0.000083
0.003059
0.005611
0.006152
0.004732
0.002672
0.001856
0.002811
0.004956
0.007864
0.010617
0.012245
0.012509
0.010710
0.006565
0.001729
-0.002033
-0.003899
-0.004156
-0.004254
-0.004412
-0.003832
-0.002746
-0.001346
-0.000280
-0.000144
-0.000511
-0.000375
0.001116
0.002854
0.003522
0.002774
0.001156
0.000165
0.000422
0.001647
0.003348
0.004153
0.003603
0.002608
0.001191
-0.000512
-0.001574
-0.001932
-0.002376
-0.003081
-0.004101
-0.005366
-0.005608
-0.004786
-0.004203
-0.003726
-0.003306
-0.002979
-0.002254
-0.002114
-0.003068
-0.003910
-0.003941
-0.003563
-0.003650
-0.004345
-0.005040
-0.005221
-0.004177
-0.001973
0.000017
0.000228
-0.001522
-0.004354
-0.006550
-0.006577
-0.005472
-0.004356
-0.004155
-0.005318
-0.006541
-0.007214
-0.007075
-0.005766
-0.003765
-0.001601
-0.000383
-0.001387
-0.004088
-0.006588
-0.006496
-0.003047
0.001983
0.006278
0.007944
0.006502
0.002652
-0.002185
-0.005807
-0.006985
-0.005804
-0.003074
-0.000152
0.002206
0.002959
0.001516
-0.000875
-0.003409
-0.004269
-0.001846
0.002680
0.007643
0.011008
0.010953
0.008047
0.004188
0.000997
-0.000061
0.000961
0.002798
0.004348
0.005130
0.004769
0.003538
0.002884
0.003418
0.005091
0.007081
0.008320
0.008769
0.009260
0.010688
0.012346
0.013259
0.012927
0.010893
0.008818
0.008523
0.009387
0.010438
0.010618
0.009269
0.007796
0.007867
0.009774
0.012963
0.015865
0.017160
0.017322
0.017135
0.017147
0.017464
0.017807
0.017759
0.016833
0.015146
0.013701
0.013950
0.016244
0.019327
0.021480
0.022383
0.022613
0.022411
0.021504
0.019301
0.016305
0.013785
0.013314
0.015622
0.019403
0.022920
0.024540
0.022747
0.018053
0.013096
0.009900
0.010343
0.014452
0.020438
0.027141
0.031222
0.030339
0.026435
0.022036
0.019526
0.019826
0.020798
0.021018
0.019811
0.017962
0.017788
0.019574
0.021588
0.022351
0.021374
0.019407
0.018538
0.018421
0.018817
0.019544
0.018887
0.017457
0.015851
0.014089
0.012517
0.011279
0.010884
0.011134
0.011640
0.011859
0.011155
0.010319
0.009744
0.009150
0.008602
0.008996
0.010899
0.012380
0.011573
0.008828
0.005584
0.003856
0.004251
0.005489
0.006343
0.006914
0.008199
0.010521
0.014213
0.018321
0.020412
0.019525
0.016453
0.012799
0.010993
0.012154
0.014218
0.015083
0.013845
0.010053
0.005745
0.003523
0.003721
0.004820
0.005079
0.004224
0.003289
0.003464
0.004272
0.004428
0.003201
0.000759
-0.001800
-0.003806
-0.004930
-0.005505
-0.006133
-0.006626
-0.006009
-0.003607
-0.000698
0.001036
0.001002
0.000487
0.000887
0.001849
0.003204
0.004251
0.004423
0.003884
0.002903
0.001744
0.000261
-0.000341
0.000413
0.001792
0.003663
0.005263
0.006476
0.007852
0.008810
0.008623
0.007799
0.006228
0.003548
0.000997
-0.000173
-0.000174
-0.000074
-0.000583
-0.002277
-0.004811
-0.006694
-0.007335
-0.006893
-0.005058
-0.002142
0.000559
0.001765
0.000575
-0.002809
-0.005903
-0.006244
-0.004355
-0.001753
0.000185
0.000274
-0.001551
-0.004554
-0.007028
-0.006878
-0.002837
0.003269
0.008640
0.011697
0.010948
0.007294
0.002427
-0.002007
-0.004249
-0.004439
-0.004034
-0.004304
-0.004697
-0.004264
-0.002982
-0.000887
0.001417
0.002978
0.002955
0.000441
-0.004362
-0.008816
-0.010308
-0.008892
-0.005750
-0.003148
-0.002584
-0.003937
-0.006571
-0.009078
-0.010372
-0.010132
-0.008915
-0.007303
-0.005270
-0.003452
-0.002354
-0.001418
-0.001379
-0.002425
-0.004213
-0.006530
-0.007894
-0.007985
-0.006819
-0.004888
-0.003918
-0.004394
-0.006450
-0.009241
-0.011398
-0.012632
-0.012930
-0.013354
-0.014153
-0.014554
-0.014571
-0.014149
-0.013777
-0.014476
-0.015365
-0.015337
-0.014463
-0.012702
-0.010875
-0.009955
-0.010067
-0.010848
-0.011114
-0.010693
-0.010864
-0.012380
-0.014369
-0.015180
-0.014463
-0.012683
-0.011178
-0.011337
-0.012852
-0.014811
-0.016475
-0.017750
-0.019258
-0.020844
-0.021573
-0.021073
-0.019460
-0.017169
-0.014885
-0.014139
-0.014912
-0.016224
-0.017868
-0.018300
-0.017437
-0.015997
-0.014421
-0.014401
-0.015993
-0.017532
-0.018575
-0.019529
-0.020161
-0.019650
-0.018548
-0.017587
-0.015746
-0.013311
-0.011273
-0.009632
-0.008957
-0.009536
-0.009819
-0.008859
-0.007881
-0.007457
-0.008127
-0.009830
-0.011366
-0.012574
-0.013080
-0.013651
-0.015271
-0.017241
-0.018961
-0.019638
-0.018508
-0.016153
-0.013813
-0.012243
-0.011651
-0.012323
-0.013877
-0.015642
-0.016526
-0.015540
-0.013176
-0.010242
-0.008716
-0.009459
-0.011366
-0.013504
-0.014684
-0.013998
-0.012375
-0.011218
-0.010276
-0.009222
-0.008130
-0.007387
-0.007424
-0.008226
-0.009460
-0.010156
-0.010035
-0.009061
-0.006873
-0.004319
-0.002906
-0.002983
-0.003810
-0.004766
-0.005270
-0.005209
-0.005140
-0.005455
-0.006427
-0.008030
-0.009460
-0.009874
-0.009796
-0.010355
-0.011500
-0.013071
-0.014754
-0.015929
-0.016642
-0.016290
-0.015110
-0.013733
-0.011967
-0.010495
-0.010246
-0.011265
-0.012722
-0.013520
-0.012472
-0.009577
-0.006265
-0.003926
-0.003414
-0.004424
-0.005656
-0.006448
-0.006877
-0.007137
-0.007773
-0.008967
-0.010471
-0.011871
-0.012475
-0.012114
-0.011365
-0.010590
-0.009878
-0.009229
-0.008387
-0.007299
-0.005698
-0.003579
-0.001417
0.000734
0.002380
0.003101
0.002751
0.001150
-0.000591
-0.001365
-0.001212
-0.000436
0.000455
0.001618
0.003025
0.003862
0.003315
0.000627
-0.003146
-0.006282
-0.007952
-0.008009
-0.007601
-0.007486
-0.007199
-0.006341
-0.005035
-0.004255
-0.004928
-0.005895
-0.005145
-0.002367
0.000839
0.002349
0.001347
-0.001291
-0.003281
-0.003272
-0.001958
-0.000526
-0.000249
-0.001523
-0.003703
-0.005831
-0.006914
-0.006567
-0.004832
-0.002043
0.000790
0.002832
0.003275
0.002167
0.001021
0.000850
0.001496
0.001624
0.000435
-0.001494
-0.003527
-0.004442
-0.003621
-0.002160
-0.000715
0.000540
0.001820
0.003499
0.004930
0.005753
0.005724
0.005019
0.004376
0.003689
0.002993
0.002651
0.002816
0.003008
0.002649
0.001983
0.001499
0.001272
0.000932
0.000258
-0.000596
-0.001683
-0.003270
-0.004553
-0.004216
-0.002119
0.001338
0.004593
0.005350
0.003444
0.000679
-0.001220
-0.001574
-0.000545
0.001486
0.004197
0.006754
0.008440
0.009217
0.008958
0.007607
0.005695
0.003671
0.001940
0.001166
0.001784
0.003808
0.006881
0.010128
0.011704
0.010818
0.008517
0.006217
0.005079
0.005560
0.007067
0.008918
0.010507
0.011159
0.010516
0.008408
0.005788
0.003561
0.001984
0.001327
0.001859
0.003940
0.006374
0.007970
0.008905
0.009030
0.008928
0.008957
0.008408
0.007407
0.006287
0.005537
0.005895
0.007126
0.008529
0.009380
0.008983
0.008021
0.007260
0.006630
0.006519
0.006766
0.006837
0.006557
0.006066
0.005686
0.005393
0.005356
0.005468
0.005724
0.006758
0.008407
0.009758
0.009948
0.008940
0.007340
0.006026
0.005547
0.005583
0.005310
0.003871
0.001931
0.000840
0.001189
0.002497
0.003796
0.004720
0.005306
0.005186
0.004065
0.002962
0.002093
0.001379
0.001652
0.002631
0.004017
0.005758
0.007385
0.008274
0.008208
0.007673
0.007459
0.008098
0.009146
0.009980
0.009826
0.008349
0.005851
0.002701
0.000090
-0.001056
-0.001017
-0.000826
-0.000791
-0.000288
0.000665
0.002226
0.003966
0.004724
0.004719
0.004761
0.005059
0.005366
0.004843
0.003563
0.002250
0.001277
0.001608
0.003671
0.006453
0.008863
0.010342
0.010355
0.008984
0.006982
0.005222
0.004065
0.003530
0.003894
0.004669
0.005568
0.006442
0.006171
0.004863
0.003592
0.003003
0.003295
0.004432
0.006091
0.007669
0.009075
0.010594
0.011986
0.012070
0.010355
0.007706
0.004843
0.002439
0.001726
0.003051
0.005214
0.007202
0.008202
0.007844
0.007117
0.006539
0.005702
0.004491
0.002966
0.001526
0.000985
0.001573
0.003474
0.006344
0.008843
0.010056
0.008921
0.006117
0.004586
0.005208
0.006542
0.007602
0.008820
0.010279
0.011766
0.012353
0.011171
0.009425
0.007550
0.006955
0.008422
0.009977
0.010789
0.010952
0.010495
0.009468
0.008323
0.007258
0.006514
0.006890
0.008125
0.008908
0.008485
0.007192
0.006118
0.006672
0.008839
0.011226
0.012906
0.013176
0.012054
0.010610
0.008998
0.007450
0.006746
0.006985
0.008182
0.008957
0.008043
0.006170
0.004578
0.003551
0.002750
0.002712
0.004176
0.007278
0.011103
0.013689
0.013492
0.011246
0.008713
0.007031
0.006596
0.007334
0.009122
0.011400
0.013832
0.015567
0.015566
0.014102
0.011901
0.009440
0.007443
0.006634
0.006448
0.006278
0.006324
0.006456
0.005950
0.004589
0.003328
0.003087
0.004590
0.006911
0.008482
0.009133
0.008549
0.007504
0.006985
0.006741
0.006786
0.006944
0.006424
0.005347
0.004972
0.005282
0.005830
0.006642
0.006893
0.006493
0.005920
0.004927
0.003571
0.002783
0.003272
0.004212
0.005182
0.006129
0.006523
0.006849
0.007824
0.009009
0.009062
0.008017
0.006942
0.006706
0.008517
0.011222
0.012505
0.011747
0.009236
0.006236
0.003464
0.001113
0.000468
0.001778
0.003975
0.006117
0.007457
0.008367
0.009018
0.009468
0.009400
0.008818
0.008247
0.007632
0.007343
0.006604
0.005457
0.004596
0.004059
0.003512
0.002598
0.002035
0.002151
0.003169
0.004578
0.005508
0.006372
0.007153
0.007536
0.007704
0.007351
0.006523
0.005365
0.003495
0.001669
0.000667
0.000173
0.000368
0.001486
0.002381
0.002103
0.001294
0.000750
0.000581
0.001088
0.002560
0.003945
0.004885
0.005563
0.005186
0.003815
0.002333
0.001458
0.000722
-0.000177
-0.000345
-0.000010
0.000690
0.002331
0.004058
0.004860
0.005035
0.004803
0.004560
0.004536
0.004076
0.003577
0.002864
0.001936
0.001275
0.000414
-0.000424
-0.001072
-0.001098
-0.000542
-0.000099
0.000252
0.000985
0.001948
0.002575
0.002911
0.002737
0.002334
0.002069
0.001667
0.000927
-0.000185
-0.001406
-0.002357
-0.002970
-0.003065
-0.002749
-0.002348
-0.002219
-0.003088
-0.004729
-0.006221
-0.006843
-0.006832
-0.006643
-0.006656
-0.007523
-0.008021
-0.006821
-0.004126
-0.000852
0.001265
0.001375
-0.000099
-0.001896
-0.002861
-0.003139
-0.003657
-0.005087
-0.006635
-0.007068
-0.006911
-0.005896
-0.003804
-0.001522
0.000806
0.001958
0.000903
-0.001693
-0.004809
-0.007398
-0.008527
-0.008356
-0.007578
-0.006622
-0.005779
-0.005723
-0.006204
-0.006194
-0.005672
-0.005197
-0.005656
-0.007434
-0.010189
-0.012817
-0.014106
-0.014458
-0.014706
-0.015119
-0.015570
-0.016286
-0.017211
-0.018018
-0.018369
-0.017272
-0.015143
-0.012770
-0.010712
-0.009842
-0.010709
-0.013381
-0.016737
-0.019212
-0.020258
-0.019793
-0.018055
-0.016377
-0.015265
-0.014279
-0.014196
-0.015460
-0.016974
-0.018047
-0.018201
-0.017067
-0.015281
-0.013624
-0.013192
-0.014191
-0.015933
-0.017581
-0.017636
-0.016041
-0.013494
-0.011255
-0.010734
-0.011592
-0.013258
-0.014980
-0.016044
-0.016737
-0.017856
-0.019803
-0.021538
-0.022094
-0.021400
-0.019800
-0.018264
-0.017075
-0.016086
-0.015444
-0.015593
-0.016984
-0.018917
-0.020079
-0.019616
-0.017505
-0.014635
-0.012327
-0.011736
-0.013100
-0.015485
-0.017774
-0.019075
-0.018677
-0.017100
-0.015388
-0.014383
-0.014481
-0.014829
-0.014719
-0.013723
-0.011880
-0.009544
-0.006981
-0.005330
-0.005213
-0.006798
-0.010403
-0.014997
-0.018655
-0.020719
-0.021243
-0.020646
-0.019536
-0.017926
-0.016124
-0.014561
-0.012870
-0.010582
-0.008796
-0.009048
-0.011596
-0.015122
-0.017706
-0.018015
-0.016544
-0.015391
-0.015513
-0.016337
-0.016784
-0.016105
-0.014485
-0.012508
-0.011245
-0.011352
-0.012869
-0.015513
-0.017187
-0.016222
-0.012798
-0.008419
-0.005374
-0.005132
-0.007474
-0.010508
-0.012776
-0.013100
-0.011049
-0.007987
-0.004907
-0.002218
-0.000290
0.000543
-0.000441
-0.003083
-0.006682
-0.010907
-0.014378
-0.015534
-0.014417
-0.012108
-0.009870
-0.008731
-0.008791
-0.009775
-0.011048
-0.011628
-0.011094
-0.009118
-0.006066
-0.003281
-0.001172
0.000986
0.003308
0.005078
0.005440
0.003794
0.000893
-0.001695
-0.003014
-0.002807
-0.001508
-0.000005
0.001096
0.001077
-0.000937
-0.003634
-0.005103
-0.004921
-0.002962
-0.000661
0.000109
-0.000533
-0.002055
-0.003024
-0.001886
0.000939
0.004128
0.005839
0.005250
0.002974
0.000178
-0.001538
-0.001155
0.001250
0.004905
0.008089
0.009608
0.009297
0.007005
0.003792
0.000940
-0.000472
-0.000492
-0.000196
-0.000000
0.000137
0.000924
0.002080
0.002930
0.003973
0.005576
0.007492
0.009531
0.011222
0.011898
0.011469
0.010113
0.008591
0.007956
0.008270
0.008927
0.009263
0.008313
0.006243
0.004189
0.002737
0.002220
0.002873
0.004339
0.005315
0.004918
0.003261
0.001532
0.001167
0.002094
0.003701
0.005362
0.006599
0.007272
0.007196
0.006837
0.006620
0.006867
0.007850
0.008902
0.009721
0.010497
0.011755
0.013416
0.014304
0.014236
0.013129
0.011601
0.010938
0.011229
0.012569
0.014541
0.015643
0.014867
0.012293
0.008788
0.006345
0.006189
0.007817
0.009554
0.009428
0.007063
0.003518
0.000793
0.000249
0.001789
0.004636
0.007636
0.009517
0.009953
0.009249
0.007827
0.006725
0.006698
0.007788
0.009651
0.011234
0.011559
0.011312
0.011316
0.011631
0.011921
0.011638
0.011166
0.010670
0.009815
0.009234
0.009274
0.009806
0.010855
0.011581
0.011529
0.011288
0.010960
0.010200
0.009053
0.008320
0.008460
0.009219
0.010390
0.010909
0.010254
0.009177
0.007805
0.006582
0.006064
0.006314
0.007230
0.008238
0.008870
0.008724
0.008333
0.008815
0.009753
0.010315
0.009830
0.008123
0.006567
0.005832
0.006225
0.007350
0.007803
0.007495
0.006815
0.006403
0.006666
0.007473
0.008692
0.009767
0.010540
0.010838
0.010497
0.009864
0.009827
0.010926
0.011907
0.011978
0.011238
0.009687
0.008088
0.006929
0.005794
0.005052
0.005167
0.005872
0.007084
0.008235
0.008541
0.007751
0.006177
0.004522
0.003526
0.003555
0.003957
0.004279
0.004546
0.004425
0.004033
0.003766
0.003423
0.002771
0.002327
0.002178
0.002111
0.002771
0.004502
0.006409
0.007174
0.006303
0.004303
0.002119
0.000678
0.000118
0.000124
0.000386
0.000216
-0.000284
-0.000579
-0.000678
-0.000305
0.000506
0.001174
0.001554
0.001789
0.002452
0.003424
0.003631
0.002885
0.001205
-0.001001
-0.002955
-0.004128
-0.004030
-0.003129
-0.001942
-0.000733
-0.000110
-0.000056
-0.000456
-0.000742
-0.000329
0.000635
0.001667
0.002091
0.002082
0.002102
0.002008
0.001235
0.000205
-0.000225
-0.000091
0.000209
0.000319
-0.000045
-0.000851
-0.001371
-0.001144
-0.000464
-0.000064
-0.000111
-0.000416
-0.001175
-0.002135
-0.002841
-0.002917
-0.002100
-0.000479
0.001204
0.001853
0.000985
-0.000914
-0.002675
-0.003599
-0.003518
-0.002486
-0.001033
-0.000097
-0.000434
-0.001571
-0.002845
-0.004201
-0.004850
-0.004492
-0.003790
-0.002680
-0.001811
-0.002047
-0.003331
-0.005286
-0.006720
-0.006990
-0.006003
-0.004032
-0.002243
-0.001148
-0.001102
-0.001971
-0.002617
-0.002796
-0.002617
-0.002000
-0.001425
-0.001247
-0.001516
-0.002440
-0.003501
-0.003905
-0.003464
-0.002648
-0.002324
-0.002649
-0.003092
-0.003192
-0.002699
-0.001809
-0.001066
-0.000476
0.000089
0.000199
0.000277
0.000628
0.000587
0.000753
0.001180
0.001470
0.001726
0.001257
0.000404
-0.000391
-0.001487
-0.002597
-0.003288
-0.003362
-0.002710
-0.001482
-0.000046
0.001338
0.002438
0.003030
0.003697
0.004482
0.004868
0.005199
0.005321
0.005176
0.005228
0.005373
0.005280
0.005152
0.005667
0.006673
0.007686
0.008342
0.007890
0.006754
0.005726
0.004893
0.004726
0.005427
0.006576
0.007697
0.008434
0.008501
0.008278
0.008084
0.007629
0.006993
0.006019
0.004904
0.004508
0.005033
0.005723
0.006046
0.006038
0.005912
0.005978
0.005893
0.005258
0.004071
0.002446
0.001285
0.001335
0.002245
0.003284
0.003809
0.003667
0.003082
0.002513
0.002445
0.002640
0.002604
0.002540
0.002656
0.003037
0.003365
0.003044
0.002274
0.001698
0.001789
0.002328
0.003179
0.004405
0.005480
0.006151
0.006531
0.006810
0.007068
0.007156
0.007151
0.007006
0.006946
0.007111
0.007660
0.008482
0.008385
0.007388
0.006247
0.004920
0.003673
0.003082
0.003082
0.003350
0.003531
0.003106
0.001898
-0.000080
-0.002658
-0.004879
-0.005923
-0.005807
-0.004506
-0.002089
0.000834
0.003171
0.003788
0.002636
0.000865
-0.000363
-0.000476
0.000488
0.001757
0.002285
0.002285
0.002556
0.003018
0.003198
0.002657
0.001909
0.001768
0.001993
0.002542
0.003182
0.003241
0.002967
0.002618
0.001879
0.000615
-0.000933
-0.002798
-0.004667
-0.005682
-0.005507
-0.003916
-0.001518
0.000452
0.001297
0.000815
-0.000129
-0.000511
-0.000795
-0.001224
-0.001287
-0.000920
-0.000209
0.000047
-0.000239
-0.000830
-0.001725
-0.002271
-0.002664
-0.003344
-0.004072
-0.004742
-0.005005
-0.004299
-0.003102
-0.001944
-0.000883
-0.000574
-0.001544
-0.003210
-0.004749
-0.005271
-0.004249
-0.002194
-0.000257
0.000448
-0.000103
-0.001303
-0.001984
-0.001989
-0.002109
-0.002079
-0.002324
-0.003411
-0.004801
-0.005895
-0.006107
-0.005299
-0.003971
-0.002652
-0.002125
-0.002554
-0.003386
-0.004100
-0.004001
-0.003176
-0.002321
-0.001683
-0.001032
-0.000384
0.000029
-0.000006
-0.000620
-0.000693
0.000579
0.002361
0.003435
0.003110
0.001751
0.000581
0.000051
-0.000420
-0.000990
-0.001757
-0.002539
-0.003153
-0.003513
-0.003367
-0.002969
-0.002609
-0.002547
-0.003065
-0.003631
-0.003491
-0.002863
-0.002240
-0.002488
-0.003649
-0.004353
-0.004297
-0.003532
-0.002326
-0.001668
-0.001220
-0.000181
0.001224
0.002353
0.002712
0.002459
0.001550
-0.000321
-0.002554
-0.004199
-0.004548
-0.003786
-0.002409
-0.000546
0.000909
0.001584
0.001633
0.000923
0.000061
-0.000432
-0.000722
-0.000838
-0.000511
0.000272
0.000997
0.000824
-0.000344
-0.001717
-0.002696
-0.003013
-0.002620
-0.002218
-0.002321
-0.002841
-0.003504
-0.003496
-0.002397
-0.000709
0.000589
0.001116
0.000796
-0.000261
-0.001264
-0.001645
-0.001530
-0.001370
-0.001048
-0.000606
-0.000584
-0.000719
-0.000926
-0.001301
-0.001442
-0.001645
-0.001944
-0.002150
-0.002641
-0.003739
-0.005277
-0.006520
-0.006892
-0.006186
-0.004596
-0.002604
-0.000999
-0.000424
-0.001009
-0.002379
-0.003685
-0.004422
-0.004587
-0.004812
-0.005252
-0.005376
-0.005351
-0.005508
-0.005954
-0.006452
-0.006736
-0.006605
-0.005615
-0.004194
-0.003015
-0.002388
-0.002624
-0.003229
-0.003460
-0.002838
-0.001287
0.000531
0.002058
0.003059
0.003356
0.003074
0.002091
0.000539
-0.000770
-0.001498
-0.001802
-0.001924
-0.002267
-0.003203
-0.004019
-0.004271
-0.004380
-0.004235
-0.003810
-0.003477
-0.003519
-0.003915
-0.004446
-0.004966
-0.005167
-0.004549
-0.003210
-0.001927
-0.001486
-0.001737
-0.002162
-0.002561
-0.002668
-0.002715
-0.003137
-0.003677
-0.003652
-0.002747
-0.001267
0.000479
0.002027
0.002666
0.002207
0.000735
-0.001315
-0.003025
-0.003758
-0.003635
-0.003042
-0.002178
-0.001530
-0.001529
-0.002252
-0.003777
-0.005559
-0.006451
-0.006254
-0.005528
-0.004793
-0.004797
-0.005537
-0.006466
-0.007040
-0.006708
-0.005907
-0.005606
-0.006013
-0.007080
-0.008596
-0.009907
-0.010645
-0.010622
-0.009722
-0.008536
-0.007743
-0.007542
-0.007712
-0.007531
-0.006821
-0.005621
-0.004302
-0.003810
-0.004225
-0.005118
-0.006049
-0.006376
-0.006130
-0.005703
-0.005319
-0.005206
-0.005358
-0.005846
-0.006646
-0.007145
-0.007093
-0.006731
-0.006201
-0.006172
-0.006779
-0.007372
-0.007307
-0.006114
-0.004279
-0.002585
-0.001533
-0.001395
-0.001891
-0.002649
-0.003321
-0.003436
-0.003014
-0.002246
-0.001537
-0.001719
-0.002842
-0.004472
-0.006141
-0.007168
-0.007323
-0.006722
-0.005867
-0.005342
-0.004904
-0.004596
-0.004741
-0.004946
-0.004900
-0.004551
-0.003868
-0.003271
-0.003284
-0.003448
-0.003149
-0.002218
-0.000874
-0.000109
-0.000444
-0.001493
-0.002494
-0.002699
-0.002043
-0.001239
-0.001101
-0.001711
-0.002601
-0.003297
-0.003491
-0.003549
-0.003937
-0.004338
-0.004626
-0.004677
-0.004218
-0.003748
-0.003609
-0.003235
-0.002103
-0.000762
-0.000044
-0.000006
-0.000433
-0.000823
-0.000494
0.000125
0.000485
0.000623
0.000421
0.000131
-0.000182
-0.000535
-0.000561
-0.000713
-0.001522
-0.002407
-0.002863
-0.002885
-0.002462
-0.002071
-0.002229
-0.002695
-0.003057
-0.002877
-0.002128
-0.001060
0.000005
0.000775
0.001303
0.001364
0.001122
0.000834
0.000582
0.000204
-0.000629
-0.001570
-0.001896
-0.001491
-0.000774
-0.000152
0.000058
0.000368
0.001247
0.002298
0.002974
0.003031
0.002612
0.002019
0.001466
0.001157
0.000985
0.001002
0.001415
0.001928
0.002679
0.003560
0.004025
0.004139
0.004206
0.004546
0.005240
0.006094
0.006319
0.005575
0.004266
0.002786
0.002319
0.003378
0.004880
0.005696
0.005316
0.004042
0.002727
0.001854
0.001418
0.001062
0.001043
0.001907
0.003154
0.003881
0.003614
0.002546
0.001233
0.000421
0.000192
0.000167
0.000358
0.000563
0.000834
0.001325
0.001681
0.001721
0.001644
0.001443
0.001355
0.001332
0.000806
0.000088
-0.000428
-0.001142
-0.001940
-0.002581
-0.003134
-0.003214
-0.002997
-0.002708
-0.002491
-0.002538
-0.002356
-0.001641
-0.000664
-0.000274
-0.000680
-0.001305
-0.001823
-0.001800
-0.001213
-0.000599
-0.000391
-0.000387
-0.000313
-0.000267
-0.000279
-0.000419
-0.000740
-0.001247
-0.001769
-0.002051
-0.002344
-0.002691
-0.002917
-0.003281
-0.003470
-0.003388
-0.003389
-0.003281
-0.003129
-0.003070
-0.002664
-0.001834
-0.000872
0.000073
0.000741
0.000507
-0.000477
-0.001347
-0.001768
-0.001743
-0.001654
-0.001595
-0.001307
-0.000851
-0.000579
-0.001016
-0.002630
-0.004743
-0.005978
-0.006009
-0.005112
-0.004240
-0.004614
-0.006029
-0.007088
-0.006171
-0.002788
0.001515
0.004460
0.005095
0.003811
0.001645
-0.000209
-0.001140
-0.000925
0.000079
0.000944
0.001013
0.000635
0.000388
0.000302
0.000308
-0.000056
-0.000725
-0.000937
-0.000424
0.000697
0.001799
0.002142
0.001773
0.001009
0.000516
0.000806
0.001574
0.002528
0.003148
0.003342
0.003659
0.003914
0.003753
0.003225
0.002465
0.001828
0.001446
0.001319
0.001488
0.001461
0.000698
-0.000889
-0.002783
-0.003966
-0.003706
-0.002390
-0.000826
0.000636
0.001499
0.001756
0.001677
0.001375
0.001073
0.000807
0.000643
0.000685
0.000824
0.001001
0.001046
0.000921
0.001176
0.001733
0.002183
0.002257
0.001928
0.001640
0.001621
0.001896
0.002404
0.003206
0.004343
0.005588
0.006449
0.006735
0.006580
0.005997
0.005355
0.004964
0.004789
0.005067
0.005957
0.006944
0.007358
0.007121
0.006248
0.004985
0.004229
0.004240
0.004469
0.004684
0.004806
0.004683
0.004333
0.003863
0.003704
0.004038
0.004525
0.004905
0.005023
0.005163
0.005573
0.005883
0.006108
0.006340
0.006626
0.007009
0.007102
0.006673
0.005764
0.004908
0.004524
0.004383
0.004098
0.003721
0.003155
0.002392
0.001898
0.002078
0.003116
0.004400
0.005362
0.005774
0.005596
0.005026
0.004235
0.003490
0.002812
0.002267
0.002055
0.002196
0.002794
0.003678
0.004292
0.004440
0.004339
0.004111
0.003855
0.003583
0.003207
0.003026
0.003257
0.003806
0.004306
0.004188
0.003269
0.002101
0.001594
0.002115
0.003635
0.005389
0.006452
0.006717
0.006023
0.004745
0.003524
0.002623
0.002262
0.002053
0.001449
0.000447
-0.000340
-0.000146
0.001033
0.002567
0.003627
0.003692
0.003112
0.002429
0.001813
0.001409
0.001488
0.002039
0.002614
0.003021
0.003242
0.002944
0.001998
0.000968
0.000689
0.001506
0.002954
0.004271
0.004751
0.004218
0.003224
0.002361
0.001952
0.002151
0.003136
0.004761
0.006370
0.006977
0.005742
0.003452
0.001753
0.001690
0.003140
0.004509
0.004691
0.003693
0.002281
0.001564
0.001660
0.001928
0.001884
0.001489
0.001204
0.001503
0.002332
0.003237
0.003755
0.003539
0.002644
0.001701
0.001124
0.000619
-0.000029
-0.000369
0.000022
0.001140
0.002689
0.003736
0.003764
0.003018
0.001860
0.001013
0.000929
0.001414
0.002048
0.002341
0.002086
0.001418
0.000493
-0.000244
-0.000316
0.000220
0.000934
0.001541
0.001867
0.002040
0.002225
0.002075
0.001556
0.001287
0.001594
0.002079
0.002414
0.002450
0.002250
0.002197
0.002401
0.002629
0.002818
0.003294
0.004298
0.005600
0.006571
0.006638
0.005863
0.004677
0.003659
0.003401
0.003894
0.004705
0.005351
0.005430
0.004762
0.003766
0.003237
0.003495
0.004323
0.004995
0.004647
0.003417
0.002150
0.001361
0.001084
0.001143
0.001369
0.001605
0.002023
0.002720
0.003168
0.002946
0.002195
0.001470
0.001319
0.001474
0.001510
0.001382
0.000980
0.000332
-0.000540
-0.001596
-0.002504
-0.002544
-0.001530
-0.000069
0.001251
0.001722
0.001101
-0.000125
-0.001260
-0.001573
-0.000861
0.000145
0.000333
-0.000496
-0.001759
-0.002987
-0.003667
-0.003798
-0.003651
-0.003467
-0.003607
-0.003783
-0.003606
-0.002720
-0.001083
0.000326
0.000694
-0.000152
-0.002202
-0.004765
-0.006885
-0.008011
-0.007407
-0.005266
-0.002815
-0.000981
-0.000650
-0.001919
-0.004012
-0.006014
-0.006917
-0.006513
-0.005453
-0.004335
-0.003650
-0.003469
-0.003313
-0.002684
-0.001580
-0.000804
-0.001546
-0.003961
-0.006527
-0.007552
-0.006335
-0.003850
-0.001939
-0.001231
-0.001435
-0.002284
-0.003384
-0.004032
-0.004060
-0.003750
-0.003339
-0.003088
-0.002909
-0.002811
-0.003038
-0.003571
-0.003808
-0.003405
-0.002684
-0.001958
-0.001462
-0.000989
-0.000527
-0.000633
-0.001475
-0.002668
-0.003309
-0.003175
-0.002842
-0.002485
-0.002294
-0.002051
-0.001634
-0.001589
-0.001947
-0.002366
-0.002741
-0.003161
-0.003579
-0.003917
-0.004079
-0.003845
-0.003101
-0.002260
-0.001930
-0.002379
-0.003187
-0.003324
-0.002418
-0.001127
-0.000572
-0.001203
-0.002436
-0.003509
-0.003987
-0.003812
-0.003719
-0.004432
-0.005437
-0.005910
-0.005445
-0.004454
-0.003905
-0.003879
-0.003925
-0.003960
-0.003565
-0.003014
-0.002833
-0.002608
-0.002673
-0.003404
-0.004438
-0.005374
-0.005883
-0.005732
-0.004873
-0.003418
-0.001617
-0.000097
0.000717
0.000726
0.000094
-0.000420
-0.000381
0.000098
0.000569
0.000192
-0.000992
-0.002197
-0.002905
-0.002657
-0.001638
-0.000428
0.000460
0.000703
0.000358
-0.000443
-0.001072
-0.001369
-0.001363
-0.000908
-0.000344
0.000001
-0.000141
-0.000599
-0.001108
-0.001676
-0.002338
-0.002911
-0.003133
-0.003280
-0.003356
-0.003289
-0.003560
-0.003973
-0.004030
-0.003848
-0.003686
-0.003886
-0.004355
-0.004737
-0.005115
-0.005440
-0.005614
-0.005294
-0.004135
-0.002344
-0.000460
0.000688
0.000956
0.000499
-0.000281
-0.000746
-0.000928
-0.000838
-0.000674
-0.000571
-0.000481
-0.000336
0.000050
0.000389
0.000649
0.000935
0.001047
0.001214
0.001404
0.001243
0.000901
0.000380
-0.000102
-0.000258
-0.000280
-0.000053
0.000470
0.000593
0.000176
-0.000584
-0.001442
-0.001651
-0.001590
-0.001676
-0.001713
-0.001466
-0.000881
-0.000651
-0.001204
-0.002266
-0.003436
-0.004228
-0.004233
-0.003945
-0.003754
-0.003846
-0.004237
-0.004257
-0.003928
-0.003505
-0.003276
-0.003157
-0.002761
-0.002373
-0.002198
-0.002490
-0.003074
-0.003466
-0.003502
-0.003348
-0.003314
-0.003185
-0.002668
-0.001749
-0.000956
-0.000709
-0.000846
-0.001255
-0.001662
-0.001946
-0.002011
-0.001521
-0.001025
-0.000913
-0.001212
-0.001872
-0.002096
-0.001849
-0.001411
-0.000735
-0.000109
0.000117
-0.000010
-0.000564
-0.001391
-0.001785
-0.001685
-0.001371
-0.001150
-0.001141
-0.001001
-0.000514
0.000213
0.001082
0.001722
0.001855
0.001824
0.001839
0.002030
0.002468
0.002504
0.001916
0.001468
0.001251
0.001165
0.001355
0.001644
0.001566
0.000679
-0.000543
-0.001430
-0.001811
-0.001613
-0.000881
-0.000090
0.000223
0.000123
-0.000431
-0.001106
-0.001031
-0.000246
0.000540
0.000901
0.000695
-0.000072
-0.000639
-0.000967
-0.001369
-0.001629
-0.001810
-0.001623
-0.001360
-0.001442
-0.001682
-0.001966
-0.002138
-0.002244
-0.002126
-0.001540
-0.000694
0.000006
-0.000010
-0.000554
-0.001031
-0.001315
-0.001005
-0.000044
0.000872
0.001487
0.001875
0.001817
0.001316
0.000925
0.000996
0.001293
0.001443
0.001479
0.001536
0.001730
0.002249
0.002835
0.003371
0.003538
0.003009
0.001963
0.000822
0.000157
0.000061
0.000567
0.001128
0.000882
0.000101
-0.000648
-0.001307
-0.001733
-0.001916
-0.001985
-0.001563
-0.000426
0.001317
0.002952
0.003043
0.001569
-0.000232
-0.001056
-0.000534
0.000124
0.000056
-0.000795
-0.001481
-0.001106
-0.000003
0.001220
0.001820
0.001595
0.001136
0.000616
0.000468
0.001541
0.002989
0.003151
0.001792
-0.000346
-0.002022
-0.001934
-0.000181
0.001753
0.002679
0.002456
0.001569
0.000709
0.000448
0.001088
0.001719
0.001352
0.000685
0.000415
0.000563
0.000750
0.000625
0.000364
-0.000204
-0.000930
-0.000979
0.000456
0.003383
0.005871
0.006145
0.004018
0.000443
-0.002237
-0.002882
-0.001952
-0.000277
0.000972
0.001367
0.001009
0.000573
0.000627
0.000831
0.000843
-0.000315
-0.002478
-0.003384
-0.001949
0.000682
0.002563
0.002495
0.000889
-0.001084
-0.002653
-0.003333
-0.003401
-0.003186
-0.002452
-0.001376
-0.000541
-0.000458
-0.001187
-0.002154
-0.002240
-0.000897
0.001566
0.004150
0.005066
0.003644
0.001091
-0.000824
-0.001021
0.000647
0.003184
0.004780
0.004702
0.003440
0.002261
0.002039
0.002739
0.003806
0.004185
0.003377
0.002307
0.002209
0.003086
0.004197
0.004361
0.003134
0.001255
-0.000313
-0.000805
-0.000059
0.000999
0.001413
0.001107
0.000377
-0.000318
-0.001004
-0.002079
-0.003227
-0.003464
-0.002237
0.000089
0.002469
0.003698
0.002889
0.000261
-0.002823
-0.004604
-0.003848
-0.001073
0.001332
0.001619
-0.000209
-0.002655
-0.003506
-0.002375
-0.000382
0.000893
0.000482
-0.000872
-0.001540
-0.000950
0.000228
0.001235
0.001403
0.000493
-0.001143
-0.002260
-0.002060
-0.001033
-0.000101
-0.000152
-0.001167
-0.002015
-0.002282
-0.002055
-0.001459
-0.001267
-0.001057
-0.000128
0.000969
0.001446
0.000828
-0.000743
-0.002035
-0.002198
-0.001392
-0.000231
-0.000185
-0.001426
-0.002684
-0.002994
-0.002229
-0.001506
-0.001976
-0.003095
-0.003213
-0.002070
-0.000834
-0.000897
-0.002354
-0.003762
-0.004309
-0.004033
-0.003446
-0.003196
-0.003315
-0.003167
-0.002089
-0.000426
0.001031
0.001709
0.001140
-0.000088
-0.001054
-0.001312
-0.000893
-0.000323
0.000071
0.000253
0.000186
-0.000403
-0.001322
-0.002066
-0.002224
-0.001520
-0.000575
0.000079
0.000651
0.001084
0.001167
0.000794
-0.000258
-0.001563
-0.002422
-0.002820
-0.002819
-0.002916
-0.002894
-0.002063
-0.000877
0.000155
0.000537
-0.000260
-0.001631
-0.002177
-0.001477
-0.000079
0.001158
0.001517
0.000981
0.000181
-0.000273
0.000072
0.001377
0.002523
0.002680
0.002178
0.001595
0.001843
0.002831
0.003386
0.003318
0.003183
0.003109
0.002918
0.002392
0.001596
0.001396
0.002088
0.002644
0.002806
0.002545
0.001822
0.001164
0.000772
0.000398
-0.000006
-0.000158
0.000360
0.001713
0.002925
0.003256
0.002986
0.002036
0.000648
-0.000211
-0.000434
-0.000121
0.000764
0.001812
0.002423
0.002438
0.002229
0.001729
0.001229
0.001088
0.001289
0.002091
0.003022
0.003497
0.003456
0.002868
0.001810
0.001008
0.001058
0.001737
0.002146
0.001860
0.001274
0.000540
0.000279
0.000674
0.001327
0.001696
0.001415
0.000757
0.000245
0.000074
-0.000063
-0.000208
-0.000024
0.000543
0.001244
0.002214
0.003121
0.003437
0.003057
0.002306
0.001594
0.000944
0.000891
0.001347
0.001554
0.001613
0.001343
0.001157
0.001934
0.003344
0.004863
0.005590
0.004864
0.003376
0.002282
0.002146
0.002697
0.003387
0.003559
0.002895
0.002089
0.001888
0.002222
0.002548
0.002091
0.001003
0.000403
0.000842
0.001971
0.002839
0.002698
0.001808
0.001275
0.001586
0.002312
0.002489
0.001643
0.000460
-0.000660
-0.001237
-0.001112
-0.000495
0.000256
0.000553
0.000759
0.001058
0.001101
0.000818
0.000562
0.000404
0.000550
0.001079
0.001279
0.001091
0.000660
0.000021
-0.000771
-0.001594
-0.001739
-0.000690
0.000760
0.001891
0.002600
0.002850
0.002713
0.001935
0.000596
-0.000599
-0.001096
-0.000787
0.000165
0.001215
0.002111
0.002424
0.001570
0.000212
-0.000571
-0.000448
0.000690
0.002368
0.003682
0.004279
0.003967
0.002997
0.001612
0.000117
-0.000827
-0.001141
-0.000939
-0.000549
-0.000529
-0.000527
-0.000563
-0.000919
-0.000994
-0.000853
-0.000526
0.000054
0.000607
0.000999
0.000827
0.000054
-0.000822
-0.001410
-0.001637
-0.001685
-0.001899
-0.002043
-0.001780
-0.001118
-0.000089
0.000601
0.000177
-0.001230
-0.002882
-0.003787
-0.003243
-0.002056
-0.001202
-0.000652
-0.000304
-0.000047
0.000015
-0.000260
-0.001080
-0.002216
-0.002932
-0.002963
-0.002428
-0.001877
-0.001433
-0.001001
-0.000795
-0.000750
-0.000702
-0.000643
-0.000778
-0.000854
-0.000909
-0.001133
-0.001149
-0.000956
-0.000702
-0.000372
-0.000302
-0.000776
-0.001777
-0.002839
-0.003331
-0.003157
-0.002728
-0.002491
-0.002771
-0.003702
-0.004641
-0.004978
-0.004564
-0.003611
-0.002592
-0.001878
-0.001542
-0.001521
-0.001694
-0.001722
-0.001654
-0.002130
-0.003095
-0.004056
-0.004631
-0.004265
-0.003278
-0.002259
-0.001466
-0.001079
-0.000905
-0.000686
-0.000603
-0.000909
-0.001551
-0.001903
-0.001737
-0.001465
-0.001262
-0.001362
-0.001261
-0.001007
-0.000844
-0.000623
-0.001106
-0.001797
-0.002300
-0.003178
-0.004037
-0.004382
-0.004189
-0.003881
-0.003456
-0.002644
-0.001717
-0.000790
-0.000204
-0.000333
-0.000947
-0.001586
-0.001836
-0.001730
-0.001690
-0.001936
-0.002536
-0.003192
-0.003775
-0.004346
-0.004687
-0.005022
-0.005270
-0.005154
-0.004694
-0.004119
-0.003625
-0.003089
-0.002543
-0.002298
-0.002735
-0.003756
-0.004839
-0.005549
-0.005503
-0.005271
-0.005316
-0.005206
-0.004805
-0.003963
-0.003011
-0.002389
-0.002174
-0.002431
-0.003230
-0.004127
-0.004298
-0.003611
-0.002230
-0.000790
-0.000153
-0.000614
-0.001660
-0.002469
-0.002714
-0.002421
-0.001939
-0.001391
-0.000854
-0.000744
-0.001086
-0.001810
-0.002616
-0.003154
-0.003448
-0.003170
-0.002538
-0.001850
-0.001178
-0.001319
-0.001878
-0.002163
-0.002178
-0.001669
-0.001513
-0.001785
-0.002084
-0.002819
-0.003094
-0.002381
-0.001027
0.000361
0.000992
0.000595
-0.000485
-0.001279
-0.001172
-0.000370
0.000497
0.000905
0.000511
-0.000427
-0.001102
-0.001538
-0.001668
-0.001504
-0.001419
-0.000956
-0.000197
0.000128
0.000137
0.000237
0.000491
0.000738
0.000746
0.000376
-0.000382
-0.001245
-0.001482
-0.000872
-0.000024
0.000737
0.001104
0.000924
0.000333
-0.000137
0.000012
0.000410
0.000618
0.000620
0.000509
0.000368
0.000346
0.000510
0.001074
0.001916
0.002548
0.002624
0.002148
0.001591
0.001019
0.000663
0.000815
0.001343
0.002189
0.002959
0.002958
0.001930
0.000866
0.000284
0.000114
0.000575
0.001172
0.001597
0.001691
0.001418
0.001139
0.000800
0.000392
0.000147
-0.000069
-0.000257
-0.000225
-0.000471
-0.000937
-0.001084
-0.000668
0.000483
0.001507
0.001716
0.001300
0.000842
0.000869
0.001040
0.001176
0.001091
0.000786
0.000647
0.000412
0.000239
0.000245
0.000142
0.000140
0.000270
0.000241
-0.000098
-0.000585
-0.000997
-0.001200
-0.001082
-0.001066
-0.001377
-0.001812
-0.002270
-0.002167
-0.001244
0.000077
0.001167
0.001509
0.001068
0.000054
-0.000884
-0.001299
-0.001283
-0.000726
0.000061
0.000754
0.001487
0.002280
0.003034
0.003616
0.003817
0.003558
0.003040
0.002326
0.001545
0.000949
0.000719
0.000612
0.000376
0.000167
0.000205
0.000314
0.000332
0.000561
0.000853
0.001263
0.001944
0.002282
0.002050
0.001601
0.001248
0.001510
0.002361
0.003114
0.003477
0.003300
0.002469
0.001482
0.000926
0.000848
0.001142
0.001548
0.001748
0.002002
0.002503
0.002921
0.003000
0.002483
0.001394
0.000125
-0.000903
-0.001478
-0.001721
-0.001650
-0.001411
-0.000889
0.000114
0.001267
0.002033
0.001865
0.000937
-0.000228
-0.000957
-0.001056
-0.001035
-0.001146
-0.001653
-0.002442
-0.002950
-0.002706
-0.001888
-0.000808
0.000211
0.000590
0.000567
0.000635
0.000751
0.001028
0.001324
0.001508
0.001756
0.001875
0.001766
0.001293
0.000562
0.000179
0.000445
0.001192
0.002141
0.002961
0.003310
0.003201
0.002636
0.001753
0.000839
0.000179
0.000083
0.000567
0.001186
0.001443
0.001164
0.000332
-0.000361
-0.000324
0.000302
0.001041
0.001264
0.000899
0.000095
-0.000755
-0.000943
-0.000536
0.000116
0.000947
0.001563
0.001665
0.001440
0.000997
0.000543
0.000304
0.000340
0.000719
0.001313
0.001890
0.002151
0.001950
0.001389
0.000989
0.001220
0.001946
0.002740
0.003170
0.003135
0.002618
0.001773
0.000986
0.000754
0.001432
0.002580
0.003369
0.003456
0.002910
0.002011
0.001212
0.000416
-0.000418
-0.000722
-0.000194
0.000901
0.002137
0.003182
0.003825
0.004181
0.004190
0.003679
0.002833
0.001979
0.001498
0.001417
0.001804
0.002505
0.003013
0.003018
0.002501
0.001959
0.001672
0.001669
0.001793
0.001817
0.001773
0.001772
0.001741
0.001566
0.001132
0.000282
-0.000664
-0.001348
-0.001426
-0.000697
0.000332
0.001359
0.002155
0.002261
0.001905
0.001387
0.000967
0.000882
0.000818
0.000591
-0.000018
-0.000867
-0.001369
-0.001311
-0.000760
-0.000046
0.000622
0.001219
0.001596
0.001545
0.000944
-0.000004
-0.000699
-0.000712
0.000005
0.001128
0.001852
0.001835
0.001302
0.000545
-0.000091
-0.000172
0.000360
0.001049
0.001520
0.001411
0.000874
0.000571
0.000764
0.001375
0.002145
0.002463
0.001995
0.001076
0.000488
0.000603
0.001141
0.001794
0.002187
0.002175
0.001865
0.001355
0.001064
0.001341
0.002047
0.002816
0.003137
0.002875
0.002465
0.002527
0.003174
0.003931
0.004433
0.004454
0.003997
0.003487
0.003345
0.003615
0.004146
0.004666
0.004876
0.004617
0.004002
0.003133
0.002249
0.001915
0.002194
0.002589
0.002619
0.002157
0.001480
0.000985
0.000871
0.000941
0.001021
0.001148
0.001175
0.001029
0.000718
0.000151
-0.000687
-0.001701
-0.002276
-0.002186
-0.001819
-0.001496
-0.001610
-0.002005
-0.002112
-0.001835
-0.001575
-0.001369
-0.001153
-0.001018
-0.000901
-0.000935
-0.001190
-0.001292
-0.000937
-0.000510
-0.000456
-0.000781
-0.000798
0.000011
0.001122
0.002080
0.002552
0.002330
0.001857
0.001346
0.000639
0.000176
0.000109
0.000090
-0.000039
-0.000442
-0.000939
-0.000993
-0.000688
-0.000541
-0.000740
-0.001312
-0.001844
-0.002048
-0.001862
-0.001293
-0.000784
-0.000761
-0.001364
-0.002256
-0.002811
-0.002693
-0.002266
-0.002006
-0.002210
-0.002730
-0.003063
-0.003092
-0.002700
-0.001888
-0.001014
-0.000483
-0.000475
-0.000826
-0.001623
-0.002781
-0.003640
-0.004017
-0.003975
-0.003493
-0.002855
-0.002507
-0.002439
-0.002403
-0.002465
-0.002483
-0.002450
-0.002393
-0.002227
-0.001995
-0.001725
-0.001753
-0.002217
-0.002907
-0.003494
-0.003443
-0.002895
-0.002330
-0.002056
-0.002245
-0.002628
-0.002934
-0.003058
-0.003082
-0.002970
-0.002391
-0.001181
0.000181
0.000784
0.000357
-0.000527
-0.001116
-0.001080
-0.000861
-0.000971
-0.001045
-0.000612
-0.000114
-0.000344
-0.001498
-0.002790
-0.003094
-0.001781
0.000519
0.002459
0.003092
0.002123
0.000316
-0.001437
-0.002431
-0.002448
-0.001868
-0.001076
-0.000771
-0.001216
-0.002274
-0.003452
-0.003832
-0.003153
-0.001846
-0.000564
0.000109
0.000123
-0.000194
-0.000722
-0.001387
-0.001858
-0.001783
-0.001064
-0.000043
0.000682
0.000746
0.000181
-0.000635
-0.001220
-0.001303
-0.001172
-0.001033
-0.000819
-0.000514
0.000154
0.000890
0.001074
0.000572
-0.000440
-0.001494
-0.002105
-0.002075
-0.001586
-0.000983
-0.000516
-0.000433
-0.000718
-0.000976
-0.000816
-0.000433
-0.000214
-0.000156
-0.000221
-0.000332
-0.000487
-0.000682
-0.000845
-0.001009
-0.001072
-0.000891
-0.000550
-0.000403
-0.000624
-0.000965
-0.001148
-0.000826
-0.000035
0.000524
0.000587
0.000479
0.000529
0.000865
0.001256
0.001354
0.001115
0.000706
0.000284
-0.000045
-0.000245
-0.000311
-0.000250
-0.000054
0.000169
0.000537
0.001100
0.001384
0.001102
0.000467
-0.000052
-0.000214
-0.000075
0.000201
0.000541
0.000709
0.000476
0.000121
-0.000169
-0.000333
-0.000388
-0.000368
-0.000193
0.000041
0.000141
-0.000067
-0.000448
-0.000637
-0.000381
0.000288
0.000977
0.001192
0.001008
0.000822
0.000941
0.001536
0.002107
0.002214
0.001991
0.001596
0.001075
0.000603
0.000503
0.000846
0.001656
0.002499
0.002691
0.002247
0.001258
0.000249
-0.000099
0.000183
0.001067
0.002167
0.002628
0.002222
0.001290
0.000433
0.000099
0.000198
0.000304
0.000185
0.000035
0.000056
0.000378
0.000891
0.001343
0.001609
0.001545
0.001286
0.001165
0.001390
0.001925
0.002381
0.002495
0.002209
0.001713
0.001476
0.001478
0.001263
0.000844
0.000467
0.000249
0.000202
0.000208
0.000475
0.001135
0.001722
0.001903
0.001617
0.001016
0.000685
0.000862
0.001072
0.001040
0.000656
-0.000031
-0.000414
-0.000515
-0.000625
-0.000655
-0.000706
-0.000659
-0.000315
0.000071
0.000253
0.000293
0.000337
0.000562
0.000908
0.001295
0.001504
0.001418
0.001401
0.001538
0.001935
0.002691
0.003235
0.003041
0.002232
0.001339
0.000625
0.000234
0.000386
0.000768
0.001126
0.001570
0.001884
0.001913
0.001730
0.001402
0.001148
0.001128
0.001243
0.001389
0.001605
0.001845
0.001936
0.001957
0.002005
0.001954
0.001857
0.001608
0.001311
0.001351
0.001634
0.001936
0.002206
0.002353
0.002248
0.001926
0.001422
0.001002
0.000793
0.000818
0.001046
0.001093
0.000897
0.000563
0.000157
-0.000184
-0.000354
-0.000478
-0.000570
-0.000675
-0.000929
-0.000988
-0.000814
-0.000674
-0.000710
-0.001152
-0.001932
-0.002698
-0.003158
-0.003168
-0.002840
-0.002304
-0.001601
-0.000904
-0.000340
0.000041
0.000024
-0.000280
-0.000643
-0.001002
-0.001093
-0.000762
-0.000068
0.000643
0.001021
0.001048
0.000852
0.000557
0.000162
-0.000281
-0.000352
0.000074
0.000780
0.001596
0.001990
0.001665
0.000875
0.000148
-0.000031
0.000349
0.001033
0.001400
0.001343
0.001363
0.001451
0.001661
0.001840
0.001875
0.002112
0.002563
0.003010
0.003209
0.003021
0.002518
0.001896
0.001373
0.001125
0.001138
0.001390
0.001860
0.002290
0.002365
0.002029
0.001538
0.001100
0.001093
0.001704
0.002670
0.003472
0.003429
0.002451
0.001038
0.000155
0.000284
0.000795
0.001118
0.000991
0.000502
0.000531
0.001428
0.002258
0.002202
0.001408
0.000516
0.000039
0.000136
0.000454
0.000608
0.000564
0.000513
0.000453
0.000352
0.000320
0.000226
0.000058
0.000026
0.000356
0.001103
0.001922
0.002342
0.002292
0.002057
0.001932
0.002083
0.002340
0.002621
0.002810
0.002862
0.002861
0.002498
0.002059
0.001943
0.002233
0.002779
0.003193
0.003354
0.003320
0.003318
0.003347
0.003586
0.003922
0.003846
0.003417
0.002920
0.002572
0.002564
0.002825
0.003090
0.003189
0.002940
0.002503
0.002063
0.001534
0.001136
0.001001
0.000927
0.001112
0.001506
0.001830
0.002181
0.001987
0.001135
0.000153
-0.000676
-0.001220
-0.001285
-0.000647
0.000394
0.001438
0.002017
0.001988
0.001390
0.000304
-0.000714
-0.001160
-0.000753
0.000336
0.001605
0.002373
0.002064
0.001083
0.000213
-0.000082
0.000274
0.000927
0.001407
0.001540
0.001483
0.001594
0.002064
0.002580
0.002682
0.002258
0.001709
0.001323
0.001128
0.001216
0.001566
0.002116
0.002689
0.003036
0.003002
0.002586
0.001967
0.001415
0.001114
0.000943
0.000893
0.001092
0.001566
0.002123
0.002466
0.002365
0.001953
0.001426
0.000900
0.000782
0.000762
0.000415
-0.000094
-0.000682
-0.001070
-0.000969
-0.000626
-0.000390
-0.000133
0.000300
0.000702
0.000784
0.000611
0.000450
0.000273
0.000211
0.000388
0.000582
0.000764
0.000893
0.000794
0.000738
0.000911
0.001359
0.001872
0.002108
0.002308
0.002451
0.002323
0.001696
0.001076
0.000370
0.000571
0.001288
0.002060
0.002402
0.002328
0.002015
0.001763
0.001758
0.001701
0.001426
0.000873
0.000095
-0.000501
-0.000616
-0.000470
-0.000140
0.000356
0.000819
0.001287
0.001708
0.001719
0.001227
0.000592
0.000272
0.000352
0.000659
0.001070
0.001229
0.001201
0.001036
0.000635
0.000431
0.000488
0.000758
0.001380
0.001976
0.001940
0.001356
0.000755
0.000294
0.000001
-0.000129
0.000006
0.000344
0.000352
-0.000007
-0.000498
-0.000896
-0.000949
-0.000876
-0.000780
-0.000476
-0.000204
-0.000164
-0.000574
-0.001369
-0.002078
-0.002509
-0.002381
-0.001798
-0.001280
-0.001307
-0.001924
-0.002572
-0.002863
-0.002564
-0.001967
-0.001651
-0.001524
-0.001422
-0.001131
-0.000639
-0.000440
-0.000733
-0.001266
-0.001689
-0.001582
-0.001024
-0.000478
0.000058
0.000464
0.000384
-0.000229
-0.001028
-0.001554
-0.001406
-0.000675
0.000106
0.000414
0.000109
-0.000459
-0.000895
-0.001002
-0.000826
-0.000583
-0.000344
-0.000018
0.000219
0.000235
0.000022
-0.000223
-0.000400
-0.000485
-0.000420
-0.000527
-0.000801
-0.001017
-0.001176
-0.001247
-0.001148
-0.000730
-0.000407
-0.000617
-0.001126
-0.001563
-0.001432
-0.000743
-0.000340
-0.000674
-0.001116
-0.001098
-0.000580
0.000112
0.000360
0.000123
-0.000120
-0.000169
-0.000093
-0.000090
-0.000157
-0.000109
-0.000029
0.000008
-0.000033
-0.000069
-0.000037
-0.000155
-0.000317
-0.000580
-0.001013
-0.001430
-0.001821
-0.001816
-0.001356
-0.000781
-0.000360
-0.000454
-0.001005
-0.001681
-0.002266
-0.002484
-0.002494
-0.002477
-0.002398
-0.002318
-0.001972
-0.001311
-0.000679
-0.000379
-0.000623
-0.001148
-0.001380
-0.001405
-0.001600
-0.001955
-0.002330
-0.002685
-0.002703
-0.002135
-0.001500
-0.001208
-0.001196
-0.001621
-0.002533
-0.003225
-0.003082
-0.002230
-0.001297
-0.000814
-0.000731
-0.000843
-0.001089
-0.001478
-0.001901
-0.002206
-0.002096
-0.001387
-0.000615
-0.000225
-0.000333
-0.000793
-0.001125
-0.001199
-0.001025
-0.000682
-0.000409
-0.000163
0.000239
0.000732
0.001124
0.001181
0.001093
0.001916
0.004891
0.010184
0.014840
0.013402
0.002096
-0.016389
-0.032000
-0.035042
-0.024077
-0.005522
0.010653
0.016880
0.013107
0.005606
0.000583
-0.000428
0.000815
0.002990
0.006112
0.009163
0.009693
0.006696
0.001735
-0.003060
-0.006269
-0.006971
-0.004805
-0.000298
0.004700
0.007452
0.006062
0.001668
-0.002126
-0.002776
-0.000778
0.001767
0.003095
0.002306
-0.000121
-0.002724
-0.003889
-0.002848
-0.000388
0.002179
0.003765
0.003910
0.002797
0.001080
-0.000172
-0.000324
0.000350
0.001115
0.001405
0.001411
0.001299
0.000498
-0.001330
-0.003443
-0.004295
-0.003355
-0.001405
0.000440
0.001240
0.000458
-0.002218
-0.005866
-0.008380
-0.007977
-0.004649
-0.000388
0.002527
0.002905
0.000971
-0.001801
-0.004008
-0.004791
-0.003790
-0.001615
0.000651
0.001896
0.001231
-0.001211
-0.004098
-0.005684
-0.005070
-0.002758
0.000130
0.002284
0.002697
0.001458
-0.000185
-0.001176
-0.001475
-0.001351
-0.000977
-0.000517
-0.000231
-0.000360
-0.001015
-0.001917
-0.002454
-0.002157
-0.001318
-0.000701
-0.000662
-0.001056
-0.001401
-0.001404
-0.001244
-0.001122
-0.001108
-0.001209
-0.001605
-0.002222
-0.002706
-0.002998
-0.002851
-0.002071
-0.000747
0.000819
0.001846
0.001827
0.000943
-0.000153
-0.000800
-0.001017
-0.001319
-0.001928
-0.002332
-0.002070
-0.001413
-0.000700
-0.000062
0.000269
0.000201
-0.000069
-0.000503
-0.001085
-0.001788
-0.002584
-0.003201
-0.003308
-0.002671
-0.001477
-0.000261
0.000476
0.000488
0.000073
-0.000306
-0.000416
-0.000229
0.000079
0.000357
0.000359
-0.000148
-0.001050
-0.001924
-0.002166
-0.001633
-0.000818
-0.000427
-0.000830
-0.001857
-0.003053
-0.003577
-0.002906
-0.001489
-0.000288
-0.000041
-0.000533
-0.001017
-0.001060
-0.000769
-0.000370
-0.000022
0.000104
-0.000118
-0.000731
-0.001198
-0.001033
-0.000497
-0.000098
-0.000250
-0.000859
-0.001366
-0.001433
-0.001070
-0.000528
-0.000079
0.000150
0.000156
0.000106
0.000153
0.000217
0.000118
-0.000186
-0.000582
-0.000861
-0.000963
-0.000909
-0.000717
-0.000506
-0.000349
-0.000272
-0.000324
-0.000491
-0.000706
-0.000818
-0.000655
-0.000280
0.000116
0.000282
0.000067
-0.000526
-0.001254
-0.001723
-0.001680
-0.001148
-0.000350
0.000400
0.000782
0.000670
0.000231
-0.000183
-0.000376
-0.000304
0.000034
0.000452
0.000694
0.000627
0.000292
-0.000180
-0.000638
-0.001028
-0.001215
-0.000993
-0.000444
0.000268
0.000916
0.001229
0.001212
0.001092
0.000978
0.000807
0.000483
0.000003
-0.000448
-0.000595
-0.000223
0.000414
0.000867
0.000875
0.000414
-0.000133
-0.000430
-0.000340
0.000133
0.000745
0.001153
0.001074
0.000536
-0.000082
-0.000380
-0.000298
-0.000067
0.000074
0.000014
-0.000161
-0.000291
-0.000283
-0.000113
0.000169
0.000448
0.000656
0.000717
0.000504
0.000074
-0.000363
-0.000577
-0.000512
-0.000299
-0.000089
-0.000034
-0.000164
-0.000356
-0.000510
-0.000595
-0.000636
-0.000702
-0.000802
-0.000815
-0.000615
-0.000213
0.000180
0.000284
0.000126
-0.000044
-0.000144
-0.000269
-0.000467
-0.000617
-0.000583
-0.000379
-0.000190
-0.000264
-0.000627
-0.001092
-0.001438
-0.001476
-0.001180
-0.000736
-0.000353
-0.000185
-0.000340
-0.000721
-0.001070
-0.001221
-0.001104
-0.000800
-0.000529
-0.000412
-0.000428
-0.000483
-0.000479
-0.000411
-0.000354
-0.000397
-0.000539
-0.000678
-0.000706
-0.000607
-0.000514
-0.000536
-0.000675
-0.000844
-0.000902
-0.000810
-0.000641
-0.000509
-0.000494
-0.000555
-0.000643
-0.000734
-0.000748
-0.000647
-0.000468
-0.000281
-0.000166
-0.000177
-0.000303
-0.000498
-0.000671
-0.000734
-0.000703
-0.000657
-0.000643
-0.000666
-0.000705
-0.000719
-0.000694
-0.000639
-0.000595
-0.000579
-0.000585
-0.000605
-0.000598
-0.000582
-0.000575
-0.000560
-0.000506
-0.000436
-0.000403
-0.000432
-0.000571
-0.000774
-0.000933
-0.000949
-0.000840
-0.000690
-0.000548
-0.000460
-0.000436
-0.000471
-0.000540
-0.000615
-0.000659
-0.000649
-0.000598
-0.000519
-0.000438
-0.000364
-0.000342
-0.000386
-0.000434
-0.000440
-0.000397
-0.000345
-0.000308
-0.000287
-0.000298
-0.000334
-0.000379
-0.000401
-0.000386
-0.000343
-0.000287
-0.000249
-0.000243
-0.000253
-0.000277
-0.000314
-0.000347
-0.000352
-0.000312
-0.000257
-0.000208
-0.000173
-0.000157
-0.000158
-0.000184
-0.000215
-0.000235
-0.000237
-0.000208
-0.000168
-0.000125
-0.000085
-0.000079
-0.000105
-0.000137
-0.000159
-0.000151
-0.000109
-0.000068
-0.000054
-0.000061
-0.000074
-0.000070
-0.000028
0.000036
0.000085
0.000087
0.000054
0.000014
0.000002
0.000029
0.000070
0.000101
0.000121
0.000128
0.000120
0.000104
0.000098
0.000109
0.000135
0.000157
0.000165
0.000161
0.000153
0.000159
0.000176
0.000191
0.000201
0.000204
0.000199
0.000197
0.000202
0.000213
0.000226
0.000234
0.000239
0.000239
0.000245
0.000255
0.000260
0.000266
0.000273
0.000279
0.000284
0.000289
0.000295
0.000300
0.000304
0.000307
0.000315
0.000319
0.000319
0.000320
0.000323
0.000326
0.000333
0.000344
0.000352
0.000355
0.000358
0.000360
0.000362
0.000366
0.000372
0.000380
0.000388
0.000394
0.000398
0.000403
0.000412
0.000425
0.000439
0.000444
0.000437
0.000428
0.000424
0.000425
0.000432
0.000440
0.000445
0.000452
0.000459
0.000464
0.000468
0.000471
0.000474
0.000479
0.000483
0.000487
0.000491
0.000493
0.000495
0.000495
0.000497
0.000499
0.000501
0.000505
0.000509
0.000512
0.000515
0.000517
0.000520
0.000523
0.000526
0.000527
0.000529
0.000530
0.000531
0.000533
0.000535
0.000537
0.000539
0.000540
0.000542
0.000543
0.000544
0.000545
0.000546
0.000547
0.000548
0.000549
0.000550
0.000551
0.000551
0.000551
0.000552
0.000552
0.000553
0.000553
0.000553
0.000553
0.000553
0.000553
0.000553
0.000552
0.000552
0.000551
0.000551
0.000550
0.000550
0.000548
0.000547
0.000547
0.000546
0.000544
