-0.043633
-0.052021
-0.034969
0.003397
0.005235
0.006432
0.006864
0.007056
0.007124
0.007093
0.007007
0.006917
0.006843
0.006768
0.006676
0.006579
0.006513
0.006497
0.006514
0.006523
0.006510
0.006500
0.006524
0.006578
0.006633
0.006673
0.006705
0.006735
0.006737
0.006681
0.006589
0.006511
0.006487
0.006534
0.006625
0.006714
0.006777
0.006826
0.006873
0.006896
0.006847
0.006715
0.006522
0.006302
0.006089
0.005892
0.005728
0.005628
0.005614
0.005711
0.005926
0.006187
0.006395
0.006507
0.006547
0.006585
0.006663
0.006765
0.006865
0.006945
0.006984
0.006902
0.006601
0.006113
0.005588
0.005202
0.005053
0.005122
0.005351
0.005679
0.006043
0.006383
0.006633
0.006799
0.006940
0.007087
0.007236
0.007374
0.007501
0.007609
0.007689
0.007726
0.007677
0.007495
0.007145
0.006690
0.006267
0.005971
0.005816
0.005735
0.005716
0.005881
0.006332
0.006994
0.007660
0.008135
0.008272
0.008047
0.007629
0.007182
0.006744
0.006273
0.005737
0.005223
0.004929
0.005101
0.005884
0.007138
0.008395
0.009098
0.008815
0.007417
0.005345
0.003446
0.002480
0.002660
0.003516
0.004437
0.005252
0.006142
0.007258
0.008564
0.009879
0.010897
0.011244
0.010792
0.009901
0.009009
0.008209
0.007442
0.006728
0.006084
0.005409
0.004372
0.002618
0.000327
-0.001723
-0.002747
-0.002450
-0.001004
0.001140
0.003469
0.005804
0.008084
0.009783
0.010374
0.010018
0.009267
0.008399
0.007488
0.006843
0.006906
0.007988
0.010045
0.012508
0.014485
0.014701
0.012145
0.007711
0.003447
0.000293
-0.002038
-0.003911
-0.005327
-0.006061
-0.005760
-0.003935
-0.000373
0.004195
0.008536
0.011822
0.013698
0.013970
0.012748
0.010666
0.008416
0.006595
0.005721
0.005625
0.005568
0.004967
0.003768
0.002357
0.001320
0.001018
0.001165
0.001220
0.000941
0.000340
-0.000526
-0.001563
-0.002566
-0.003399
-0.003858
-0.003109
0.000206
0.006504
0.014227
0.021031
0.025746
0.029175
0.032772
0.036338
0.037547
0.033692
0.024466
0.013149
0.003078
-0.005479
-0.013307
-0.020355
-0.026020
-0.029201
-0.028521
-0.022732
-0.011727
0.001682
0.012958
0.019634
0.023118
0.026611
0.031359
0.036001
0.038493
0.037839
0.034929
0.031186
0.026755
0.020599
0.012011
0.001754
-0.008223
-0.015680
-0.019612
-0.020408
-0.018367
-0.013782
-0.007141
0.000692
0.007675
0.012172
0.014938
0.018031
0.022307
0.027026
0.031302
0.034457
0.034848
0.029634
0.018344
0.005229
-0.004040
-0.006297
-0.003106
0.000835
0.002105
0.000193
-0.002980
-0.005223
-0.006175
-0.006497
-0.006703
-0.006883
-0.006986
-0.007493
-0.008707
-0.009968
-0.009835
-0.006367
0.000675
0.008226
0.012896
0.014538
0.015466
0.017199
0.019310
0.020413
0.019104
0.014625
0.007883
0.001175
-0.004080
-0.008098
-0.012258
-0.017123
-0.020865
-0.021131
-0.017618
-0.011951
-0.004588
0.005826
0.019733
0.034531
0.045771
0.050962
0.051228
0.049947
0.049134
0.047234
0.040551
0.027172
0.009667
-0.007980
-0.023535
-0.037210
-0.050703
-0.063679
-0.072942
-0.074481
-0.065620
-0.047971
-0.026885
-0.008518
0.003758
0.012605
0.022421
0.033737
0.043580
0.047854
0.045124
0.038474
0.033194
0.032714
0.037358
0.046770
0.059471
0.071522
0.078435
0.078779
0.074783
0.069070
0.062066
0.050826
0.031715
0.005577
-0.022263
-0.045033
-0.057069
-0.057707
-0.051623
-0.044051
-0.036372
-0.024839
-0.004355
0.024691
0.052678
0.067927
0.068999
0.062506
0.052122
0.036715
0.014683
-0.011634
-0.034600
-0.046078
-0.045667
-0.041384
-0.039708
-0.040161
-0.040009
-0.039982
-0.044530
-0.055130
-0.066468
-0.070775
-0.064436
-0.050697
-0.038097
-0.033207
-0.033177
-0.031186
-0.022651
-0.005888
0.017034
0.042487
0.067609
0.090143
0.106498
0.110705
0.097707
0.071945
0.048058
0.035492
0.030316
0.023863
0.012532
-0.001667
-0.015652
-0.026090
-0.028323
-0.019584
-0.003383
0.011536
0.017159
0.013199
0.006538
0.003791
0.008100
0.019089
0.033035
0.047241
0.062518
0.079448
0.095289
0.105997
0.110457
0.110468
0.107757
0.102249
0.089863
0.063741
0.021664
-0.024244
-0.052817
-0.057098
-0.049506
-0.042786
-0.037848
-0.027854
-0.007650
0.018338
0.040322
0.053779
0.060879
0.066983
0.074529
0.081406
0.083790
0.079269
0.072458
0.072967
0.085117
0.100024
0.099935
0.076116
0.033999
-0.027534
-0.115038
-0.217588
-0.311027
-0.381300
-0.429252
-0.456262
-0.457207
-0.415108
-0.300345
-0.106668
0.116172
0.301072
0.417294
0.478076
0.507756
0.504080
0.442886
0.307202
0.112483
-0.092526
-0.271854
-0.424460
-0.540568
-0.602370
-0.624894
-0.634071
-0.619680
-0.525865
-0.280734
0.115101
0.516307
0.746838
0.788458
0.766141
0.769530
0.770107
0.706489
0.559658
0.335193
0.057255
-0.228951
-0.497357
-0.738294
-0.907300
-0.966225
-0.960459
-0.965518
-0.996421
-1.021774
-1.018691
-0.989330
-0.947289
-0.891835
-0.799196
-0.593439
-0.165889
0.440372
0.951412
1.124058
1.021258
0.878598
0.781300
0.651223
0.445164
0.201476
-0.037014
-0.262096
-0.481256
-0.672743
-0.792486
-0.838540
-0.848049
-0.844965
-0.830961
-0.796031
-0.710136
-0.425308
0.218975
0.902281
1.055862
0.743755
0.474348
0.432790
0.447684
0.361768
0.187091
0.009553
-0.129208
-0.246379
-0.361138
-0.449565
-0.454694
-0.343246
-0.149624
0.031053
0.116308
0.118758
0.118849
0.167750
0.253120
0.330089
0.356120
0.288249
0.151013
0.071490
0.098731
0.172593
0.248791
0.280888
0.219010
0.087211
-0.048462
-0.162112
-0.245999
-0.299276
-0.345848
-0.402044
-0.457590
-0.488254
-0.471914
-0.395876
-0.271828
-0.151189
-0.076939
-0.038676
-0.008573
0.018412
0.034895
0.039763
0.029685
-0.005117
-0.063733
-0.131560
-0.189522
-0.215478
-0.198171
-0.142094
-0.070308
-0.029358
-0.035398
-0.041599
-0.001552
0.074877
0.146777
0.193660
0.215445
0.207115
0.170351
0.129194
0.106171
0.093749
0.067239
0.017202
-0.040781
-0.076014
-0.065150
-0.005095
0.094920
0.206793
0.283586
0.293277
0.247634
0.183152
0.124528
0.089641
0.090761
0.113892
0.126657
0.109104
0.071032
0.035299
0.012995
0.003931
0.013179
0.049529
0.097323
0.115178
0.082352
0.022699
-0.024833
-0.037268
-0.013594
0.034094
0.093504
0.157635
0.220102
0.273647
0.313717
0.333710
0.323254
0.275833
0.197897
0.105554
0.007190
-0.104577
-0.237661
-0.371852
-0.463926
-0.487054
-0.445780
-0.362549
-0.252605
-0.109862
0.057136
0.200369
0.285434
0.335539
0.391840
0.452992
0.477606
0.438257
0.350300
0.249820
0.162027
0.090862
0.025724
-0.040285
-0.102162
-0.153805
-0.191800
-0.209980
-0.197578
-0.146128
-0.060094
0.031872
0.093568
0.118583
0.127725
0.140867
0.161109
0.183082
0.208491
0.246828
0.293760
0.315435
0.284702
0.209669
0.123804
0.065848
0.054425
0.077771
0.099485
0.080894
0.004090
-0.103144
-0.192771
-0.249753
-0.263618
-0.221213
-0.148206
-0.096618
-0.088544
-0.093559
-0.075490
-0.042361
-0.026232
-0.031955
-0.036290
-0.020118
0.009110
0.025224
0.016605
0.000827
0.006056
0.038296
0.072716
0.081272
0.054620
-0.002266
-0.076232
-0.150009
-0.216362
-0.264340
-0.272851
-0.244959
-0.204007
-0.166765
-0.142463
-0.138435
-0.153138
-0.167806
-0.158513
-0.109634
-0.020494
0.077349
0.134806
0.136586
0.110669
0.095700
0.118918
0.181634
0.246927
0.262955
0.211639
0.113681
0.005369
-0.075105
-0.116837
-0.129946
-0.113943
-0.071825
-0.022995
0.016335
0.046198
0.072496
0.092647
0.098398
0.092131
0.091513
0.107914
0.123957
0.110417
0.051828
-0.041900
-0.131582
-0.181070
-0.178717
-0.120773
-0.007777
0.135630
0.255107
0.303210
0.278443
0.220895
0.170448
0.139872
0.127776
0.125686
0.120600
0.110785
0.099125
0.073483
0.020022
-0.053991
-0.121529
-0.149760
-0.133838
-0.109542
-0.113520
-0.147423
-0.185754
-0.209637
-0.214445
-0.192000
-0.119724
0.005575
0.132151
0.205717
0.217526
0.180220
0.105882
0.010548
-0.081685
-0.148932
-0.186638
-0.206813
-0.219922
-0.222879
-0.208964
-0.179789
-0.130415
-0.037678
0.098078
0.225378
0.292069
0.293422
0.257393
0.200278
0.110279
-0.016853
-0.147887
-0.248695
-0.313735
-0.339759
-0.319221
-0.259978
-0.173921
-0.068951
0.023067
0.060710
0.049013
0.039927
0.067606
0.107489
0.118324
0.099956
0.090206
0.114949
0.158630
0.190715
0.194190
0.157965
0.067990
-0.053603
-0.133531
-0.132111
-0.091118
-0.069587
-0.080756
-0.092782
-0.065004
0.009818
0.093252
0.140251
0.134943
0.081404
-0.004392
-0.084425
-0.120632
-0.107992
-0.059046
0.015472
0.090525
0.130728
0.128660
0.115754
0.129105
0.172436
0.215218
0.225409
0.193431
0.130123
0.055181
-0.006015
-0.038118
-0.042050
-0.025805
-0.006578
0.000605
-0.001400
-0.001184
-0.001955
-0.019043
-0.052596
-0.084168
-0.099479
-0.098822
-0.086923
-0.068355
-0.053925
-0.055033
-0.066296
-0.059745
-0.007859
0.073893
0.136393
0.158765
0.162417
0.171572
0.183557
0.174967
0.129716
0.060905
-0.003821
-0.055868
-0.101060
-0.138267
-0.164029
-0.182357
-0.200060
-0.219329
-0.237133
-0.247007
-0.239116
-0.203553
-0.132538
-0.022697
0.122442
0.267239
0.341513
0.317713
0.228362
0.108819
-0.012406
-0.106354
-0.155198
-0.164935
-0.165598
-0.182676
-0.211409
-0.225917
-0.196516
-0.101330
0.044757
0.172864
0.214276
0.169706
0.100547
0.064201
0.069903
0.084815
0.072241
0.023168
-0.044704
-0.101718
-0.114906
-0.066104
0.029585
0.124332
0.169570
0.163300
0.140063
0.114428
0.068728
-0.005346
-0.082577
-0.132433
-0.153439
-0.165724
-0.183241
-0.201223
-0.198719
-0.149828
-0.048960
0.069907
0.158272
0.198417
0.215088
0.244448
0.291756
0.327653
0.327686
0.291531
0.224674
0.135226
0.040562
-0.043982
-0.111053
-0.161042
-0.198930
-0.221453
-0.215449
-0.174168
-0.116876
-0.081093
-0.082356
-0.097582
-0.092316
-0.049393
0.023397
0.101405
0.164779
0.208943
0.223717
0.185476
0.099723
0.022748
0.005432
0.041423
0.086383
0.108329
0.100148
0.062660
0.005622
-0.048132
-0.075920
-0.071454
-0.046828
-0.023441
-0.016308
-0.023755
-0.028624
-0.006111
0.058553
0.160180
0.274163
0.355321
0.363587
0.298858
0.187281
0.060419
-0.048035
-0.125696
-0.188420
-0.250949
-0.310175
-0.356733
-0.386039
-0.392166
-0.360043
-0.271645
-0.120462
0.072129
0.242090
0.320555
0.312032
0.286493
0.291489
0.313069
0.305166
0.239437
0.122105
-0.029071
-0.182864
-0.299423
-0.364502
-0.386457
-0.369718
-0.315026
-0.237575
-0.162173
-0.098485
-0.037032
0.035055
0.124265
0.218037
0.285914
0.313886
0.313262
0.296265
0.266369
0.226156
0.177757
0.120084
0.053436
-0.023918
-0.103020
-0.158331
-0.177614
-0.168209
-0.142435
-0.115242
-0.097978
-0.092611
-0.094599
-0.093947
-0.082158
-0.062397
-0.044121
-0.032687
-0.028841
-0.028368
-0.017008
0.027038
0.111039
0.212918
0.294511
0.323632
0.294275
0.233158
0.183982
0.166967
0.158818
0.125867
0.058164
-0.027884
-0.104648
-0.151479
-0.164247
-0.151437
-0.122577
-0.083886
-0.050418
-0.040319
-0.047736
-0.044792
-0.013002
0.036300
0.074722
0.080685
0.047998
-0.006143
-0.046452
-0.052909
-0.035154
-0.018876
-0.027918
-0.064350
-0.106966
-0.134149
-0.134748
-0.106221
-0.062521
-0.027014
-0.010769
-0.006397
0.000175
0.014492
0.035070
0.061083
0.088646
0.110210
0.121344
0.123283
0.118046
0.101585
0.065575
0.006671
-0.064906
-0.126386
-0.161553
-0.175452
-0.182563
-0.188174
-0.186549
-0.168792
-0.124882
-0.057716
0.005024
0.042209
0.061934
0.076904
0.083157
0.067775
0.029092
-0.012248
-0.034084
-0.039685
-0.044724
-0.053293
-0.060175
-0.063283
-0.064863
-0.064674
-0.055936
-0.028494
0.015471
0.053727
0.062684
0.040080
0.001980
-0.037829
-0.072247
-0.098596
-0.121480
-0.145217
-0.165713
-0.173351
-0.159108
-0.117728
-0.053060
0.017517
0.070973
0.097421
0.105344
0.101514
0.083034
0.046159
-0.008496
-0.065143
-0.100052
-0.108230
-0.101709
-0.089320
-0.070838
-0.043382
-0.010891
0.016180
0.031762
0.037610
0.036861
0.032626
0.028289
0.025090
0.022621
0.019182
0.010663
-0.006529
-0.029433
-0.048881
-0.057157
-0.054891
-0.048686
-0.043151
-0.038016
-0.031774
-0.026202
-0.025735
-0.032500
-0.042869
-0.048461
-0.041267
-0.017657
0.019903
0.058967
0.083597
0.089334
0.083243
0.073428
0.062024
0.044336
0.015774
-0.019662
-0.051252
-0.073135
-0.087168
-0.094245
-0.090517
-0.067224
-0.016979
0.051240
0.110799
0.139444
0.136021
0.109244
0.069616
0.034156
0.015381
0.006993
-0.006658
-0.032883
-0.067034
-0.095935
-0.105976
-0.095448
-0.074601
-0.054085
-0.037587
-0.021947
-0.002211
0.022972
0.048814
0.066600
0.071360
0.065789
0.057114
0.052647
0.053774
0.054623
0.046612
0.024459
-0.010993
-0.052590
-0.085398
-0.097874
-0.092800
-0.080041
-0.066703
-0.056360
-0.050181
-0.045797
-0.038646
-0.024200
-0.000816
0.024098
0.035728
0.024941
-0.004049
-0.035996
-0.053859
-0.052770
-0.043602
-0.038288
-0.039857
-0.047166
-0.057371
-0.065891
-0.066241
-0.049427
-0.013904
0.027410
0.058271
0.074150
0.081478
0.081112
0.064004
0.028366
-0.008217
-0.023517
-0.013733
0.005962
0.020029
0.024850
0.024059
0.021519
0.021587
0.027089
0.034140
0.034587
0.023656
0.004279
-0.014904
-0.025536
-0.026238
-0.023759
-0.025938
-0.034848
-0.046195
-0.053428
-0.051898
-0.041779
-0.027476
-0.013590
-0.003404
0.001824
0.004459
0.008561
0.016409
0.027075
0.037567
0.045321
0.048066
0.043106
0.028374
0.005429
-0.016893
-0.026816
-0.020842
-0.005971
0.008324
0.017691
0.024468
0.033245
0.047232
0.065988
0.083144
0.090631
0.087131
0.077777
0.066791
0.053770
0.035693
0.011367
-0.015923
-0.040474
-0.056815
-0.061073
-0.055187
-0.046005
-0.038062
-0.030829
-0.020548
-0.004488
0.014493
0.027928
0.027985
0.013746
-0.008190
-0.025808
-0.029727
-0.021939
-0.012125
-0.007463
-0.008039
-0.009563
-0.008602
-0.003833
0.006401
0.021407
0.036235
0.045450
0.046012
0.038492
0.025210
0.009316
-0.005256
-0.017338
-0.028273
-0.038914
-0.048439
-0.053826
-0.051099
-0.038654
-0.022755
-0.013935
-0.015619
-0.021750
-0.024862
-0.024062
-0.023446
-0.026323
-0.031576
-0.033403
-0.026613
-0.011997
0.004153
0.015907
0.022246
0.024656
0.022561
0.015019
0.004321
-0.005490
-0.011921
-0.015355
-0.017228
-0.018740
-0.020949
-0.023946
-0.026906
-0.028696
-0.028280
-0.025652
-0.021089
-0.012996
0.001188
0.021164
0.042518
0.059166
0.066895
0.066255
0.059501
0.046523
0.028296
0.009829
-0.003699
-0.010855
-0.013420
-0.014291
-0.016026
-0.020887
-0.029422
-0.038075
-0.041025
-0.034826
-0.021265
-0.006107
0.004429
0.007952
0.007381
0.006486
0.005174
0.000276
-0.009470
-0.020917
-0.029694
-0.034612
-0.037032
-0.036304
-0.028143
-0.009237
0.016337
0.037998
0.047526
0.045490
0.038838
0.033421
0.030185
0.027960
0.026514
0.025997
0.024862
0.019013
0.004067
-0.018161
-0.038729
-0.049533
-0.048708
-0.039974
-0.028928
-0.019852
-0.014060
-0.010048
-0.005517
0.000312
0.006251
0.011032
0.012665
0.007235
-0.006884
-0.024317
-0.035654
-0.035872
-0.028359
-0.020490
-0.016567
-0.016395
-0.017902
-0.019015
-0.019253
-0.019503
-0.020387
-0.022002
-0.024638
-0.028300
-0.032189
-0.034321
-0.031432
-0.022212
-0.010826
-0.004303
-0.004332
-0.005446
-0.002556
0.004637
0.013458
0.021756
0.028832
0.033770
0.035067
0.032009
0.026192
0.020239
0.014746
0.007989
-0.001523
-0.012929
-0.022637
-0.027227
-0.027606
-0.027483
-0.028982
-0.031956
-0.035242
-0.036702
-0.033289
-0.023656
-0.010675
0.000175
0.004849
0.004036
0.002265
0.003634
0.009514
0.017447
0.021736
0.017572
0.004576
-0.011811
-0.022828
-0.023565
-0.018034
-0.014810
-0.017802
-0.023372
-0.024784
-0.018583
-0.006881
0.005036
0.012634
0.016033
0.019336
0.025254
0.032642
0.039535
0.044748
0.046724
0.043972
0.036234
0.025305
0.014181
0.004070
-0.005390
-0.013659
-0.020158
-0.025167
-0.029545
-0.033917
-0.037793
-0.040994
-0.043876
-0.046426
-0.047473
-0.044090
-0.033106
-0.015249
0.002701
0.013668
0.018216
0.022386
0.029305
0.037346
0.043097
0.043766
0.037828
0.029259
0.022466
0.017087
0.013486
0.008677
-0.001260
-0.015796
-0.031515
-0.042806
-0.044658
-0.036606
-0.023575
-0.011312
-0.001710
0.007248
0.016973
0.025837
0.030394
0.028992
0.023907
0.018647
0.014994
0.012362
0.009208
0.004786
-0.000104
-0.004690
-0.008430
-0.008973
-0.003380
0.008029
0.019837
0.025302
0.021381
0.010550
-0.001047
-0.007900
-0.008782
-0.007352
-0.007298
-0.008831
-0.009868
-0.007828
-0.000663
0.012005
0.027175
0.040486
0.047515
0.044823
0.032931
0.016585
0.004007
0.001066
0.005697
0.011107
0.012836
0.012158
0.011805
0.011786
0.010499
0.007244
0.003299
0.000470
0.000294
0.003054
0.007048
0.010160
0.011859
0.013253
0.014930
0.016776
0.018594
0.020071
0.020671
0.019620
0.017891
0.017338
0.017806
0.018717
0.019400
0.019453
0.019602
0.019949
0.019747
0.018495
0.016616
0.015105
0.014462
0.014096
0.013452
0.012108
0.009757
0.006493
0.003864
0.004961
0.010988
0.020634
0.029653
0.031935
0.025154
0.012288
-0.000779
-0.009471
-0.014392
-0.018440
-0.023224
-0.028644
-0.031930
-0.030390
-0.024650
-0.017642
-0.011899
-0.006985
-0.001233
0.005861
0.014585
0.024910
0.035040
0.042931
0.047046
0.046306
0.041220
0.033094
0.024268
0.016301
0.009008
0.002088
-0.004304
-0.009124
-0.010860
-0.008272
-0.002766
0.003474
0.009557
0.013730
0.015486
0.016371
0.017836
0.019804
0.020891
0.020433
0.016334
0.006940
-0.005189
-0.015859
-0.021602
-0.021496
-0.015671
-0.003473
0.013138
0.029496
0.041972
0.049747
0.054908
0.057963
0.057542
0.054043
0.048240
0.039882
0.028834
0.016156
0.003922
-0.005469
-0.010674
-0.012518
-0.014026
-0.016469
-0.017058
-0.013721
-0.006341
0.005168
0.018732
0.029944
0.037490
0.043570
0.047981
0.048531
0.043625
0.033196
0.020478
0.009998
0.005001
0.005050
0.006251
0.006610
0.006913
0.008086
0.010084
0.012634
0.015119
0.017720
0.020820
0.021892
0.019104
0.013592
0.007599
0.002178
-0.001690
-0.002837
-0.001327
0.002332
0.007535
0.015254
0.026054
0.037164
0.045459
0.048640
0.044539
0.034399
0.023257
0.015046
0.009271
0.004508
-0.000619
-0.006578
-0.011855
-0.015935
-0.018233
-0.018341
-0.016254
-0.011807
-0.005105
0.003382
0.012057
0.019280
0.024414
0.028060
0.030303
0.030037
0.027240
0.022236
0.014640
0.006007
-0.001447
-0.006282
-0.006853
-0.003043
0.004559
0.013592
0.019835
0.020218
0.015675
0.010584
0.007537
0.006123
0.005725
0.005362
0.003278
0.000198
-0.002865
-0.006072
-0.008312
-0.008899
-0.008571
-0.007491
-0.006228
-0.005334
-0.004177
-0.002750
-0.000583
0.002537
0.006107
0.009681
0.012532
0.014275
0.015021
0.014738
0.012229
0.006923
-0.000008
-0.005339
-0.006270
-0.004060
-0.001637
-0.000549
0.000097
0.002277
0.007306
0.014919
0.022374
0.026109
0.025200
0.020499
0.013492
0.007116
0.003157
0.000551
-0.003594
-0.011126
-0.020970
-0.030228
-0.035433
-0.034671
-0.028766
-0.020185
-0.011545
-0.004441
0.001338
0.006866
0.012428
0.017302
0.019891
0.018586
0.013128
0.004665
-0.004847
-0.012630
-0.015815
-0.014472
-0.011833
-0.009997
-0.008581
-0.005876
-0.000962
0.005730
0.013017
0.018222
0.019170
0.015878
0.009855
0.003617
-0.000465
-0.002031
-0.001464
0.000867
0.003903
0.007388
0.010152
0.010585
0.009334
0.008066
0.007510
0.006805
0.005020
0.001129
-0.004656
-0.010432
-0.014921
-0.017929
-0.020543
-0.022625
-0.022839
-0.020703
-0.016094
-0.009909
-0.003811
0.000606
0.002122
0.001609
0.001672
0.003577
0.007376
0.011712
0.013333
0.010829
0.005990
0.001513
-0.001197
-0.002661
-0.003054
-0.001645
0.001662
0.007201
0.013991
0.018747
0.019921
0.018566
0.015630
0.010471
0.002924
-0.005156
-0.011984
-0.017612
-0.023528
-0.030254
-0.036666
-0.041114
-0.040928
-0.034903
-0.024962
-0.014007
-0.005715
-0.002023
-0.001148
-0.000235
0.002613
0.007021
0.011174
0.013871
0.014295
0.012112
0.008009
0.003406
-0.000484
-0.002946
-0.004268
-0.006061
-0.009166
-0.012733
-0.015783
-0.018167
-0.020170
-0.021781
-0.022449
-0.022472
-0.022410
-0.022532
-0.023435
-0.025176
-0.027689
-0.029952
-0.030910
-0.030237
-0.027949
-0.025614
-0.024490
-0.024797
-0.025200
-0.022972
-0.016857
-0.008141
0.000449
0.007080
0.011593
0.014613
0.016703
0.017749
0.016788
0.012839
0.006669
-0.000547
-0.007199
-0.011684
-0.014440
-0.015331
-0.014359
-0.012650
-0.010921
-0.009716
-0.009084
-0.008795
-0.008786
-0.009353
-0.011104
-0.013947
-0.016894
-0.018747
-0.019175
-0.018341
-0.016224
-0.013185
-0.009372
-0.004239
0.002129
0.008582
0.013464
0.015484
0.015000
0.013358
0.011092
0.007617
0.002519
-0.003735
-0.010427
-0.016769
-0.022116
-0.027282
-0.032517
-0.036363
-0.036948
-0.033080
-0.026368
-0.019551
-0.015004
-0.013410
-0.013579
-0.013871
-0.012658
-0.010172
-0.007419
-0.005463
-0.005809
-0.008255
-0.010946
-0.012182
-0.011642
-0.010494
-0.010029
-0.010369
-0.010495
-0.009931
-0.009015
-0.009219
-0.012062
-0.016041
-0.018044
-0.016160
-0.012091
-0.008789
-0.006358
-0.004990
-0.005505
-0.007726
-0.010327
-0.010988
-0.009069
-0.006229
-0.004656
-0.004744
-0.005255
-0.005062
-0.003685
-0.001761
-0.000400
-0.001815
-0.007534
-0.014160
-0.016558
-0.016166
-0.017610
-0.020722
-0.022701
-0.021769
-0.018072
-0.013222
-0.009093
-0.005909
-0.002558
0.000937
0.003714
0.004258
0.001549
-0.002607
-0.006149
-0.008935
-0.011695
-0.014757
-0.017360
-0.018424
-0.017915
-0.016440
-0.014453
-0.012588
-0.010539
-0.007908
-0.005359
-0.002930
0.000207
0.004392
0.009002
0.013314
0.016602
0.017883
0.016719
0.013327
0.008345
0.002780
-0.002533
-0.006995
-0.009892
-0.009655
-0.005343
0.000968
0.006396
0.010241
0.013316
0.016048
0.018040
0.018281
0.015758
0.010787
0.004733
-0.001081
-0.006320
-0.011609
-0.016814
-0.020771
-0.022852
-0.023643
-0.022844
-0.018958
-0.012369
-0.005501
-0.000054
0.004086
0.007650
0.010896
0.013719
0.016061
0.017618
0.017668
0.015224
0.010225
0.004512
-0.000001
-0.002983
-0.005225
-0.007136
-0.008131
-0.007830
-0.006491
-0.004953
-0.003755
-0.002654
-0.001239
0.001197
0.004481
0.007705
0.010074
0.010860
0.010405
0.009678
0.009361
0.009820
0.010955
0.011775
0.011162
0.009089
0.006459
0.004425
0.003293
0.002525
0.001529
-0.000102
-0.002098
-0.003892
-0.004840
-0.004548
-0.003631
-0.002514
-0.001203
0.000406
0.003188
0.007110
0.010673
0.012826
0.013975
0.015177
0.016842
0.018885
0.020731
0.021912
0.022612
0.022697
0.021590
0.019007
0.015605
0.012398
0.009944
0.008599
0.008508
0.009451
0.010980
0.012610
0.014050
0.015404
0.016599
0.017028
0.016309
0.014431
0.011671
0.008421
0.005521
0.003683
0.002596
0.001961
0.001274
0.000462
0.000409
0.001786
0.004318
0.007148
0.009646
0.010806
0.009927
0.007249
0.004083
0.002524
0.003451
0.005808
0.008239
0.010378
0.012474
0.014921
0.017654
0.019943
0.020951
0.020738
0.020198
0.019928
0.019892
0.019117
0.016865
0.013267
0.008850
0.004625
0.001407
-0.000075
0.000096
0.001147
0.002973
0.005803
0.009840
0.014407
0.018053
0.020193
0.020958
0.020933
0.020703
0.019866
0.017805
0.014722
0.011924
0.010684
0.010908
0.011726
0.012161
0.011560
0.009940
0.007607
0.005094
0.002894
0.001357
0.001201
0.002681
0.005036
0.007332
0.009157
0.010973
0.012726
0.013673
0.013789
0.013147
0.011809
0.010490
0.009633
0.009191
0.009415
0.010337
0.012008
0.014432
0.016874
0.018579
0.019272
0.018822
0.016871
0.013363
0.008658
0.003369
-0.001381
-0.004696
-0.006345
-0.006492
-0.005350
-0.003200
-0.000906
0.000692
0.001460
0.001986
0.002946
0.004314
0.005541
0.006269
0.006628
0.006676
0.006746
0.007222
0.007845
0.008175
0.007848
0.006909
0.005503
0.003723
0.001720
-0.000189
-0.001350
-0.001568
-0.001256
-0.001010
-0.001159
-0.001565
-0.002134
-0.002889
-0.003926
-0.005234
-0.006812
-0.008997
-0.011714
-0.013969
-0.014496
-0.013016
-0.010155
-0.006724
-0.003517
-0.000989
0.000901
0.002638
0.004435
0.005841
0.006073
0.004994
0.003306
0.001676
0.000467
-0.000324
-0.001086
-0.002502
-0.004732
-0.007078
-0.008795
-0.009245
-0.008274
-0.006318
-0.003762
-0.000849
0.002121
0.004707
0.006710
0.007949
0.007884
0.006363
0.004015
0.001812
0.000397
-0.000791
-0.002679
-0.005338
-0.008350
-0.010935
-0.012629
-0.013168
-0.012553
-0.011528
-0.010253
-0.008276
-0.005481
-0.002594
-0.000714
-0.000321
-0.001339
-0.002864
-0.003485
-0.002645
-0.000649
0.001665
0.003366
0.003961
0.003404
0.001847
-0.000738
-0.003912
-0.006484
-0.007650
-0.007830
-0.007801
-0.007952
-0.008348
-0.008374
-0.007614
-0.006333
-0.005135
-0.005117
-0.006729
-0.008990
-0.010340
-0.009935
-0.008180
-0.006323
-0.005567
-0.006272
-0.007997
-0.009995
-0.011542
-0.012456
-0.012883
-0.012966
-0.012838
-0.012340
-0.011261
-0.009399
-0.007139
-0.004959
-0.003197
-0.002056
-0.001142
-0.000404
-0.000043
-0.000150
-0.000967
-0.002772
-0.005435
-0.008279
-0.010489
-0.011375
-0.010580
-0.008640
-0.006676
-0.005595
-0.005665
-0.006305
-0.006591
-0.005922
-0.004408
-0.002447
-0.000657
0.000067
-0.000372
-0.001173
-0.001773
-0.002251
-0.002874
-0.004156
-0.006319
-0.008922
-0.011684
-0.014782
-0.018269
-0.021640
-0.024011
-0.024674
-0.023840
-0.021700
-0.017736
-0.012085
-0.006087
-0.001269
0.002196
0.004878
0.006634
0.007493
0.007479
0.006328
0.004073
0.001091
-0.001772
-0.004129
-0.006077
-0.007296
-0.007752
-0.007861
-0.007520
-0.006671
-0.005666
-0.004985
-0.005185
-0.006426
-0.008380
-0.010272
-0.011195
-0.010520
-0.008674
-0.006775
-0.005445
-0.004588
-0.003670
-0.002317
-0.000239
0.002237
0.004345
0.005464
0.005626
0.005357
0.004566
0.002838
0.000416
-0.001894
-0.003873
-0.005666
-0.007160
-0.008024
-0.008128
-0.007752
-0.007038
-0.006083
-0.005137
-0.004157
-0.003298
-0.003123
-0.003560
-0.004364
-0.005537
-0.006424
-0.006449
-0.005841
-0.005145
-0.004889
-0.004934
-0.004930
-0.004822
-0.004296
-0.003080
-0.001385
-0.000085
0.000101
-0.000757
-0.002571
-0.004682
-0.006064
-0.006576
-0.006703
-0.007206
-0.008274
-0.009108
-0.008794
-0.006835
-0.003776
-0.001033
0.000193
-0.000197
-0.001419
-0.002613
-0.003136
-0.003238
-0.003795
-0.005365
-0.007489
-0.009464
-0.011204
-0.012538
-0.013328
-0.013426
-0.012432
-0.010360
-0.007787
-0.005619
-0.004804
-0.005559
-0.007220
-0.009305
-0.011574
-0.013038
-0.012890
-0.011444
-0.008980
-0.005761
-0.002170
0.001339
0.004615
0.007586
0.009987
0.011614
0.011411
0.008928
0.004647
-0.000296
-0.004189
-0.006818
-0.009199
-0.011582
-0.013508
-0.014084
-0.013036
-0.011177
-0.009094
-0.007895
-0.007357
-0.006353
-0.005175
-0.003737
-0.002421
-0.002004
-0.002479
-0.003266
-0.003189
-0.002208
-0.001150
-0.000784
-0.001767
-0.003800
-0.005593
-0.006327
-0.006611
-0.007094
-0.008148
-0.009797
-0.011608
-0.013272
-0.014590
-0.015650
-0.015901
-0.014834
-0.012690
-0.009642
-0.006409
-0.003706
-0.001085
0.001529
0.003441
0.005054
0.006059
0.005961
0.005189
0.003304
0.000573
-0.002116
-0.004492
-0.006201
-0.007106
-0.007382
-0.007091
-0.006467
-0.005529
-0.004393
-0.003159
-0.001337
0.001231
0.004256
0.007250
0.009639
0.010736
0.010389
0.009488
0.008657
0.007997
0.007520
0.006655
0.004781
0.001798
-0.001887
-0.005191
-0.007140
-0.008219
-0.009027
-0.009431
-0.009455
-0.008642
-0.006930
-0.004947
-0.003256
-0.002372
-0.002210
-0.002151
-0.001939
-0.001922
-0.002273
-0.003065
-0.004074
-0.004627
-0.004726
-0.004588
-0.004028
-0.003199
-0.002270
-0.001093
0.000120
0.001214
0.001711
0.001164
-0.000376
-0.002681
-0.004883
-0.006566
-0.007758
-0.008655
-0.009773
-0.010857
-0.011387
-0.011306
-0.010625
-0.009483
-0.008007
-0.006445
-0.004784
-0.003218
-0.002042
-0.000854
0.000043
0.000431
0.000191
-0.000846
-0.002274
-0.004146
-0.006219
-0.007747
-0.007954
-0.006356
-0.003415
-0.000132
0.002387
0.003706
0.004476
0.005082
0.005440
0.005467
0.004852
0.003856
0.003422
0.003433
0.003354
0.002769
0.001175
-0.000884
-0.002914
-0.004624
-0.005586
-0.005701
-0.005068
-0.003723
-0.001841
0.000078
0.001775
0.002948
0.003100
0.002565
0.002031
0.001635
0.001621
0.001647
0.000954
-0.000503
-0.002463
-0.004290
-0.005263
-0.005218
-0.004546
-0.003858
-0.003695
-0.004033
-0.004398
-0.004525
-0.004118
-0.003257
-0.002158
-0.001369
-0.001784
-0.003083
-0.004525
-0.005780
-0.006409
-0.006068
-0.005102
-0.004076
-0.003301
-0.003198
-0.003709
-0.004020
-0.003473
-0.002078
0.000085
0.002593
0.004667
0.006081
0.006758
0.006683
0.005814
0.004254
0.002649
0.001718
0.001526
0.001342
0.000720
-0.000196
-0.001215
-0.002008
-0.002401
-0.002401
-0.002090
-0.001745
-0.001710
-0.002223
-0.002768
-0.002571
-0.001589
-0.000558
-0.000391
-0.001471
-0.003334
-0.004842
-0.005271
-0.004650
-0.003424
-0.002137
-0.001019
-0.000167
0.000554
0.001252
0.001833
0.002302
0.002832
0.003801
0.005111
0.006511
0.007658
0.008304
0.008507
0.007857
0.006411
0.004468
0.002146
-0.000437
-0.003007
-0.005027
-0.006367
-0.006845
-0.006263
-0.004650
-0.002313
0.000217
0.002678
0.004511
0.005419
0.005958
0.006880
0.008552
0.010466
0.011669
0.011327
0.009579
0.007258
0.004925
0.002889
0.001250
-0.000090
-0.001146
-0.001925
-0.002248
-0.001828
-0.000890
0.000332
0.001824
0.003828
0.006111
0.007851
0.008996
0.009838
0.010552
0.011041
0.011268
0.011568
0.011593
0.010908
0.009417
0.007369
0.005704
0.005080
0.005528
0.006416
0.006928
0.006902
0.006235
0.005291
0.004934
0.005497
0.006429
0.007135
0.007331
0.006835
0.006280
0.006028
0.006401
0.007635
0.009225
0.010559
0.011104
0.010996
0.010476
0.009879
0.009483
0.008848
0.007628
0.006141
0.005027
0.004815
0.005517
0.006593
0.007599
0.008116
0.007940
0.007459
0.006993
0.006607
0.006400
0.006261
0.006139
0.006128
0.006068
0.005862
0.005780
0.006430
0.008199
0.011013
0.014457
0.017506
0.019259
0.019568
0.018515
0.016647
0.014583
0.012302
0.009590
0.006223
0.002315
-0.001337
-0.003585
-0.003852
-0.002417
0.000096
0.002825
0.005371
0.007895
0.010369
0.012923
0.015585
0.017686
0.018454
0.017864
0.016422
0.014553
0.012585
0.010337
0.007294
0.003649
0.000309
-0.002010
-0.003189
-0.003781
-0.004464
-0.005218
-0.005451
-0.004196
-0.001203
0.002945
0.007369
0.011172
0.014043
0.015664
0.015866
0.015231
0.014531
0.013902
0.013119
0.011683
0.009021
0.005424
0.001775
-0.001221
-0.002963
-0.003165
-0.001908
0.000492
0.003296
0.005945
0.008055
0.009396
0.010202
0.010656
0.010908
0.011270
0.011560
0.011398
0.010849
0.010067
0.009110
0.008051
0.007148
0.006575
0.006394
0.006805
0.007660
0.008689
0.009819
0.010822
0.011528
0.011930
0.012031
0.011887
0.011520
0.010908
0.010198
0.009445
0.008616
0.007749
0.006832
0.005996
0.005515
0.005446
0.005520
0.005374
0.004675
0.003588
0.002738
0.002319
0.002046
0.001825
0.001701
0.001919
0.002908
0.004637
0.006619
0.008339
0.009669
0.010679
0.011318
0.011579
0.011453
0.010975
0.010237
0.009254
0.007938
0.006047
0.003699
0.001352
-0.000579
-0.001807
-0.002352
-0.002524
-0.002701
-0.003166
-0.004215
-0.005759
-0.007320
-0.008461
-0.008809
-0.008456
-0.007692
-0.006676
-0.005327
-0.003519
-0.001478
0.000371
0.001520
0.001862
0.001656
0.001281
0.001102
0.001148
0.001288
0.001507
0.001671
0.001578
0.001071
0.000156
-0.000861
-0.001843
-0.002449
-0.002272
-0.001338
0.000150
0.001538
0.002432
0.003284
0.004584
0.006202
0.007567
0.008082
0.007370
0.005595
0.003342
0.001568
0.000643
-0.000043
-0.001111
-0.003055
-0.005790
-0.008532
-0.010361
-0.010603
-0.009620
-0.008421
-0.007760
-0.007707
-0.007296
-0.005631
-0.002893
0.000086
0.002491
0.003946
0.004524
0.004456
0.003826
0.002743
0.001391
-0.000242
-0.002052
-0.004022
-0.005779
-0.006370
-0.005762
-0.004761
-0.003979
-0.003548
-0.003181
-0.002500
-0.001496
-0.000704
-0.000492
-0.000916
-0.001735
-0.002586
-0.003532
-0.004599
-0.005625
-0.006282
-0.006305
-0.006029
-0.005615
-0.005040
-0.004539
-0.004055
-0.003493
-0.002832
-0.002215
-0.001883
-0.001879
-0.002099
-0.002133
-0.001938
-0.001881
-0.002499
-0.003837
-0.004889
-0.004698
-0.002945
-0.000076
0.002893
0.005046
0.005999
0.006108
0.005805
0.004856
0.002829
-0.000499
-0.004521
-0.008067
-0.010359
-0.011108
-0.010696
-0.009723
-0.008393
-0.006716
-0.004790
-0.002797
-0.000841
0.001115
0.003024
0.004638
0.005672
0.005831
0.005081
0.003890
0.002775
0.001882
0.001142
0.000456
-0.000390
-0.001780
-0.003806
-0.005880
-0.007358
-0.007936
-0.007616
-0.006684
-0.005350
-0.003773
-0.002358
-0.001381
-0.000656
-0.000025
0.000678
0.001671
0.002733
0.003816
0.005094
0.006283
0.006854
0.006595
0.005704
0.004450
0.003189
0.002246
0.001369
0.000340
-0.000564
-0.001151
-0.001246
-0.000780
0.000134
0.001140
0.001815
0.001778
0.000799
-0.000724
-0.002282
-0.003430
-0.003990
-0.004212
-0.004110
-0.003469
-0.002006
0.000170
0.002246
0.003467
0.003725
0.003368
0.002701
0.001842
0.000715
-0.001068
-0.003932
-0.007512
-0.010759
-0.012704
-0.012878
-0.011507
-0.009278
-0.006895
-0.004597
-0.002174
0.000746
0.004078
0.007298
0.009647
0.010400
0.009288
0.006537
0.002917
-0.000603
-0.003278
-0.004779
-0.005213
-0.005173
-0.004919
-0.004121
-0.002469
-0.000097
0.002453
0.004629
0.005344
0.004102
0.002029
0.000471
0.000292
0.001265
0.002343
0.002786
0.002535
0.001933
0.001051
0.000235
-0.000515
-0.001565
-0.002795
-0.004407
-0.006539
-0.008857
-0.010921
-0.012406
-0.012847
-0.012135
-0.010550
-0.008221
-0.005487
-0.002550
0.000657
0.004095
0.007595
0.010799
0.013130
0.013990
0.013192
0.010879
0.007340
0.003248
-0.000366
-0.002702
-0.003957
-0.004466
-0.004566
-0.004599
-0.004298
-0.003226
-0.001409
0.000683
0.002664
0.004083
0.004544
0.003871
0.002431
0.000700
-0.000887
-0.001838
-0.002208
-0.002397
-0.002575
-0.002783
-0.003233
-0.003765
-0.003957
-0.003550
-0.002676
-0.001768
-0.001173
-0.000849
-0.000577
-0.000218
0.000287
0.000649
0.000613
0.000456
0.000342
-0.000103
-0.001079
-0.002228
-0.003289
-0.004123
-0.004663
-0.005481
-0.006805
-0.008100
-0.008500
-0.007256
-0.004476
-0.001064
0.002025
0.003962
0.004548
0.004349
0.003818
0.003117
0.002179
0.001139
0.000093
-0.001066
-0.002395
-0.003691
-0.004634
-0.005199
-0.005215
-0.005020
-0.004971
-0.004675
-0.004160
-0.003440
-0.002384
-0.000992
0.000707
0.002270
0.003154
0.003223
0.002505
0.001091
-0.000628
-0.002182
-0.003305
-0.003974
-0.004212
-0.004303
-0.004322
-0.004212
-0.004033
-0.003729
-0.003514
-0.003270
-0.003014
-0.003085
-0.003240
-0.003312
-0.003504
-0.003659
-0.003554
-0.003464
-0.003388
-0.003059
-0.002775
-0.002775
-0.003023
-0.003792
-0.004873
-0.005931
-0.006866
-0.006964
-0.006303
-0.005418
-0.004432
-0.003602
-0.003127
-0.002855
-0.002192
-0.001090
0.000446
0.002095
0.002880
0.002160
-0.000466
-0.004470
-0.008259
-0.010097
-0.009847
-0.009025
-0.008712
-0.009020
-0.009593
-0.009837
-0.008915
-0.006681
-0.003926
-0.001712
-0.000698
-0.000872
-0.002027
-0.003660
-0.005141
-0.006339
-0.007755
-0.010047
-0.013593
-0.017663
-0.021098
-0.022969
-0.022112
-0.019307
-0.015855
-0.011818
-0.007713
-0.003847
-0.000630
0.001701
0.003634
0.004669
0.004790
0.004310
0.002340
-0.001365
-0.005969
-0.010150
-0.013200
-0.015270
-0.016846
-0.017708
-0.017677
-0.016960
-0.014800
-0.011591
-0.008392
-0.005328
-0.002548
-0.000150
0.001742
0.002610
0.002297
0.000891
-0.001747
-0.005050
-0.008221
-0.011066
-0.013211
-0.014295
-0.014165
-0.012375
-0.009039
-0.004983
-0.001441
0.000571
0.001351
0.001509
0.001264
0.001014
0.000623
-0.000518
-0.002326
-0.004347
-0.006212
-0.007846
-0.009122
-0.009905
-0.009995
-0.009074
-0.007509
-0.005808
-0.004595
-0.003784
-0.002409
-0.001128
-0.000870
-0.001518
-0.003108
-0.004842
-0.005680
-0.005674
-0.005394
-0.005005
-0.004244
-0.002909
-0.001250
0.000147
0.001121
0.001368
0.000829
-0.000209
-0.001784
-0.003425
-0.004834
-0.006094
-0.007112
-0.008028
-0.008909
-0.009368
-0.008971
-0.007621
-0.005469
-0.003153
-0.001258
-0.000199
0.000152
-0.000009
-0.001036
-0.002567
-0.004433
-0.006468
-0.008344
-0.009829
-0.010500
-0.010499
-0.009762
-0.008054
-0.005757
-0.003100
-0.000310
0.001614
0.002007
0.000869
-0.001430
-0.003647
-0.005018
-0.005664
-0.006050
-0.007038
-0.008449
-0.009348
-0.008944
-0.007031
-0.004385
-0.001954
0.000055
0.001661
0.003107
0.004506
0.004785
0.003491
0.000980
-0.001851
-0.004117
-0.005832
-0.007298
-0.008840
-0.010103
-0.010604
-0.010442
-0.009800
-0.008994
-0.008282
-0.007470
-0.006372
-0.005048
-0.003798
-0.002929
-0.002496
-0.002537
-0.002993
-0.003533
-0.004243
-0.005098
-0.005694
-0.005905
-0.005391
-0.004042
-0.002221
-0.000373
0.001013
0.001777
0.002086
0.002486
0.002933
0.002596
0.001518
0.000156
-0.001183
-0.002221
-0.003014
-0.003871
-0.005098
-0.006318
-0.007186
-0.007602
-0.007554
-0.007477
-0.007352
-0.007010
-0.006458
-0.005522
-0.003850
-0.001527
0.000840
0.002776
0.003773
0.003866
0.003522
0.003045
0.002894
0.003165
0.003433
0.003354
0.002882
0.001994
0.000886
0.000194
0.000351
0.001573
0.003291
0.004798
0.005816
0.005926
0.005372
0.004903
0.004960
0.005328
0.005702
0.005948
0.005932
0.005848
0.005482
0.004400
0.002693
0.000818
-0.000682
-0.002118
-0.003513
-0.003812
-0.002527
-0.000187
0.002068
0.003293
0.003211
0.002455
0.001762
0.001409
0.001467
0.001199
-0.000134
-0.002298
-0.004417
-0.005280
-0.004178
-0.001855
0.000511
0.002009
0.002122
0.001458
0.000830
0.000743
0.001238
0.001394
0.000802
-0.000109
-0.001023
-0.001359
-0.000750
0.000362
0.001614
0.002791
0.003396
0.003379
0.003220
0.003386
0.004008
0.004493
0.004277
0.003613
0.003073
0.002821
0.002422
0.001839
0.001041
-0.000224
-0.001683
-0.003020
-0.003942
-0.004054
-0.003677
-0.003386
-0.003236
-0.003315
-0.003275
-0.002767
-0.002017
-0.001404
-0.001246
-0.001483
-0.001689
-0.001549
-0.001172
-0.000698
-0.000079
0.000431
0.000588
0.000549
0.000223
-0.000266
-0.000594
-0.000460
0.000352
0.001238
0.001689
0.001756
0.001678
0.002304
0.004624
0.008727
0.013866
0.017804
0.018200
0.014826
0.008260
-0.000357
-0.008953
-0.015460
-0.018952
-0.019830
-0.018870
-0.016627
-0.012904
-0.007122
0.000565
0.009156
0.017118
0.022695
0.025062
0.024704
0.022375
0.018691
0.014201
0.009582
0.005588
0.002465
-0.000018
-0.002028
-0.003329
-0.003623
-0.002793
-0.000927
0.001388
0.003504
0.005312
0.007139
0.008960
0.010319
0.010930
0.010758
0.009858
0.008537
0.007058
0.005255
0.003196
0.001165
-0.000609
-0.001846
-0.002215
-0.001754
-0.000770
0.000711
0.002683
0.004880
0.006789
0.007788
0.007806
0.007277
0.006377
0.005129
0.003874
0.002662
0.001465
0.000571
-0.000279
-0.001085
-0.001167
-0.000300
0.001511
0.003902
0.005771
0.006394
0.005783
0.004544
0.003284
0.001960
0.000497
-0.000611
-0.000890
-0.000209
0.001098
0.002126
0.002501
0.002568
0.003005
0.004218
0.005876
0.007373
0.008034
0.007667
0.006274
0.004239
0.002726
0.002317
0.002805
0.003484
0.003556
0.003224
0.003140
0.003873
0.005652
0.007592
0.008960
0.009968
0.010816
0.011218
0.010489
0.008363
0.005613
0.003291
0.001900
0.001273
0.000981
0.000854
0.000877
0.000959
0.001017
0.001024
0.001269
0.002040
0.002856
0.003242
0.003265
0.002849
0.002075
0.001390
0.000842
0.000467
0.000192
-0.000198
-0.000346
0.000109
0.001070
0.002298
0.003682
0.004966
0.006206
0.007708
0.009419
0.010915
0.011623
0.011208
0.009513
0.007110
0.004638
0.002215
0.000326
-0.000590
-0.000361
0.000620
0.001214
0.001159
0.000990
0.001252
0.002638
0.005097
0.007809
0.010004
0.011092
0.010914
0.010122
0.009474
0.009415
0.009877
0.009942
0.009034
0.007320
0.005356
0.003869
0.002924
0.002394
0.002294
0.002380
0.002544
0.002788
0.002882
0.002702
0.002807
0.003292
0.003649
0.003993
0.004344
0.004558
0.004544
0.004081
0.003220
0.002167
0.001348
0.001119
0.001386
0.002241
0.003830
0.005869
0.007641
0.008578
0.008363
0.006883
0.004823
0.002895
0.001712
0.001704
0.002410
0.003116
0.003731
0.004400
0.004922
0.005179
0.005407
0.005844
0.006705
0.007950
0.008945
0.009045
0.008052
0.006236
0.004370
0.002857
0.001948
0.001844
0.002156
0.002914
0.003799
0.004258
0.004328
0.004127
0.004321
0.005409
0.006728
0.007296
0.006932
0.006056
0.005089
0.004481
0.004414
0.004762
0.005215
0.005575
0.005781
0.005828
0.006370
0.007470
0.008526
0.009469
0.009981
0.010152
0.010534
0.011085
0.011825
0.012605
0.013388
0.014052
0.013947
0.013054
0.011775
0.010327
0.009134
0.008399
0.007883
0.007714
0.007655
0.007313
0.006745
0.005944
0.005228
0.004695
0.004152
0.003551
0.002721
0.001906
0.001535
0.001395
0.001359
0.001472
0.001686
0.002147
0.002859
0.003380
0.003475
0.003156
0.002315
0.001699
0.001654
0.002037
0.003222
0.004924
0.006767
0.008879
0.011189
0.013194
0.014627
0.015432
0.015285
0.014125
0.011979
0.009070
0.006388
0.004469
0.003161
0.002212
0.001411
0.001250
0.001965
0.003083
0.004129
0.004744
0.004950
0.005050
0.005254
0.005660
0.006297
0.006740
0.006756
0.006650
0.006664
0.007061
0.007654
0.007939
0.007860
0.007570
0.007162
0.006975
0.006910
0.006760
0.006468
0.005522
0.004113
0.002904
0.002565
0.003087
0.003747
0.004431
0.004944
0.005231
0.005665
0.006122
0.006441
0.006278
0.005385
0.004159
0.002755
0.001692
0.001239
0.001076
0.001131
0.001248
0.001665
0.002440
0.003398
0.004387
0.004945
0.005309
0.005690
0.005746
0.005391
0.004251
0.002267
0.000189
-0.001371
-0.001806
-0.001091
0.000048
0.001167
0.001952
0.002428
0.002906
0.003558
0.004431
0.005256
0.005812
0.006015
0.006121
0.006422
0.006749
0.007070
0.006974
0.006271
0.005128
0.003569
0.001767
-0.000088
-0.001640
-0.002719
-0.003401
-0.003727
-0.003665
-0.003262
-0.002569
-0.001667
-0.000877
-0.000592
-0.000728
-0.001146
-0.001490
-0.001327
-0.000922
-0.000568
-0.000669
-0.001220
-0.001624
-0.001577
-0.001274
-0.001152
-0.001346
-0.001786
-0.002103
-0.001981
-0.001578
-0.000949
-0.000421
-0.000308
-0.000288
-0.000139
0.000107
0.000385
0.000375
-0.000449
-0.002107
-0.004303
-0.006383
-0.007644
-0.008129
-0.007984
-0.007333
-0.006430
-0.005412
-0.004019
-0.002141
-0.000064
0.001787
0.002821
0.003149
0.003268
0.003320
0.003109
0.002206
0.000554
-0.001364
-0.003007
-0.004233
-0.005067
-0.005608
-0.005990
-0.006117
-0.005908
-0.005530
-0.005213
-0.005042
-0.004896
-0.004502
-0.003529
-0.002035
-0.000867
-0.000655
-0.001139
-0.001731
-0.002068
-0.002416
-0.003376
-0.004929
-0.006303
-0.006888
-0.006655
-0.006111
-0.005895
-0.006149
-0.006525
-0.006619
-0.006344
-0.005950
-0.005823
-0.006170
-0.006653
-0.006721
-0.006279
-0.005453
-0.004533
-0.003672
-0.002879
-0.002593
-0.002841
-0.003378
-0.004047
-0.004820
-0.005844
-0.007097
-0.008467
-0.009374
-0.009194
-0.008096
-0.006782
-0.005956
-0.005671
-0.005611
-0.005581
-0.005183
-0.004483
-0.003866
-0.003574
-0.003885
-0.004591
-0.005141
-0.005162
-0.004698
-0.004127
-0.003741
-0.003675
-0.003741
-0.003437
-0.002562
-0.001430
-0.000651
-0.000709
-0.001629
-0.002927
-0.003814
-0.004199
-0.004593
-0.004946
-0.005006
-0.004906
-0.004731
-0.004505
-0.004349
-0.004277
-0.004244
-0.004167
-0.004102
-0.004053
-0.003996
-0.004033
-0.004011
-0.003834
-0.003560
-0.003399
-0.003411
-0.003157
-0.002501
-0.001754
-0.001347
-0.001497
-0.002053
-0.002793
-0.003373
-0.003723
-0.004112
-0.004639
-0.005116
-0.005269
-0.004982
-0.004472
-0.003926
-0.003480
-0.003469
-0.003811
-0.004286
-0.004595
-0.004484
-0.004246
-0.004269
-0.004618
-0.005031
-0.005448
-0.005604
-0.005253
-0.004505
-0.003628
-0.003271
-0.003537
-0.004062
-0.004262
-0.003899
-0.003598
-0.003546
-0.003742
-0.004173
-0.004527
-0.004789
-0.005257
-0.006003
-0.006861
-0.007633
-0.008255
-0.008666
-0.008497
-0.008088
-0.008032
-0.008077
-0.008162
-0.008077
-0.007376
-0.006425
-0.005787
-0.005768
-0.006361
-0.007150
-0.007883
-0.008613
-0.009024
-0.009242
-0.009599
-0.009817
-0.009623
-0.008759
-0.007315
-0.005610
-0.004152
-0.003359
-0.003332
-0.004013
-0.005141
-0.006451
-0.007426
-0.007972
-0.008435
-0.008869
-0.009303
-0.009652
-0.009535
-0.008865
-0.007711
-0.006287
-0.005219
-0.004580
-0.004132
-0.003808
-0.003521
-0.003362
-0.003538
-0.004226
-0.005232
-0.006075
-0.006578
-0.006920
-0.007207
-0.007454
-0.007698
-0.007879
-0.007948
-0.008084
-0.008351
-0.008501
-0.008691
-0.009069
-0.009454
-0.009787
-0.010031
-0.010171
-0.010239
-0.010489
-0.010688
-0.010362
-0.009653
-0.008841
-0.008240
-0.008069
-0.008054
-0.008003
-0.007884
-0.007832
-0.008300
-0.009195
-0.010293
-0.011405
-0.012314
-0.012753
-0.012567
-0.012037
-0.011295
-0.010406
-0.009244
-0.007779
-0.006581
-0.006009
-0.005721
-0.005467
-0.005375
-0.005274
-0.004910
-0.004540
-0.004224
-0.004152
-0.004514
-0.005133
-0.006051
-0.007076
-0.008165
-0.009240
-0.010042
-0.010355
-0.009951
-0.008880
-0.007342
-0.005499
-0.003361
-0.001254
0.000454
0.001391
0.001354
0.000575
-0.000688
-0.002103
-0.003629
-0.005336
-0.006896
-0.008024
-0.008701
-0.009015
-0.009425
-0.009726
-0.009384
-0.008390
-0.006682
-0.004701
-0.003172
-0.002359
-0.002211
-0.002791
-0.003697
-0.004245
-0.004415
-0.004206
-0.003795
-0.003512
-0.003113
-0.002444
-0.001637
-0.000799
-0.000514
-0.001180
-0.002484
-0.003831
-0.004540
-0.004542
-0.004372
-0.004866
-0.006223
-0.007744
-0.008596
-0.008369
-0.007389
-0.006116
-0.005056
-0.004255
-0.003538
-0.002770
-0.001603
-0.000439
0.000159
0.000028
-0.000727
-0.001485
-0.001650
-0.001347
-0.000932
-0.000733
-0.001216
-0.002042
-0.002609
-0.002632
-0.002009
-0.001156
-0.000579
-0.000379
-0.000475
-0.000830
-0.001082
-0.001079
-0.000934
-0.000811
-0.000816
-0.001115
-0.001937
-0.003202
-0.004555
-0.005234
-0.004921
-0.003934
-0.002703
-0.001901
-0.001849
-0.002108
-0.002139
-0.001726
-0.000926
-0.000236
-0.000215
-0.000584
-0.000748
-0.000454
0.000302
0.001301
0.002289
0.002983
0.003280
0.003266
0.003066
0.002660
0.001887
0.000999
0.000264
-0.000263
-0.000554
-0.000796
-0.000835
-0.000525
-0.000153
0.000135
0.000314
0.000554
0.000944
0.001438
0.002086
0.002685
0.002838
0.002639
0.002500
0.002402
0.002377
0.002557
0.002792
0.002965
0.003009
0.002997
0.002983
0.002712
0.002325
0.002011
0.001758
0.001667
0.001614
0.001514
0.001518
0.001642
0.001715
0.001823
0.001870
0.001728
0.001664
0.001681
0.001590
0.001319
0.000903
0.000505
0.000228
-0.000027
-0.000156
0.000118
0.000884
0.002042
0.003095
0.003647
0.003835
0.003914
0.004071
0.004249
0.004289
0.004223
0.003984
0.003643
0.003498
0.003648
0.003902
0.004104
0.004191
0.004255
0.004508
0.004795
0.004830
0.004489
0.003977
0.003479
0.002985
0.002452
0.001506
0.000215
-0.000808
-0.001403
-0.001575
-0.001272
-0.000744
-0.000145
0.000562
0.001234
0.001764
0.002182
0.002502
0.002571
0.002253
0.001557
0.000399
-0.001092
-0.002450
-0.003361
-0.003662
-0.003283
-0.002434
-0.001352
-0.000164
0.000934
0.001967
0.003083
0.004087
0.004896
0.005414
0.005651
0.005846
0.005973
0.005931
0.005646
0.005280
0.004952
0.004658
0.004473
0.004344
0.004132
0.003792
0.003479
0.003283
0.003308
0.003560
0.003824
0.003982
0.003975
0.003874
0.003822
0.004011
0.004635
0.005448
0.005970
0.006070
0.005842
0.005528
0.005504
0.005827
0.006124
0.006180
0.006009
0.005588
0.005040
0.004487
0.003978
0.003394
0.002831
0.002297
0.001674
0.001354
0.001287
0.001306
0.001565
0.001828
0.002084
0.002626
0.003325
0.004157
0.004986
0.005414
0.005480
0.005406
0.005496
0.005780
0.005998
0.005969
0.005613
0.005122
0.004671
0.004271
0.003843
0.003529
0.003486
0.003700
0.004248
0.004834
0.004976
0.004401
0.003264
0.002122
0.001374
0.000977
0.000725
0.000607
0.000553
0.000597
0.000854
0.001505
0.002552
0.003733
0.004792
0.005483
0.006087
0.006818
0.007436
0.007762
0.007771
0.007590
0.007260
0.006747
0.006009
0.005041
0.004177
0.003477
0.002927
0.002740
0.002817
0.003134
0.003788
0.004711
0.005721
0.006678
0.007445
0.007997
0.008462
0.008829
0.008932
0.008577
0.007671
0.006437
0.005332
0.004694
0.004394
0.004144
0.003814
0.003168
0.002450
0.002028
0.001963
0.002357
0.002852
0.003136
0.003317
0.003425
0.003298
0.003183
0.003112
0.002872
0.002709
0.002399
0.001737
0.001218
0.001092
0.001138
0.001109
0.000865
0.000615
0.000545
0.000667
0.001117
0.001836
0.002668
0.003625
0.004494
0.005131
0.005570
0.005971
0.006317
0.006550
0.006857
0.007095
0.007143
0.007150
0.007096
0.007038
0.006953
0.006581
0.006220
0.006183
0.006094
0.005444
0.004032
0.001879
-0.000291
-0.001187
-0.000651
0.000602
0.001883
0.002524
0.002836
0.003394
0.004175
0.004742
0.004849
0.004616
0.004139
0.003896
0.003827
0.003554
0.003155
0.002717
0.002637
0.003172
0.004082
0.004957
0.005251
0.005106
0.005113
0.005377
0.005679
0.005868
0.005841
0.005522
0.004984
0.004298
0.003790
0.003524
0.003456
0.003889
0.004525
0.005036
0.005533
0.006129
0.006726
0.006926
0.006676
0.005929
0.004561
0.003033
0.001786
0.000804
0.000276
0.000213
0.000189
0.000201
0.000509
0.000926
0.001157
0.001375
0.001647
0.001951
0.002345
0.002569
0.002309
0.001614
0.000803
0.000152
-0.000088
0.000184
0.000520
0.000642
0.000834
0.001353
0.002347
0.003401
0.004017
0.004130
0.003687
0.003208
0.003144
0.003223
0.003356
0.003321
0.002829
0.002108
0.001338
0.000884
0.000958
0.001199
0.001450
0.001485
0.001443
0.001695
0.002384
0.003342
0.003832
0.003761
0.003199
0.002215
0.001385
0.001018
0.001170
0.001685
0.002143
0.002116
0.001916
0.001872
0.001689
0.001460
0.001237
0.000852
0.000398
-0.000234
-0.000868
-0.000953
-0.000539
-0.000185
0.000061
0.000438
0.000780
0.001148
0.001519
0.001697
0.001701
0.001757
0.001813
0.001708
0.001638
0.001418
0.000984
0.000488
0.000032
-0.000369
-0.000702
-0.000826
-0.000609
-0.000039
0.000781
0.001796
0.002662
0.003233
0.003588
0.003708
0.003699
0.003723
0.003631
0.003501
0.003623
0.003644
0.003627
0.003704
0.003819
0.003949
0.003888
0.003822
0.003779
0.003632
0.003286
0.002468
0.001424
0.000766
0.000719
0.000985
0.001083
0.001009
0.000956
0.001074
0.001449
0.001923
0.002240
0.002153
0.001534
0.000795
0.000286
0.000096
0.000372
0.000854
0.001021
0.000906
0.001036
0.001359
0.002005
0.002897
0.003359
0.003225
0.002450
0.001391
0.000889
0.000856
0.000784
0.000579
0.000094
-0.000710
-0.001293
-0.001174
-0.000642
0.000173
0.000939
0.001487
0.002212
0.002795
0.003095
0.003130
0.002577
0.001543
0.000364
-0.000407
-0.000566
-0.000192
0.000491
0.000890
0.000872
0.000850
0.001205
0.002039
0.003129
0.003750
0.003644
0.003081
0.002339
0.001828
0.001632
0.001303
0.000779
0.000286
-0.000242
-0.000620
-0.000752
-0.000546
-0.000282
-0.000233
-0.000236
-0.000445
-0.000645
-0.000756
-0.001092
-0.001569
-0.002208
-0.002891
-0.003126
-0.002872
-0.002626
-0.002311
-0.001766
-0.001200
-0.000503
0.000105
0.000483
0.000830
0.001060
0.001101
0.000882
0.000422
-0.000005
-0.000492
-0.000989
-0.001371
-0.001811
-0.002114
-0.002263
-0.002112
-0.001685
-0.001608
-0.001815
-0.002237
-0.002792
-0.002757
-0.002245
-0.001798
-0.001599
-0.001989
-0.002795
-0.003416
-0.003316
-0.002143
-0.000131
0.002162
0.004059
0.004963
0.004542
0.002824
0.000241
-0.002934
-0.006178
-0.008589
-0.009527
-0.009211
-0.008448
-0.007710
-0.007299
-0.006866
-0.005861
-0.003999
-0.001698
0.000106
0.001074
0.000926
0.000189
-0.000435
-0.001126
-0.002234
-0.003801
-0.005599
-0.007413
-0.008639
-0.009024
-0.008854
-0.008191
-0.007539
-0.007239
-0.007057
-0.006911
-0.006524
-0.005819
-0.005048
-0.004565
-0.004483
-0.004445
-0.004305
-0.004038
-0.003732
-0.003739
-0.004224
-0.004870
-0.005409
-0.005679
-0.005554
-0.005209
-0.004967
-0.005048
-0.005410
-0.005950
-0.006257
-0.006049
-0.005629
-0.005318
-0.005194
-0.005169
-0.004996
-0.004464
-0.003690
-0.003045
-0.002818
-0.002990
-0.003488
-0.004214
-0.005013
-0.005581
-0.005694
-0.005731
-0.006115
-0.006716
-0.007158
-0.007035
-0.006326
-0.005415
-0.004806
-0.004722
-0.004709
-0.004305
-0.003517
-0.002674
-0.002259
-0.002447
-0.002694
-0.002577
-0.002184
-0.001988
-0.002531
-0.003577
-0.004578
-0.005108
-0.005049
-0.004895
-0.005086
-0.005327
-0.005100
-0.004181
-0.002808
-0.001735
-0.001307
-0.001257
-0.001283
-0.001176
-0.000990
-0.000926
-0.001125
-0.001566
-0.002170
-0.002719
-0.002885
-0.002700
-0.002442
-0.002268
-0.002291
-0.002454
-0.002506
-0.002397
-0.002374
-0.002812
-0.003678
-0.004479
-0.004842
-0.004677
-0.004236
-0.003943
-0.003809
-0.003494
-0.002970
-0.002501
-0.002220
-0.002160
-0.002169
-0.001834
-0.001283
-0.000882
-0.000821
-0.001195
-0.001523
-0.001565
-0.001427
-0.001224
-0.001161
-0.001064
-0.000774
-0.000503
-0.000468
-0.000844
-0.001453
-0.001858
-0.002011
-0.001936
-0.001629
-0.001233
-0.000685
0.000141
0.001173
0.002256
0.003060
0.003168
0.002610
0.001749
0.000890
0.000238
-0.000448
-0.001518
-0.002889
-0.004252
-0.005052
-0.004798
-0.003571
-0.001972
-0.000806
-0.000206
0.000345
0.001106
0.002093
0.002912
0.002806
0.001724
0.000178
-0.001118
-0.001745
-0.002044
-0.002432
-0.003085
-0.003786
-0.004159
-0.003956
-0.003135
-0.002099
-0.001456
-0.001521
-0.002149
-0.002869
-0.003082
-0.002608
-0.001784
-0.000985
-0.000457
-0.000221
-0.000234
-0.000362
-0.000388
-0.000221
0.000092
0.000164
-0.000183
-0.000677
-0.000922
-0.000617
0.000186
0.001242
0.002109
0.002549
0.002665
0.002512
0.002286
0.002261
0.002400
0.002474
0.002414
0.002186
0.001719
0.001200
0.000813
0.000660
0.000754
0.001009
0.001375
0.001845
0.002419
0.002856
0.002925
0.002694
0.002295
0.001840
0.001400
0.000845
0.000082
-0.000705
-0.001302
-0.001554
-0.001434
-0.001062
-0.000626
-0.000367
-0.000260
-0.000061
0.000392
0.001146
0.001985
0.002513
0.002534
0.002148
0.001667
0.001286
0.001040
0.001130
0.001465
0.001665
0.001536
0.001064
0.000642
0.000672
0.001124
0.001522
0.001399
0.000818
0.000176
-0.000099
-0.000054
-0.000156
-0.000623
-0.001337
-0.001910
-0.001930
-0.001393
-0.000694
-0.000211
0.000065
0.000263
0.000500
0.000738
0.000820
0.000808
0.000674
0.000373
-0.000058
-0.000539
-0.000728
-0.000504
-0.000086
0.000232
0.000270
0.000034
-0.000357
-0.000780
-0.001199
-0.001631
-0.002146
-0.002567
-0.002674
-0.002560
-0.002300
-0.001962
-0.001549
-0.000975
-0.000242
0.000638
0.001370
0.001641
0.001477
0.000904
-0.000035
-0.001129
-0.002127
-0.002718
-0.002885
-0.002856
-0.002735
-0.002525
-0.001969
-0.001139
-0.000522
-0.000350
-0.000623
-0.001123
-0.001646
-0.002232
-0.002941
-0.003666
-0.004009
-0.003667
-0.002630
-0.001201
0.000188
0.001487
0.002724
0.003600
0.003615
0.002470
0.000391
-0.001789
-0.003241
-0.003903
-0.004372
-0.005309
-0.006774
-0.007976
-0.007987
-0.006599
-0.004449
-0.002421
-0.001093
-0.000557
-0.000339
0.000093
0.000910
0.001825
0.002100
0.001178
-0.000899
-0.003440
-0.005331
-0.005970
-0.005636
-0.004943
-0.004377
-0.003941
-0.003298
-0.002273
-0.000791
0.000801
0.001760
0.001930
0.001737
0.001587
0.001591
0.001595
0.001429
0.001091
0.000733
0.000564
0.000727
0.001041
0.001181
0.000781
-0.000189
-0.001226
-0.001881
-0.001904
-0.001237
-0.000200
0.000739
0.001259
0.001278
0.001108
0.001205
0.001745
0.002340
0.002453
0.001837
0.000617
-0.000727
-0.001906
-0.002975
-0.003996
-0.004955
-0.005668
-0.005690
-0.004713
-0.002842
-0.000662
0.001194
0.002349
0.002613
0.002302
0.001830
0.001417
0.001014
0.000355
-0.000427
-0.001082
-0.001545
-0.001695
-0.001415
-0.000708
0.000109
0.000488
-0.000035
-0.001611
-0.003848
-0.005890
-0.006824
-0.006221
-0.004665
-0.003309
-0.002707
-0.002556
-0.002063
-0.000706
0.001074
0.002617
0.003645
0.004086
0.004030
0.003507
0.002531
0.001121
-0.000524
-0.001845
-0.002508
-0.002881
-0.003564
-0.004787
-0.006263
-0.007269
-0.007309
-0.006574
-0.005422
-0.004016
-0.002532
-0.001122
0.000043
0.000802
0.001100
0.000812
-0.000202
-0.001819
-0.003515
-0.004703
-0.005159
-0.004996
-0.004394
-0.003486
-0.002321
-0.001051
0.000180
0.001240
0.001932
0.002368
0.002459
0.001848
0.000497
-0.001464
-0.003589
-0.005260
-0.006108
-0.006229
-0.006017
-0.005760
-0.005413
-0.004694
-0.003391
-0.001605
0.000071
0.001205
0.001957
0.002586
0.003025
0.002827
0.001604
-0.000246
-0.001654
-0.001972
-0.001449
-0.000863
-0.000692
-0.000793
-0.000712
-0.000120
0.000740
0.001519
0.001801
0.000955
-0.000992
-0.003364
-0.005236
-0.005698
-0.004467
-0.002182
0.000209
0.002113
0.003437
0.004258
0.004609
0.004619
0.004421
0.004036
0.003088
0.001178
-0.001524
-0.004058
-0.005218
-0.004711
-0.003297
-0.002124
-0.001761
-0.001651
-0.000821
0.001206
0.004199
0.006978
0.008249
0.007674
0.005935
0.004056
0.002462
0.001275
0.000664
0.000590
0.000808
0.000998
0.001047
0.000992
0.001064
0.001465
0.001842
0.001963
0.001737
0.001206
0.000998
0.001480
0.002373
0.003244
0.003909
0.004523
0.005395
0.006396
0.007266
0.007903
0.007802
0.006953
0.005842
0.004667
0.003436
0.002171
0.001130
0.000453
0.000127
0.000018
0.000036
0.000441
0.001327
0.002525
0.003717
0.004627
0.005219
0.005538
0.005861
0.006314
0.006825
0.007275
0.007427
0.007359
0.007269
0.007329
0.007582
0.007785
0.007874
0.007726
0.007379
0.007058
0.006595
0.005876
0.004883
0.003841
0.003180
0.003109
0.003677
0.004479
0.005070
0.005404
0.005674
0.006054
0.006415
0.006521
0.006278
0.005930
0.005827
0.006063
0.006397
0.006509
0.006157
0.005329
0.004403
0.003640
0.003038
0.002596
0.002438
0.002629
0.003075
0.003714
0.004373
0.004851
0.004838
0.004188
0.003352
0.002988
0.003283
0.003983
0.004754
0.005060
0.004804
0.004329
0.003754
0.003282
0.002903
0.002271
0.001472
0.000513
-0.000350
-0.000382
0.000285
0.001042
0.001506
0.001535
0.001398
0.001827
0.003112
0.004600
0.005702
0.005901
0.005050
0.003626
0.002287
0.001591
0.001254
0.000688
-0.000278
-0.001360
-0.001801
-0.001286
-0.000296
0.000695
0.001271
0.001440
0.001588
0.001695
0.001970
0.002514
0.003182
0.003893
0.004246
0.004421
0.004625
0.004649
0.004574
0.004377
0.004071
0.003897
0.004020
0.004263
0.004306
0.004206
0.004140
0.004428
0.005010
0.005391
0.005529
0.005469
0.005410
0.005365
0.005394
0.005619
0.005674
0.005475
0.005230
0.004940
0.004572
0.004202
0.004001
0.003975
0.003942
0.003900
0.003697
0.003285
0.002855
0.002563
0.002533
0.002774
0.003028
0.003092
0.003121
0.003222
0.003361
0.003439
0.003384
0.003344
0.003473
0.003751
0.004188
0.004563
0.004770
0.004823
0.004471
0.003834
0.003231
0.002992
0.003308
0.003953
0.004483
0.004419
0.003856
0.003280
0.003003
0.003027
0.003054
0.002852
0.002334
0.001398
0.000557
0.000416
0.000917
0.001760
0.002228
0.002121
0.001982
0.002197
0.002783
0.003319
0.003559
0.003538
0.003361
0.003083
0.002607
0.002040
0.001347
0.000528
0.000004
-0.000067
0.000374
0.001263
0.002116
0.002698
0.003318
0.004094
0.004846
0.005355
0.005293
0.004747
0.003998
0.003070
0.002045
0.001104
0.000419
0.000006
-0.000166
-0.000079
-0.000007
0.000056
0.000247
0.000372
0.000602
0.000973
0.001314
0.001544
0.001567
0.001450
0.001054
0.000522
0.000117
-0.000154
-0.000207
-0.000283
-0.000579
-0.001151
-0.001983
-0.002550
-0.002631
-0.002453
-0.002110
-0.001608
-0.000901
-0.000100
0.000694
0.001474
0.002118
0.002539
0.002723
0.002720
0.002536
0.002135
0.001607
0.001017
0.000459
0.000088
-0.000144
-0.000221
-0.000090
-0.000054
-0.000258
-0.000597
-0.000962
-0.001123
-0.000959
-0.000850
-0.001048
-0.001377
-0.001635
-0.001589
-0.001290
-0.001162
-0.001409
-0.001937
-0.002632
-0.003291
-0.003710
-0.003782
-0.003644
-0.003357
-0.002861
-0.002458
-0.002326
-0.002385
-0.002483
-0.002336
-0.001977
-0.001792
-0.002107
-0.003006
-0.004113
-0.004984
-0.005442
-0.005398
-0.005065
-0.004724
-0.004345
-0.003821
-0.002952
-0.001803
-0.000858
-0.000467
-0.000416
-0.000551
-0.000938
-0.001443
-0.001995
-0.002418
-0.002505
-0.002445
-0.002647
-0.003163
-0.003810
-0.004140
-0.003909
-0.003397
-0.002793
-0.002400
-0.002326
-0.002313
-0.002277
-0.002314
-0.002378
-0.002376
-0.002302
-0.002232
-0.002364
-0.002704
-0.003039
-0.003098
-0.002958
-0.002986
-0.003119
-0.003270
-0.003428
-0.003560
-0.003624
-0.003649
-0.003759
-0.003796
-0.003714
-0.003665
-0.003614
-0.003480
-0.003342
-0.003189
-0.002922
-0.002613
-0.002446
-0.002423
-0.002378
-0.002298
-0.002232
-0.002198
-0.002221
-0.002260
-0.002249
-0.002135
-0.001812
-0.001177
-0.000490
-0.000107
-0.000127
-0.000366
-0.000518
-0.000638
-0.000839
-0.001095
-0.001437
-0.001735
-0.001788
-0.001665
-0.001414
-0.001009
-0.000584
-0.000147
0.000400
0.000990
0.001405
0.001358
0.000818
0.000088
-0.000650
-0.001235
-0.001635
-0.002002
-0.002258
-0.002188
-0.001770
-0.001206
-0.000729
-0.000550
-0.000686
-0.001134
-0.001921
-0.002806
-0.003513
-0.004123
-0.004720
-0.005208
-0.005618
-0.005814
-0.005725
-0.005475
-0.005078
-0.004711
-0.004559
-0.004547
-0.004592
-0.004650
-0.004582
-0.004431
-0.004289
-0.004111
-0.003849
-0.003581
-0.003569
-0.003962
-0.004648
-0.005325
-0.005633
-0.005390
-0.004826
-0.004287
-0.003753
-0.003135
-0.002410
-0.001501
-0.000621
-0.000146
-0.000200
-0.000621
-0.001350
-0.002121
-0.002529
-0.002684
-0.002720
-0.002698
-0.002868
-0.003069
-0.002868
-0.002397
-0.002030
-0.002124
-0.002738
-0.003299
-0.003281
-0.002677
-0.002052
-0.002067
-0.002630
-0.003158
-0.003397
-0.003325
-0.002950
-0.002361
-0.001817
-0.001516
-0.001414
-0.001347
-0.001191
-0.001058
-0.001009
-0.001102
-0.001365
-0.001568
-0.001555
-0.001298
-0.000795
-0.000301
-0.000079
0.000012
0.000026
-0.000089
-0.000173
-0.000264
-0.000495
-0.000850
-0.001381
-0.001877
-0.002047
-0.002093
-0.002101
-0.001968
-0.001788
-0.001582
-0.001376
-0.001259
-0.001211
-0.001158
-0.001150
-0.001207
-0.001313
-0.001568
-0.002003
-0.002445
-0.002618
-0.002428
-0.002103
-0.001826
-0.001667
-0.001646
-0.001628
-0.001480
-0.001145
-0.000659
-0.000283
-0.000318
-0.000683
-0.001105
-0.001502
-0.001870
-0.002155
-0.002486
-0.002870
-0.002980
-0.002728
-0.002184
-0.001528
-0.001074
-0.000837
-0.000536
-0.000038
0.000392
0.000527
0.000378
-0.000140
-0.000914
-0.001639
-0.002145
-0.002256
-0.001943
-0.001436
-0.001035
-0.000901
-0.000854
-0.000778
-0.000752
-0.000808
-0.000931
-0.000930
-0.000693
-0.000349
-0.000059
-0.000010
-0.000158
-0.000494
-0.001052
-0.001629
-0.002064
-0.002210
-0.002081
-0.001831
-0.001588
-0.001483
-0.001565
-0.001767
-0.002014
-0.002204
-0.002325
-0.002313
-0.002151
-0.001997
-0.001793
-0.001435
-0.000805
0.000031
0.000873
0.001593
0.001951
0.001929
0.001733
0.001491
0.001273
0.001066
0.000822
0.000505
0.000179
-0.000021
-0.000126
-0.000204
-0.000322
-0.000409
-0.000388
-0.000371
-0.000387
-0.000465
-0.000621
-0.000861
-0.001163
-0.001525
-0.001858
-0.002074
-0.002285
-0.002373
-0.002236
-0.001885
-0.001322
-0.000738
-0.000323
-0.000172
-0.000238
-0.000494
-0.000930
-0.001348
-0.001688
-0.001923
-0.001930
-0.001739
-0.001248
-0.000537
0.000195
0.000952
0.001508
0.001767
0.001788
0.001635
0.001412
0.001121
0.000601
-0.000319
-0.001386
-0.002194
-0.002634
-0.002707
-0.002455
-0.001987
-0.001347
-0.000600
0.000067
0.000391
0.000267
-0.000281
-0.001191
-0.002022
-0.002472
-0.002798
-0.002999
-0.003027
-0.002912
-0.002436
-0.001637
-0.000842
-0.000401
-0.000326
-0.000429
-0.000604
-0.000610
-0.000518
-0.000581
-0.000818
-0.001275
-0.001803
-0.002247
-0.002464
-0.002164
-0.001349
-0.000345
0.000532
0.001167
0.001620
0.002177
0.002878
0.003401
0.003668
0.003676
0.003225
0.002501
0.001850
0.001282
0.000739
0.000100
-0.000585
-0.001009
-0.001086
-0.000928
-0.000708
-0.000667
-0.000884
-0.001173
-0.001314
-0.001207
-0.000931
-0.000786
-0.000926
-0.001132
-0.001193
-0.001225
-0.001464
-0.002018
-0.002806
-0.003509
-0.003953
-0.004073
-0.003945
-0.003921
-0.003963
-0.003861
-0.003487
-0.002599
-0.001392
-0.000459
-0.000109
-0.000358
-0.000979
-0.001540
-0.001667
-0.001276
-0.000730
-0.000361
-0.000238
-0.000088
0.000477
0.001369
0.002243
0.002831
0.002819
0.002133
0.001258
0.000662
0.000491
0.000637
0.000657
0.000122
-0.000901
-0.001760
-0.001774
-0.000814
0.000485
0.001338
0.001621
0.001412
0.000835
0.000203
-0.000280
-0.000543
-0.000617
-0.000602
-0.000613
-0.000583
-0.000365
0.000092
0.000560
0.000767
0.000742
0.000702
0.000757
0.000848
0.000989
0.001176
0.001501
0.001925
0.002146
0.002044
0.001796
0.001614
0.001513
0.001495
0.001615
0.001777
0.001817
0.001740
0.001536
0.001131
0.000627
0.000257
0.000046
-0.000266
-0.000697
-0.001085
-0.001364
-0.001500
-0.001608
-0.001608
-0.001284
-0.000634
0.000037
0.000289
0.000088
-0.000264
-0.000438
-0.000351
-0.000174
-0.000176
-0.000367
-0.000429
-0.000223
0.000271
0.000951
0.001592
0.002093
0.002374
0.002478
0.002552
0.002665
0.002836
0.003019
0.003070
0.002864
0.002380
0.001704
0.001201
0.001085
0.001181
0.001326
0.001436
0.001519
0.001575
0.001600
0.001667
0.001817
0.001893
0.001708
0.001273
0.000642
-0.000234
-0.001281
-0.002195
-0.002793
-0.003037
-0.002814
-0.002097
-0.001108
-0.000096
0.000750
0.001328
0.001661
0.001737
0.001364
0.000526
-0.000535
-0.001532
-0.002273
-0.002704
-0.002702
-0.002441
-0.002169
-0.001866
-0.001517
-0.001019
-0.000287
0.000628
0.001604
0.002295
0.002426
0.002289
0.002330
0.002646
0.002919
0.002824
0.002316
0.001511
0.000683
0.000094
-0.000098
0.000076
0.000343
0.000437
0.000294
0.000120
0.000287
0.000845
0.001453
0.001716
0.001499
0.001108
0.000910
0.001057
0.001505
0.001999
0.002358
0.002566
0.002675
0.002903
0.003315
0.003739
0.003990
0.003840
0.003176
0.002156
0.001044
0.000003
-0.000787
-0.001186
-0.001236
-0.001076
-0.000819
-0.000401
0.000308
0.001295
0.002279
0.002917
0.003067
0.002797
0.002279
0.001645
0.000982
0.000418
-0.000025
-0.000488
-0.001015
-0.001436
-0.001532
-0.001293
-0.000880
-0.000427
0.000091
0.000845
0.001803
0.002747
0.003386
0.003475
0.003143
0.002598
0.001980
0.001487
0.001074
0.000670
0.000385
0.000295
0.000446
0.000815
0.001271
0.001634
0.001870
0.002101
0.002451
0.002982
0.003519
0.003739
0.003581
0.003248
0.002949
0.002855
0.002999
0.003227
0.003240
0.002946
0.002598
0.002347
0.002261
0.002261
0.002128
0.001895
0.001750
0.001722
0.001756
0.001789
0.001731
0.001606
0.001544
0.001647
0.001817
0.001805
0.001455
0.000885
0.000365
0.000088
0.000148
0.000544
0.001068
0.001437
0.001634
0.001848
0.002122
0.002286
0.002258
0.002169
0.002182
0.002275
0.002268
0.002103
0.001849
0.001532
0.001239
0.001081
0.001049
0.001043
0.000971
0.000812
0.000653
0.000665
0.000952
0.001389
0.001666
0.001709
0.001760
0.002027
0.002439
0.002736
0.002732
0.002292
0.001499
0.000715
0.000247
0.000159
0.000308
0.000510
0.000642
0.000619
0.000502
0.000434
0.000448
0.000577
0.000763
0.000886
0.000933
0.000913
0.000805
0.000704
0.000780
0.001081
0.001554
0.002050
0.002374
0.002409
0.002160
0.001784
0.001503
0.001372
0.001259
0.000935
0.000363
-0.000359
-0.001114
-0.001741
-0.002235
-0.002514
-0.002529
-0.002331
-0.001884
-0.001224
-0.000541
0.000033
0.000478
0.000792
0.001044
0.001286
0.001392
0.001190
0.000723
0.000179
-0.000245
-0.000407
-0.000282
-0.000015
0.000175
0.000199
0.000094
0.000035
0.000144
0.000378
0.000614
0.000698
0.000590
0.000361
0.000176
0.000134
0.000094
-0.000073
-0.000311
-0.000498
-0.000537
-0.000456
-0.000299
-0.000046
0.000290
0.000710
0.001089
0.001327
0.001544
0.001809
0.002093
0.002346
0.002495
0.002535
0.002586
0.002734
0.002882
0.002900
0.002741
0.002418
0.001956
0.001309
0.000494
-0.000249
-0.000687
-0.000903
-0.001053
-0.001185
-0.001319
-0.001451
-0.001482
-0.001254
-0.000849
-0.000465
-0.000175
-0.000105
-0.000301
-0.000643
-0.000975
-0.001104
-0.001107
-0.001170
-0.001327
-0.001452
-0.001354
-0.001045
-0.000653
-0.000340
-0.000264
-0.000463
-0.000710
-0.000727
-0.000577
-0.000512
-0.000705
-0.001070
-0.001429
-0.001700
-0.001850
-0.001925
-0.001957
-0.001926
-0.001756
-0.001441
-0.001165
-0.000988
-0.000843
-0.000664
-0.000520
-0.000617
-0.000937
-0.001273
-0.001506
-0.001697
-0.001832
-0.001843
-0.001745
-0.001525
-0.001254
-0.000985
-0.000691
-0.000390
-0.000125
0.000055
0.000098
0.000067
0.000137
0.000307
0.000369
0.000259
0.000057
-0.000071
-0.000031
0.000013
-0.000010
-0.000016
0.000042
0.000169
0.000312
0.000390
0.000367
0.000297
0.000223
0.000260
0.000397
0.000357
0.000087
-0.000189
-0.000215
0.000080
0.000477
0.000752
0.000820
0.000738
0.000683
0.000820
0.001243
0.001775
0.002029
0.001898
0.001525
0.001028
0.000496
0.000001
-0.000321
-0.000420
-0.000355
-0.000141
0.000166
0.000460
0.000630
0.000736
0.000865
0.001012
0.001176
0.001307
0.001242
0.000934
0.000620
0.000407
0.000198
-0.000120
-0.000562
-0.000924
-0.001066
-0.001019
-0.000825
-0.000719
-0.000934
-0.001373
-0.001809
-0.002034
-0.002136
-0.002280
-0.002329
-0.002223
-0.001957
-0.001502
-0.001085
-0.000748
-0.000307
0.000139
0.000471
0.000717
0.000897
0.000954
0.000797
0.000462
0.000013
-0.000454
-0.000757
-0.000761
-0.000651
-0.000676
-0.000822
-0.001045
-0.001226
-0.001288
-0.001282
-0.001287
-0.001337
-0.001371
-0.001333
-0.001248
-0.001121
-0.000924
-0.000751
-0.000717
-0.000845
-0.001074
-0.001234
-0.001265
-0.001358
-0.001648
-0.002107
-0.002503
-0.002556
-0.002239
-0.001654
-0.001030
-0.000604
-0.000401
-0.000298
-0.000175
0.000043
0.000314
0.000422
0.000226
-0.000120
-0.000325
-0.000270
-0.000165
-0.000300
-0.000717
-0.001328
-0.001892
-0.002111
-0.001936
-0.001421
-0.000879
-0.000651
-0.000670
-0.000875
-0.000996
-0.000829
-0.000582
-0.000374
-0.000359
-0.000397
-0.000259
-0.000095
-0.000022
-0.000139
-0.000482
-0.000826
-0.000885
-0.000668
-0.000313
-0.000039
-0.000077
-0.000377
-0.000811
-0.001344
-0.001813
-0.001887
-0.001580
-0.001101
-0.000767
-0.000566
-0.000667
-0.000808
-0.001000
-0.001203
-0.001238
-0.001230
-0.001341
-0.001566
-0.001865
-0.002249
-0.002781
-0.003500
-0.004115
-0.004119
-0.003391
-0.002421
-0.002002
-0.002300
-0.002709
-0.002667
-0.002128
-0.001538
-0.001242
-0.001142
-0.001042
-0.000920
-0.000791
-0.000584
-0.000260
0.000072
0.000220
0.000137
0.000095
0.000297
0.000746
0.001354
0.001712
0.001518
0.001029
0.000767
0.001013
0.001592
0.002002
0.002010
0.001729
0.001282
0.000985
0.000999
0.001121
0.001121
0.000822
0.000235
-0.000488
-0.001219
-0.001828
-0.002076
-0.001786
-0.001171
-0.000581
-0.000220
-0.000136
-0.000177
-0.000131
0.000067
0.000218
0.000007
-0.000599
-0.001269
-0.001572
-0.001438
-0.001224
-0.001206
-0.001401
-0.001595
-0.001553
-0.001158
-0.000433
0.000346
0.000855
0.000878
0.000403
-0.000167
-0.000349
-0.000138
0.000177
0.000285
-0.000120
-0.000909
-0.001549
-0.001699
-0.001388
-0.000875
-0.000431
-0.000329
-0.000619
-0.000978
-0.001032
-0.000642
-0.000098
0.000101
-0.000122
-0.000410
-0.000410
-0.000073
0.000293
0.000402
0.000208
-0.000098
-0.000321
-0.000308
-0.000093
0.000007
-0.000138
-0.000272
-0.000199
0.000012
0.000239
0.000317
0.000211
0.000045
-0.000237
-0.000558
-0.000702
-0.000741
-0.000894
-0.001323
-0.001917
-0.002303
-0.002347
-0.002224
-0.002053
-0.001927
-0.001760
-0.001455
-0.001191
-0.001062
-0.001021
-0.001110
-0.001390
-0.001852
-0.002290
-0.002515
-0.002596
-0.002519
-0.002277
-0.002051
-0.001922
-0.001777
-0.001641
-0.001505
-0.001295
-0.001074
-0.000877
-0.000842
-0.001043
-0.001318
-0.001567
-0.001796
-0.001995
-0.002078
-0.001972
-0.001658
-0.001043
-0.000258
0.000287
0.000427
0.000276
-0.000008
-0.000269
-0.000469
-0.000602
-0.000738
-0.001073
-0.001430
-0.001454
-0.001179
-0.000793
-0.000522
-0.000422
-0.000259
-0.000020
0.000209
0.000474
0.000724
0.000992
0.001509
0.002668
0.004792
0.007451
0.009324
0.008587
0.003435
-0.005798
-0.015454
-0.021117
-0.020262
-0.013535
-0.004629
0.001969
0.003782
0.002194
0.001161
0.002915
0.006510
0.009477
0.009807
0.008237
0.007086
0.007374
0.008052
0.006887
0.002706
-0.003378
-0.008951
-0.011793
-0.011391
-0.009017
-0.006048
-0.003234
-0.000820
0.001399
0.003717
0.006103
0.007726
0.007256
0.004294
0.000139
-0.002912
-0.003457
-0.002197
-0.000907
-0.000795
-0.001784
-0.002809
-0.002772
-0.001284
0.001087
0.003132
0.003948
0.003463
0.002224
0.000877
-0.000252
-0.001110
-0.001745
-0.002047
-0.001932
-0.001533
-0.000895
-0.000056
0.000941
0.001916
0.002398
0.001982
0.000800
-0.000367
-0.000581
0.000430
0.001908
0.002766
0.002517
0.001589
0.000842
0.001030
0.002218
0.003593
0.004348
0.004175
0.003343
0.002404
0.001779
0.001757
0.002292
0.002837
0.002766
0.002022
0.001173
0.000855
0.001235
0.001930
0.002361
0.002241
0.001864
0.001827
0.002378
0.003093
0.003196
0.002305
0.000885
-0.000089
-0.000090
0.000456
0.000833
0.000624
-0.000128
-0.001010
-0.001559
-0.001483
-0.000797
0.000246
0.001409
0.002587
0.003667
0.004475
0.004864
0.004754
0.004147
0.003140
0.002017
0.001128
0.000633
0.000447
0.000315
0.000107
-0.000052
-0.000012
0.000236
0.000555
0.000790
0.000871
0.000757
0.000357
-0.000452
-0.001471
-0.002126
-0.001937
-0.000754
0.000945
0.002226
0.002450
0.001738
0.000880
0.000657
0.001239
0.002114
0.002633
0.002568
0.002061
0.001353
0.000725
0.000333
0.000088
-0.000079
-0.000124
-0.000125
-0.000255
-0.000510
-0.000710
-0.000638
-0.000162
0.000533
0.001023
0.000985
0.000352
-0.000640
-0.001424
-0.001451
-0.000666
0.000506
0.001435
0.001648
0.001216
0.000559
0.000060
-0.000052
0.000160
0.000438
0.000558
0.000403
0.000124
0.000073
0.000396
0.000786
0.000763
0.000217
-0.000537
-0.000988
-0.000897
-0.000489
-0.000031
0.000223
0.000131
-0.000183
-0.000401
-0.000140
0.000587
0.001339
0.001645
0.001273
0.000471
-0.000311
-0.000749
-0.000763
-0.000602
-0.000524
-0.000518
-0.000374
0.000098
0.000882
0.001665
0.002135
0.002346
0.002436
0.002362
0.001986
0.001239
0.000297
-0.000576
-0.001182
-0.001458
-0.001451
-0.001225
-0.000895
-0.000596
-0.000370
-0.000118
0.000348
0.001010
0.001551
0.001685
0.001362
0.000698
-0.000027
-0.000448
-0.000423
-0.000177
-0.000049
-0.000228
-0.000706
-0.001168
-0.001216
-0.000750
0.000005
0.000641
0.000899
0.000873
0.000808
0.000837
0.000916
0.000856
0.000516
-0.000003
-0.000454
-0.000674
-0.000716
-0.000691
-0.000646
-0.000596
-0.000550
-0.000503
-0.000409
-0.000169
0.000286
0.000880
0.001415
0.001695
0.001648
0.001379
0.001062
0.000832
0.000723
0.000676
0.000616
0.000553
0.000599
0.000800
0.001040
0.001134
0.001016
0.000793
0.000631
0.000624
0.000786
0.001079
0.001407
0.001648
0.001698
0.001552
0.001288
0.000984
0.000706
0.000455
0.000225
0.000066
0.000010
0.000053
0.000190
0.000418
0.000710
0.000995
0.001192
0.001246
0.001138
0.000890
0.000591
0.000367
0.000323
0.000460
0.000627
0.000688
0.000670
0.000681
0.000774
0.000920
0.001053
0.001105
0.001027
0.000812
0.000533
0.000311
0.000204
0.000191
0.000229
0.000288
0.000357
0.000465
0.000639
0.000837
0.000962
0.000919
0.000678
0.000321
-0.000003
-0.000167
-0.000181
-0.000154
-0.000178
-0.000220
-0.000198
-0.000105
0.000005
0.000080
0.000107
0.000101
0.000077
0.000068
0.000075
0.000041
-0.000075
-0.000234
-0.000341
-0.000314
-0.000164
0.000004
0.000113
0.000126
0.000067
-0.000012
-0.000106
-0.000235
-0.000404
-0.000581
-0.000700
-0.000720
-0.000653
-0.000528
-0.000383
-0.000259
-0.000179
-0.000147
-0.000131
-0.000105
-0.000075
-0.000077
-0.000151
-0.000302
-0.000487
-0.000634
-0.000704
-0.000703
-0.000672
-0.000647
-0.000630
-0.000602
-0.000535
-0.000431
-0.000307
-0.000175
-0.000068
-0.000015
-0.000031
-0.000107
-0.000216
-0.000331
-0.000421
-0.000467
-0.000479
-0.000479
-0.000477
-0.000475
-0.000467
-0.000449
-0.000427
-0.000409
-0.000408
-0.000431
-0.000460
-0.000466
-0.000439
-0.000396
-0.000363
-0.000350
-0.000346
-0.000342
-0.000330
-0.000313
-0.000300
-0.000297
-0.000305
-0.000325
-0.000356
-0.000397
-0.000441
-0.000477
-0.000500
-0.000498
-0.000469
-0.000428
-0.000386
-0.000354
-0.000323
-0.000296
-0.000279
-0.000271
-0.000275
-0.000290
-0.000310
-0.000323
-0.000329
-0.000333
-0.000335
-0.000333
-0.000328
-0.000321
-0.000310
-0.000300
-0.000294
-0.000293
-0.000293
-0.000300
-0.000317
-0.000348
-0.000385
-0.000408
-0.000406
-0.000381
-0.000348
-0.000325
-0.000314
-0.000306
-0.000300
-0.000295
-0.000293
-0.000297
-0.000306
-0.000321
-0.000338
-0.000354
-0.000365
-0.000372
-0.000373
-0.000371
-0.000364
-0.000352
-0.000340
-0.000329
-0.000321
-0.000316
-0.000312
-0.000308
-0.000304
-0.000300
-0.000295
-0.000289
-0.000283
-0.000277
-0.000272
-0.000269
-0.000271
-0.000274
-0.000279
-0.000285
-0.000287
-0.000287
-0.000283
-0.000276
-0.000272
-0.000266
-0.000261
-0.000257
-0.000251
-0.000246
-0.000240
-0.000235
-0.000230
-0.000226
-0.000223
-0.000221
-0.000220
-0.000220
-0.000219
-0.000215
-0.000213
-0.000210
-0.000206
-0.000201
-0.000194
-0.000186
-0.000180
-0.000175
-0.000170
-0.000168
-0.000166
-0.000164
-0.000160
-0.000156
-0.000151
-0.000147
-0.000142
-0.000137
-0.000132
-0.000128
-0.000123
-0.000119
-0.000115
-0.000111
-0.000107
-0.000103
-0.000099
-0.000095
-0.000092
-0.000088
-0.000084
-0.000079
-0.000074
-0.000069
-0.000064
-0.000058
-0.000053
-0.000048
-0.000043
-0.000038
-0.000033
-0.000029
-0.000024
-0.000019
-0.000014
-0.000010
-0.000004
0.000001
0.000006
0.000011
0.000016
0.000022
0.000027
0.000033
0.000038
0.000043
0.000048
0.000054
0.000059
0.000065
0.000071
0.000076
0.000082
0.000087
0.000092
0.000098
0.000104
0.000110
0.000115
0.000122
0.000127
0.000133
0.000139
0.000145
0.000151
0.000157
