-0.006933
-0.007414
-0.002840
0.003194
0.002310
0.002316
0.002299
0.002259
0.002208
0.002165
0.002143
0.002143
0.002156
0.002183
0.002223
0.002248
0.002228
0.002184
0.002157
0.002161
0.002194
0.002249
0.002304
0.002340
0.002351
0.002336
0.002298
0.002251
0.002221
0.002211
0.002165
0.002060
0.001998
0.002071
0.002245
0.002425
0.002502
0.002462
0.002422
0.002423
0.002361
0.002234
0.002182
0.002214
0.002162
0.001971
0.001800
0.001761
0.001770
0.001751
0.001751
0.001825
0.001963
0.002170
0.002438
0.002591
0.002392
0.001992
0.001864
0.002112
0.002397
0.002390
0.002084
0.001854
0.002104
0.002857
0.003751
0.004224
0.003878
0.002900
0.001786
0.000797
-0.000009
-0.000464
-0.000217
0.000895
0.002535
0.004171
0.005304
0.005468
0.004746
0.004021
0.004033
0.004573
0.004996
0.004849
0.004084
0.003266
0.002919
0.002905
0.002894
0.002536
0.001481
-0.000083
-0.001545
-0.002646
-0.003438
-0.003780
-0.003266
-0.001556
0.001027
0.003574
0.005330
0.005816
0.004944
0.003622
0.003447
0.004842
0.006544
0.007208
0.005988
0.002751
-0.000680
-0.001395
0.001238
0.004660
0.006276
0.005369
0.002475
-0.000791
-0.002350
-0.000710
0.003783
0.008155
0.009276
0.006542
0.002061
-0.000960
-0.001703
-0.002337
-0.004418
-0.007122
-0.008061
-0.004872
0.001661
0.006787
0.006924
0.003709
0.000441
-0.002502
-0.006545
-0.011621
-0.015215
-0.015215
-0.012716
-0.009795
-0.006744
-0.003318
0.000405
0.004881
0.009797
0.013165
0.013494
0.011132
0.007290
0.003235
0.000147
-0.001502
-0.002262
-0.002545
-0.001466
0.002135
0.007804
0.012489
0.012447
0.008019
0.003530
0.001355
0.000536
0.001000
0.003868
0.008076
0.011163
0.011224
0.007130
0.001346
-0.000136
0.004534
0.009363
0.007563
-0.000678
-0.009029
-0.009861
0.000893
0.017642
0.027104
0.021122
0.004194
-0.011940
-0.018053
-0.014109
-0.008590
-0.009549
-0.015363
-0.016868
-0.009648
0.001471
0.010467
0.015613
0.016551
0.013500
0.010536
0.011270
0.012541
0.009652
0.003721
-0.000895
-0.003153
-0.005169
-0.006697
-0.004556
0.001737
0.005528
0.000715
-0.005614
-0.000641
0.016093
0.031999
0.036698
0.034106
0.034714
0.037885
0.034078
0.019370
-0.004691
-0.030445
-0.039649
-0.021595
0.008613
0.025377
0.020433
0.006263
-0.003223
-0.007551
-0.013569
-0.020073
-0.017563
-0.000345
0.029712
0.064694
0.088032
0.085621
0.064278
0.040684
0.020273
0.004703
-0.000171
0.003205
0.001091
-0.014971
-0.034650
-0.039433
-0.024789
-0.002317
0.015773
0.023809
0.019260
0.004012
-0.012458
-0.017861
-0.009040
0.003764
0.012138
0.018885
0.025527
0.023963
0.008165
-0.014955
-0.033597
-0.042540
-0.044237
-0.044505
-0.046952
-0.049984
-0.049707
-0.044174
-0.033471
-0.017380
0.001712
0.015375
0.019168
0.017539
0.012366
0.004253
0.003424
0.021288
0.050438
0.066818
0.056784
0.033005
0.018306
0.021999
0.034505
0.038527
0.027995
0.013783
0.007273
0.005560
-0.000292
-0.006463
0.001859
0.027437
0.052439
0.056908
0.037268
0.005433
-0.023962
-0.042307
-0.047185
-0.040001
-0.026096
-0.011841
-0.000349
0.008170
0.019100
0.042527
0.076072
0.096371
0.082250
0.034411
-0.030581
-0.087060
-0.114207
-0.113391
-0.100154
-0.087229
-0.076670
-0.059292
-0.023001
0.030288
0.072566
0.070031
0.025384
-0.016593
-0.017900
0.012014
0.037452
0.042294
0.037409
0.035881
0.040208
0.047607
0.051818
0.044391
0.024767
0.000236
-0.024021
-0.038597
-0.025851
0.012799
0.042801
0.033833
-0.003781
-0.030146
-0.017179
0.021571
0.048072
0.041562
0.013150
-0.009830
-0.011643
-0.006153
-0.017199
-0.047267
-0.078004
-0.093581
-0.093531
-0.079858
-0.048690
-0.012249
-0.000628
-0.015818
-0.015327
0.031395
0.090120
0.095728
0.035668
-0.028846
-0.034758
0.010537
0.050810
0.052232
0.025012
-0.011166
-0.051998
-0.094993
-0.127713
-0.133350
-0.104899
-0.055455
0.004228
0.060961
0.079695
0.057840
0.029915
0.005230
-0.018142
-0.022427
-0.004895
0.001302
-0.028409
-0.079122
-0.119603
-0.125362
-0.087406
-0.021506
0.036475
0.053629
0.032631
0.017872
0.047083
0.104202
0.129946
0.083444
-0.004578
-0.057215
-0.038278
0.005350
0.013480
-0.009567
-0.024825
-0.019496
-0.002209
0.020603
0.033274
0.014822
-0.026685
-0.056163
-0.050969
-0.023454
-0.002937
0.002689
0.011352
0.027002
0.025187
-0.002744
-0.027568
-0.024551
-0.003664
0.013721
0.019129
0.010574
-0.009436
-0.029698
-0.038919
-0.030606
-0.004185
0.031210
0.056818
0.050593
0.004263
-0.061485
-0.109488
-0.116192
-0.086058
-0.038855
0.008611
0.044258
0.062924
0.067192
0.052300
0.013302
-0.026597
-0.036388
-0.025363
-0.026576
-0.047611
-0.069202
-0.068189
-0.026378
0.050898
0.111268
0.102620
0.046760
0.003673
-0.006152
-0.003161
-0.014860
-0.051122
-0.092835
-0.106010
-0.076059
-0.026143
0.005985
0.006920
-0.003446
0.000206
0.020941
0.038979
0.032796
0.000241
-0.039724
-0.067148
-0.081241
-0.090744
-0.092085
-0.074222
-0.036491
0.005541
0.026092
0.014874
-0.004973
-0.009388
-0.004251
-0.004672
-0.010848
-0.013837
-0.012732
-0.017509
-0.033266
-0.052593
-0.062896
-0.056867
-0.040537
-0.025288
-0.013293
0.000819
0.021600
0.047921
0.072566
0.092211
0.105914
0.098423
0.054947
-0.007267
-0.053094
-0.070739
-0.074393
-0.071020
-0.049855
-0.010693
0.023577
0.038044
0.045084
0.058217
0.066360
0.051417
0.019479
-0.008851
-0.030769
-0.058194
-0.091601
-0.114541
-0.112875
-0.094090
-0.076949
-0.065834
-0.048923
-0.020789
0.005277
0.012493
0.000339
-0.015458
-0.021719
-0.019504
-0.015854
-0.014137
-0.011887
-0.005321
0.000761
-0.007580
-0.031132
-0.045685
-0.036909
-0.024568
-0.029671
-0.044558
-0.052646
-0.057104
-0.069535
-0.082827
-0.073748
-0.031281
0.023515
0.055829
0.058890
0.057919
0.069651
0.084273
0.086796
0.073702
0.046661
0.009092
-0.025229
-0.039033
-0.030238
-0.012107
0.003155
0.013303
0.019368
0.018676
0.011944
0.009042
0.014403
0.017297
0.010398
0.002758
0.002947
0.005158
0.003069
-0.000829
-0.007154
-0.020309
-0.037550
-0.048179
-0.045678
-0.041545
-0.049505
-0.056947
-0.038312
0.009596
0.060006
0.082631
0.073160
0.048207
0.018494
-0.012759
-0.034140
-0.036664
-0.028389
-0.023881
-0.028087
-0.030892
-0.020425
-0.000310
0.016441
0.021933
0.016899
0.010563
0.009396
0.007757
0.001095
-0.004529
-0.005041
-0.006748
-0.013845
-0.019841
-0.018473
-0.014439
-0.016892
-0.025970
-0.034618
-0.041316
-0.047242
-0.045076
-0.026850
0.003177
0.033521
0.056432
0.071136
0.075096
0.061310
0.038712
0.031526
0.046234
0.066003
0.075499
0.070414
0.049468
0.013315
-0.030336
-0.062628
-0.064690
-0.048132
-0.050995
-0.088322
-0.137921
-0.175995
-0.194713
-0.189339
-0.154564
-0.102482
-0.061439
-0.040052
-0.015085
0.031896
0.083653
0.108226
0.100406
0.082225
0.070624
0.065354
0.061277
0.056530
0.050330
0.040943
0.029931
0.025724
0.033739
0.046529
0.051646
0.043059
0.027558
0.020068
0.020556
0.010366
-0.015446
-0.033864
-0.024968
-0.001254
0.008242
-0.007666
-0.033936
-0.048912
-0.042290
-0.019768
-0.006389
-0.024920
-0.058373
-0.068944
-0.046169
-0.005230
0.034248
0.053897
0.050532
0.041838
0.044952
0.058702
0.070281
0.073013
0.070459
0.067250
0.066449
0.068051
0.061903
0.034836
-0.007095
-0.037819
-0.040486
-0.025161
-0.013283
-0.015232
-0.023506
-0.024279
-0.014767
-0.007912
-0.018422
-0.041748
-0.059354
-0.063422
-0.059347
-0.050862
-0.038713
-0.027720
-0.024248
-0.030752
-0.044633
-0.058212
-0.063663
-0.061348
-0.056745
-0.054637
-0.059237
-0.069561
-0.078144
-0.079703
-0.074093
-0.061902
-0.044752
-0.029716
-0.026222
-0.033912
-0.039663
-0.033704
-0.022515
-0.016571
-0.014782
-0.011694
-0.008037
-0.005080
0.001986
0.016336
0.030740
0.037607
0.039282
0.041855
0.048325
0.058482
0.071280
0.086507
0.105215
0.127957
0.151010
0.167201
0.170532
0.160076
0.142460
0.123479
0.100451
0.075111
0.059785
0.059796
0.064394
0.060412
0.047172
0.033974
0.026857
0.023756
0.020704
0.016079
0.007561
-0.006630
-0.025288
-0.044602
-0.056770
-0.057505
-0.050626
-0.041821
-0.035983
-0.036220
-0.041568
-0.049650
-0.059063
-0.065570
-0.062931
-0.051012
-0.036636
-0.024986
-0.015250
-0.003431
0.012382
0.028783
0.039487
0.038653
0.025649
0.007018
-0.010558
-0.019511
-0.011084
0.011127
0.030820
0.037010
0.030316
0.015547
-0.001043
-0.012458
-0.015248
-0.015220
-0.020639
-0.026925
-0.023889
-0.013870
-0.004767
0.007636
0.030694
0.057934
0.076604
0.081824
0.078829
0.075963
0.076598
0.079276
0.083187
0.087285
0.088550
0.085760
0.077658
0.060863
0.038236
0.019846
0.011435
0.011496
0.015104
0.016898
0.016682
0.019244
0.025076
0.028226
0.026498
0.023990
0.021285
0.013267
0.000462
-0.005684
0.003776
0.023549
0.041662
0.049594
0.045035
0.034604
0.029521
0.033552
0.038913
0.036941
0.027311
0.013603
-0.001291
-0.013552
-0.018246
-0.014346
-0.007754
-0.007357
-0.017677
-0.033570
-0.043948
-0.039298
-0.018435
0.007106
0.021323
0.017361
0.000284
-0.017956
-0.028863
-0.034209
-0.039132
-0.046806
-0.057648
-0.063754
-0.054673
-0.033915
-0.016746
-0.011966
-0.014736
-0.014724
-0.006239
0.007883
0.018003
0.015319
0.004072
-0.001596
0.003206
0.011172
0.016786
0.019439
0.016711
0.009492
0.007745
0.017732
0.030971
0.037401
0.040025
0.044475
0.050972
0.060094
0.069969
0.073096
0.063747
0.046233
0.030747
0.022426
0.018801
0.017433
0.021954
0.033034
0.042978
0.045260
0.040427
0.033952
0.031437
0.034922
0.042492
0.048869
0.046222
0.030368
0.006958
-0.011358
-0.016451
-0.013700
-0.012737
-0.015751
-0.021013
-0.027542
-0.034744
-0.041797
-0.045902
-0.042093
-0.029008
-0.013742
-0.005279
-0.007297
-0.021301
-0.044141
-0.059684
-0.056434
-0.047917
-0.050618
-0.059162
-0.057099
-0.040791
-0.024013
-0.020524
-0.029914
-0.040320
-0.043581
-0.044085
-0.049346
-0.059380
-0.069392
-0.076972
-0.081875
-0.080034
-0.066259
-0.042275
-0.013842
0.015592
0.042476
0.058581
0.055774
0.033570
0.005502
-0.007351
-0.002933
-0.000876
-0.012942
-0.029068
-0.033708
-0.024699
-0.013222
-0.009401
-0.013402
-0.020015
-0.023458
-0.021032
-0.015794
-0.011853
-0.010388
-0.013399
-0.024527
-0.041194
-0.051195
-0.044138
-0.025197
-0.007244
0.007460
0.023069
0.036722
0.042535
0.040704
0.037664
0.039284
0.045130
0.051201
0.054130
0.051744
0.043950
0.034926
0.031899
0.038143
0.049365
0.056508
0.051152
0.033250
0.011895
-0.005102
-0.016721
-0.023136
-0.023838
-0.023495
-0.028529
-0.036280
-0.038531
-0.035592
-0.035676
-0.039109
-0.035618
-0.018534
0.006655
0.027733
0.037104
0.037908
0.035391
0.027460
0.012543
-0.003903
-0.017532
-0.029102
-0.038831
-0.044066
-0.042669
-0.036681
-0.030638
-0.026456
-0.022921
-0.017061
-0.006117
0.006718
0.014787
0.016968
0.018831
0.024260
0.028032
0.024251
0.015238
0.005170
-0.004881
-0.013884
-0.019777
-0.021091
-0.017324
-0.010684
-0.005105
-0.000376
0.006611
0.014988
0.020896
0.024131
0.028258
0.034525
0.038301
0.033039
0.017927
-0.001217
-0.018621
-0.031338
-0.038341
-0.040394
-0.037095
-0.026643
-0.010232
0.006900
0.020505
0.029339
0.033395
0.033175
0.028492
0.018772
0.004386
-0.012359
-0.025813
-0.028662
-0.020554
-0.010468
-0.005212
-0.003198
-0.001497
-0.000580
-0.002678
-0.009970
-0.020049
-0.025938
-0.023349
-0.014537
-0.007244
-0.005969
-0.006342
-0.004441
-0.003844
-0.006956
-0.007018
0.001658
0.013432
0.019004
0.017023
0.014922
0.019078
0.027629
0.034228
0.036139
0.036767
0.039350
0.043292
0.046789
0.049431
0.051551
0.050827
0.043623
0.028817
0.011604
0.001701
0.002178
0.006992
0.007426
-0.000016
-0.008335
-0.008728
-0.003526
-0.003426
-0.011635
-0.020176
-0.022616
-0.020942
-0.019730
-0.021280
-0.025795
-0.031437
-0.035651
-0.036154
-0.031727
-0.024648
-0.018761
-0.015364
-0.013422
-0.010995
-0.007222
-0.003612
-0.001727
-0.003478
-0.010170
-0.016538
-0.014147
-0.002155
0.011772
0.021880
0.029272
0.034064
0.032372
0.024534
0.017463
0.015756
0.015823
0.011856
0.005626
0.004629
0.010658
0.016529
0.014264
0.002841
-0.012466
-0.021485
-0.013903
0.006141
0.023666
0.031731
0.033603
0.034599
0.035998
0.035071
0.030971
0.027399
0.027123
0.026412
0.019793
0.008064
-0.004739
-0.017019
-0.024567
-0.019602
-0.002554
0.016966
0.030595
0.032410
0.022026
0.009311
0.004254
0.006625
0.009937
0.008286
0.000743
-0.005678
-0.002559
0.010346
0.022654
0.020624
0.003849
-0.011560
-0.013891
-0.007401
-0.000262
0.004771
0.007063
0.005688
0.000059
-0.008687
-0.017623
-0.023971
-0.025908
-0.025064
-0.024426
-0.021828
-0.013647
-0.003859
-0.001793
-0.010022
-0.020145
-0.023625
-0.021469
-0.019516
-0.020049
-0.021626
-0.023182
-0.022520
-0.014391
0.001789
0.017540
0.022424
0.016865
0.013298
0.019250
0.028865
0.032010
0.025048
0.012129
-0.000710
-0.009105
-0.009965
-0.003414
0.004825
0.007984
0.004667
0.000336
0.001156
0.006782
0.012164
0.011754
0.004125
-0.005478
-0.012089
-0.015637
-0.018137
-0.020624
-0.020960
-0.015828
-0.005732
0.004514
0.010382
0.012138
0.013473
0.015348
0.015678
0.015046
0.015734
0.015578
0.011547
0.005834
0.000847
-0.006081
-0.016643
-0.026272
-0.029350
-0.024503
-0.015699
-0.008285
-0.003968
-0.001763
-0.001105
-0.002261
-0.002926
0.000190
0.004432
0.004903
0.003286
0.004813
0.008952
0.008838
0.001684
-0.005598
-0.004504
0.003703
0.008379
0.002675
-0.008010
-0.012627
-0.007217
0.003034
0.010699
0.009942
0.000987
-0.007254
-0.005567
0.005826
0.019811
0.030334
0.035698
0.036840
0.032833
0.023739
0.015373
0.012502
0.013500
0.014561
0.013032
0.008174
0.003355
0.003635
0.010435
0.020580
0.027024
0.023827
0.014070
0.005959
0.001618
-0.000982
-0.001548
-0.000721
-0.001953
-0.006462
-0.010993
-0.011691
-0.008297
-0.004061
-0.002099
-0.000420
0.007726
0.023303
0.037697
0.042973
0.037812
0.026977
0.018915
0.016861
0.016070
0.012690
0.008132
0.005657
0.006097
0.008979
0.016866
0.029878
0.041070
0.046022
0.046954
0.045421
0.040238
0.032677
0.026064
0.020042
0.013468
0.009945
0.013739
0.023257
0.031304
0.030293
0.018442
-0.000162
-0.019103
-0.029194
-0.027116
-0.020747
-0.015976
-0.011577
-0.005930
0.000722
0.007432
0.011907
0.010105
0.000601
-0.011261
-0.017176
-0.015305
-0.013264
-0.018473
-0.027442
-0.028321
-0.015983
0.000625
0.010746
0.011820
0.006924
0.002035
0.002095
0.006212
0.008627
0.004316
-0.006487
-0.018131
-0.024146
-0.022793
-0.017330
-0.011989
-0.007893
-0.003279
0.001295
0.002303
-0.000901
-0.004701
-0.005671
-0.004280
-0.003591
-0.004467
-0.003962
0.000243
0.004440
0.003403
-0.000564
-0.001163
0.002567
0.007920
0.012965
0.015288
0.012287
0.004964
-0.001530
-0.004648
-0.006447
-0.009005
-0.013575
-0.019493
-0.023603
-0.023563
-0.021117
-0.021410
-0.026054
-0.029914
-0.027582
-0.018348
-0.006973
-0.000374
0.000298
-0.001036
-0.002277
-0.003765
-0.005919
-0.008479
-0.011284
-0.014451
-0.017845
-0.021354
-0.024073
-0.024211
-0.021083
-0.016638
-0.015170
-0.018404
-0.021000
-0.017019
-0.007726
0.000479
0.000997
-0.006981
-0.016780
-0.022595
-0.025098
-0.027206
-0.028607
-0.027162
-0.024105
-0.022640
-0.022269
-0.018922
-0.011010
-0.002907
-0.001275
-0.007479
-0.014840
-0.017520
-0.016573
-0.014574
-0.012116
-0.010500
-0.012558
-0.016700
-0.015521
-0.006013
0.004126
0.004580
-0.005260
-0.016792
-0.022279
-0.018428
-0.007417
0.002408
0.004649
0.001166
-0.001662
0.001343
0.010072
0.019563
0.024602
0.022591
0.014106
0.002955
-0.004934
-0.005469
-0.001077
0.001220
-0.001597
-0.004571
-0.002789
0.000997
0.001541
-0.001828
-0.005905
-0.007531
-0.007239
-0.008729
-0.013031
-0.017188
-0.018289
-0.015783
-0.011725
-0.008500
-0.008145
-0.012408
-0.021236
-0.032030
-0.039254
-0.038750
-0.032650
-0.027139
-0.025928
-0.027348
-0.028245
-0.027084
-0.023815
-0.018767
-0.012053
-0.004533
0.003664
0.012868
0.019527
0.019014
0.011951
0.003049
-0.004591
-0.010032
-0.012629
-0.014720
-0.017648
-0.018648
-0.016345
-0.011298
-0.004702
0.001350
0.004952
0.005715
0.004039
-0.000546
-0.006705
-0.010109
-0.008771
-0.005816
-0.005747
-0.009599
-0.017138
-0.027108
-0.035705
-0.039937
-0.036350
-0.025530
-0.016204
-0.014212
-0.015663
-0.014311
-0.009143
-0.004876
-0.006670
-0.012897
-0.017054
-0.016864
-0.014095
-0.010342
-0.007294
-0.005778
-0.005256
-0.003714
-0.000366
0.001480
-0.001749
-0.010084
-0.019167
-0.022777
-0.019090
-0.012801
-0.011167
-0.016121
-0.021071
-0.019680
-0.011872
-0.002425
0.003105
0.003413
0.001983
0.001931
0.003325
0.005949
0.010460
0.016376
0.021106
0.023392
0.021928
0.015722
0.009044
0.005107
0.001360
-0.005385
-0.014132
-0.019371
-0.016983
-0.008575
0.000794
0.006401
0.005536
-0.000579
-0.006617
-0.008914
-0.009166
-0.009768
-0.010445
-0.011481
-0.012572
-0.010164
-0.003256
0.005042
0.011133
0.012366
0.009100
0.004495
0.002531
0.003204
0.001549
-0.005090
-0.013200
-0.017001
-0.013457
-0.005900
-0.003001
-0.008087
-0.014112
-0.012928
-0.003829
0.006765
0.012211
0.011502
0.008059
0.004359
-0.000474
-0.006309
-0.011054
-0.012902
-0.011206
-0.007931
-0.004512
-0.001138
-0.000269
-0.003817
-0.009137
-0.013887
-0.017996
-0.018082
-0.010466
0.001840
0.011219
0.013896
0.012308
0.009852
0.008272
0.009087
0.013999
0.021681
0.027589
0.028665
0.024323
0.015794
0.007255
0.004035
0.008423
0.015525
0.017135
0.013965
0.014252
0.019507
0.024131
0.025240
0.022406
0.014459
0.002872
-0.007588
-0.013842
-0.016498
-0.017284
-0.017799
-0.018066
-0.015291
-0.008645
-0.001755
0.001731
0.001779
0.001535
0.003175
0.004728
0.003027
-0.002077
-0.007909
-0.011764
-0.013008
-0.012476
-0.012012
-0.013987
-0.017426
-0.018150
-0.014663
-0.008875
-0.004354
-0.004080
-0.006388
-0.008147
-0.008836
-0.009069
-0.009853
-0.010563
-0.007500
-0.000121
0.006735
0.009827
0.009206
0.007025
0.005478
0.003942
0.000796
-0.003717
-0.006649
-0.006012
-0.003776
-0.002785
-0.003624
-0.004226
-0.002303
0.002040
0.006632
0.008221
0.006373
0.003882
0.002104
0.001210
0.000338
-0.002524
-0.007582
-0.014083
-0.019675
-0.020819
-0.017373
-0.011969
-0.006769
-0.001095
0.005521
0.010929
0.013524
0.013928
0.014100
0.014342
0.011877
0.005726
0.000575
0.000799
0.004566
0.005473
-0.000004
-0.008477
-0.015234
-0.018328
-0.017330
-0.012735
-0.006402
-0.001110
0.001902
0.002775
0.001636
0.000588
0.001438
0.002717
0.002386
0.000453
-0.001655
-0.004102
-0.007610
-0.008846
-0.004802
0.001427
0.006128
0.009339
0.010779
0.008851
0.004605
0.000336
-0.002640
-0.003314
-0.002312
0.000142
0.005899
0.015115
0.024385
0.029574
0.029446
0.026163
0.023044
0.020701
0.017329
0.012985
0.009081
0.006121
0.003458
0.000702
-0.000027
0.004079
0.011435
0.016541
0.016420
0.012834
0.008957
0.006508
0.005943
0.007280
0.009057
0.009481
0.009757
0.012283
0.015511
0.015600
0.012402
0.009109
0.007192
0.005298
0.001854
-0.003622
-0.009413
-0.011908
-0.010621
-0.009364
-0.009002
-0.006686
-0.002923
-0.000432
0.000238
-0.000472
-0.002514
-0.005802
-0.008734
-0.009432
-0.008258
-0.005229
0.001027
0.008660
0.012896
0.011201
0.004548
-0.002455
-0.005142
-0.004441
-0.003159
-0.002462
-0.004185
-0.007500
-0.007437
-0.002091
0.005573
0.012419
0.017261
0.019383
0.018665
0.017358
0.016220
0.013084
0.006773
-0.002401
-0.011842
-0.015871
-0.012250
-0.006150
-0.002371
-0.001050
-0.001360
-0.001454
0.001605
0.007367
0.010896
0.007177
-0.002578
-0.010257
-0.010547
-0.006656
-0.003717
-0.003132
-0.003804
-0.005238
-0.007801
-0.010243
-0.011229
-0.010438
-0.007981
-0.005899
-0.005229
-0.003744
-0.000411
0.002124
0.000259
-0.006101
-0.011116
-0.009492
-0.004095
-0.000788
-0.000736
-0.001976
-0.002636
-0.001261
-0.000270
-0.003978
-0.010114
-0.013473
-0.013502
-0.011411
-0.007523
-0.003927
-0.003113
-0.003766
-0.001641
0.004142
0.009167
0.010341
0.008573
0.005798
0.004194
0.005821
0.010925
0.016507
0.018979
0.018321
0.017124
0.017862
0.019608
0.018467
0.013663
0.008605
0.006249
0.007204
0.010895
0.015198
0.017233
0.017314
0.016815
0.014069
0.009207
0.005037
0.001897
-0.001241
-0.003194
-0.002411
-0.000000
0.002950
0.006917
0.011357
0.013928
0.013833
0.013665
0.015115
0.016808
0.017973
0.018904
0.019099
0.019517
0.021461
0.022614
0.019422
0.011304
0.000975
-0.007960
-0.013016
-0.013647
-0.011165
-0.007060
-0.001586
0.005427
0.013751
0.022138
0.026935
0.026447
0.023022
0.017224
0.008663
-0.000520
-0.007450
-0.011243
-0.014312
-0.017545
-0.018518
-0.015472
-0.007050
0.004576
0.012592
0.014086
0.011128
0.005570
0.000097
-0.003221
-0.006130
-0.009724
-0.010783
-0.007217
-0.002293
0.000396
0.001039
0.001148
0.001993
0.005017
0.009187
0.011296
0.010566
0.008742
0.007316
0.006860
0.007111
0.008193
0.010146
0.011612
0.012287
0.011456
0.007744
0.004359
0.004963
0.006840
0.005511
0.001535
-0.001119
-0.000694
0.001429
0.003657
0.005715
0.007395
0.007568
0.006868
0.007102
0.007876
0.008523
0.008871
0.007493
0.003698
-0.000922
-0.004505
-0.005975
-0.004328
-0.000024
0.002899
0.000074
-0.005847
-0.007345
-0.003769
-0.000886
-0.000664
-0.001672
-0.002025
0.000481
0.004644
0.006893
0.006386
0.004651
0.002631
0.001415
0.002953
0.006731
0.008603
0.005450
-0.001237
-0.006843
-0.008260
-0.005716
-0.000306
0.005964
0.008732
0.004725
-0.003341
-0.010115
-0.013488
-0.013662
-0.011541
-0.008941
-0.007973
-0.009197
-0.010764
-0.010924
-0.009334
-0.005104
0.001871
0.008889
0.011839
0.007427
-0.002500
-0.010995
-0.012030
-0.006009
0.000642
0.002485
-0.001295
-0.007559
-0.010975
-0.009433
-0.005133
0.000217
0.005146
0.007385
0.007715
0.009890
0.013890
0.014117
0.007963
0.000183
-0.005129
-0.008547
-0.011183
-0.013280
-0.013506
-0.010102
-0.005375
-0.002939
-0.002630
-0.003502
-0.004765
-0.004530
-0.002433
0.000013
0.000625
-0.002305
-0.007469
-0.011324
-0.011331
-0.007273
-0.001337
0.003916
0.006718
0.005458
0.000388
-0.005505
-0.009104
-0.008970
-0.004616
0.001484
0.004320
0.003230
0.002277
0.003946
0.006980
0.009107
0.010049
0.010375
0.008507
0.003265
-0.002482
-0.005454
-0.006717
-0.008043
-0.007700
-0.006114
-0.007577
-0.012253
-0.015325
-0.013580
-0.009019
-0.005986
-0.005546
-0.005448
-0.004214
-0.001274
0.003447
0.007623
0.009281
0.008726
0.007157
0.006790
0.008536
0.010422
0.009009
0.003285
-0.003203
-0.006956
-0.007072
-0.003697
0.001167
0.005161
0.008586
0.011837
0.013497
0.013133
0.011014
0.006837
0.002133
-0.000379
0.000015
0.001613
0.003003
0.003920
0.003578
0.002022
0.001414
0.002395
0.000934
-0.006033
-0.015040
-0.020963
-0.022141
-0.019312
-0.014213
-0.009238
-0.006435
-0.006676
-0.008528
-0.007983
-0.003512
0.001026
0.002561
0.001648
-0.001268
-0.005573
-0.008895
-0.009532
-0.009316
-0.010737
-0.011592
-0.008651
-0.003129
0.002278
0.005596
0.005019
0.000175
-0.006263
-0.009630
-0.008735
-0.007069
-0.006285
-0.004521
-0.001535
0.001101
0.003433
0.006311
0.009682
0.013465
0.017561
0.020084
0.018902
0.015222
0.011955
0.009357
0.005497
0.000219
-0.003759
-0.004920
-0.005328
-0.006376
-0.006798
-0.006237
-0.006082
-0.005996
-0.004137
-0.000664
0.002521
0.003416
0.001266
-0.002162
-0.004647
-0.006455
-0.008455
-0.008866
-0.005142
0.002808
0.012215
0.018879
0.020871
0.019368
0.015543
0.010176
0.004942
0.000829
-0.002839
-0.005338
-0.004208
0.000413
0.005412
0.007994
0.006650
0.002888
0.000974
0.001926
0.002922
0.003635
0.005878
0.009255
0.012075
0.013315
0.012925
0.011484
0.010103
0.009124
0.007076
0.004719
0.004799
0.007586
0.011921
0.016607
0.019704
0.019057
0.014694
0.009951
0.007924
0.008265
0.009305
0.009556
0.007717
0.004314
0.001138
-0.001197
-0.003476
-0.006267
-0.008950
-0.010093
-0.009256
-0.007185
-0.004331
-0.001060
0.001273
0.001155
-0.000436
-0.000564
0.001426
0.002808
0.002159
0.001448
0.001292
-0.001211
-0.007100
-0.011998
-0.011632
-0.007640
-0.004546
-0.002703
0.001243
0.007060
0.010672
0.009933
0.006527
0.003412
0.000806
-0.003266
-0.008493
-0.012323
-0.013839
-0.013491
-0.011277
-0.008373
-0.005918
-0.002475
0.002307
0.005518
0.005341
0.003008
0.000329
-0.001129
-0.000702
0.000059
0.000083
-0.000132
-0.000631
-0.001064
-0.000773
-0.000386
-0.000483
-0.000628
-0.000616
-0.001050
-0.002920
-0.006991
-0.012049
-0.013972
-0.009882
-0.003626
-0.002241
-0.006959
-0.013255
-0.017475
-0.018793
-0.017919
-0.016783
-0.016858
-0.017776
-0.018656
-0.018500
-0.015920
-0.010539
-0.004947
-0.003278
-0.006733
-0.012097
-0.015110
-0.014263
-0.011508
-0.009457
-0.008164
-0.005773
-0.001982
0.001239
0.002789
0.003850
0.005897
0.007587
0.005803
0.000947
-0.003595
-0.006805
-0.010103
-0.012741
-0.011542
-0.006157
-0.000429
0.003130
0.005243
0.006175
0.005166
0.002313
-0.001733
-0.007086
-0.011817
-0.012577
-0.010595
-0.008940
-0.007144
-0.004214
-0.001685
-0.001063
-0.001950
-0.003798
-0.006178
-0.007819
-0.008253
-0.008279
-0.008621
-0.010001
-0.011531
-0.010102
-0.004877
0.001128
0.004155
0.002020
-0.003113
-0.005355
-0.001910
0.004377
0.009256
0.010594
0.009390
0.008674
0.010053
0.012444
0.013404
0.010346
0.003093
-0.005414
-0.011759
-0.013937
-0.011675
-0.007484
-0.005063
-0.004922
-0.005280
-0.005145
-0.004464
-0.003860
-0.003770
-0.003064
0.000050
0.004915
0.008748
0.010689
0.011897
0.013336
0.015146
0.015288
0.012216
0.008363
0.006124
0.004810
0.003418
0.001553
-0.000949
-0.002464
-0.000792
0.003436
0.006658
0.006459
0.004484
0.003759
0.004798
0.005768
0.006032
0.006948
0.009177
0.011999
0.013526
0.011946
0.008379
0.005651
0.005217
0.007129
0.009236
0.008033
0.002928
-0.003628
-0.008715
-0.011006
-0.012312
-0.013660
-0.012741
-0.009285
-0.006516
-0.006152
-0.006353
-0.004649
-0.001186
0.002833
0.006618
0.007967
0.005182
0.001154
0.000266
0.002526
0.005362
0.007553
0.008941
0.009834
0.011084
0.012747
0.013606
0.012906
0.011181
0.009649
0.008673
0.007559
0.005802
0.003661
0.002256
0.002565
0.004837
0.008090
0.010600
0.011376
0.009846
0.006438
0.002542
-0.000941
-0.003019
-0.003423
-0.003637
-0.003406
-0.001056
0.002286
0.005126
0.008240
0.011345
0.012951
0.013171
0.012130
0.009306
0.005958
0.004392
0.005047
0.006566
0.007690
0.007582
0.005885
0.003588
0.003125
0.005814
0.009674
0.011826
0.011348
0.008931
0.005604
0.002749
0.002084
0.003156
0.003308
0.001234
-0.001262
-0.001409
0.000912
0.003303
0.003734
0.003171
0.003817
0.005969
0.009109
0.012299
0.013617
0.011237
0.005781
0.000944
-0.000072
0.002499
0.005829
0.007255
0.006749
0.005097
0.002423
0.001169
0.003705
0.007244
0.008079
0.006858
0.004976
0.002251
-0.000755
-0.003342
-0.005374
-0.005710
-0.003739
-0.002002
-0.002491
-0.003857
-0.004403
-0.003454
-0.001382
-0.000098
-0.001195
-0.004092
-0.006736
-0.007471
-0.006837
-0.006217
-0.006108
-0.006147
-0.005181
-0.002895
-0.000399
0.001167
0.002265
0.004609
0.008076
0.011097
0.012608
0.011064
0.007035
0.004593
0.004345
0.002606
-0.000727
-0.001794
-0.000055
0.000863
0.000113
0.000527
0.003075
0.006192
0.008027
0.007326
0.004326
0.000255
-0.004500
-0.009782
-0.013614
-0.014637
-0.014110
-0.013238
-0.012210
-0.010816
-0.009164
-0.006763
-0.002541
0.002531
0.007446
0.011821
0.014382
0.014094
0.010613
0.005149
-0.001128
-0.007643
-0.012122
-0.013420
-0.013214
-0.012145
-0.010084
-0.008697
-0.008307
-0.007137
-0.005037
-0.003191
-0.001861
-0.000808
-0.000615
-0.001250
-0.002681
-0.005253
-0.006851
-0.006098
-0.004856
-0.003479
-0.000785
0.002381
0.004934
0.007010
0.007598
0.005286
0.001937
0.000567
0.000299
-0.001361
-0.003680
-0.005584
-0.008251
-0.011216
-0.011642
-0.009110
-0.007414
-0.009011
-0.010951
-0.010083
-0.007683
-0.005781
-0.004491
-0.003873
-0.003372
-0.001182
0.001994
0.002863
0.001257
-0.000540
-0.002201
-0.003468
-0.003316
-0.001976
-0.000346
0.000026
-0.002675
-0.008031
-0.012434
-0.012653
-0.009589
-0.007339
-0.008314
-0.010243
-0.011082
-0.011834
-0.011910
-0.010047
-0.007950
-0.007101
-0.007302
-0.008510
-0.009202
-0.007381
-0.004148
-0.001378
0.000908
0.002178
0.000849
-0.001568
-0.001603
0.000008
0.000797
0.000794
0.000268
-0.000224
0.000029
-0.000137
-0.001932
-0.004905
-0.006717
-0.005951
-0.005012
-0.005715
-0.006595
-0.006288
-0.004235
-0.000152
0.004453
0.007506
0.009176
0.009814
0.007626
0.002827
-0.000504
-0.000453
-0.000340
-0.002678
-0.005926
-0.008378
-0.008683
-0.006048
-0.002220
0.000751
0.001685
-0.000658
-0.005436
-0.009022
-0.009264
-0.008210
-0.008184
-0.008287
-0.006691
-0.003730
-0.001647
-0.000611
0.001060
0.002345
0.002019
0.001012
-0.000964
-0.003556
-0.004104
-0.002136
0.000029
0.000350
-0.001434
-0.003702
-0.004197
-0.003337
-0.003781
-0.004822
-0.003339
0.000592
0.004007
0.004651
0.002308
-0.001554
-0.004900
-0.006120
-0.004924
-0.003034
-0.002550
-0.003457
-0.003293
-0.000660
0.002819
0.005008
0.004220
0.001422
-0.000332
-0.001520
-0.003229
-0.004134
-0.004774
-0.005491
-0.004365
-0.001522
0.001344
0.003781
0.005693
0.006885
0.007559
0.007584
0.005823
0.002022
-0.001779
-0.003474
-0.002607
-0.000520
0.000403
-0.000354
0.000106
0.003038
0.005029
0.003317
-0.000698
-0.003555
-0.003615
-0.002586
-0.002386
-0.001690
0.001042
0.003981
0.006354
0.009348
0.010684
0.007734
0.002545
-0.002123
-0.005297
-0.005596
-0.002725
0.000167
-0.000480
-0.003934
-0.005202
-0.001618
0.003293
0.004908
0.002502
-0.001162
-0.004012
-0.006345
-0.007319
-0.005540
-0.002074
0.001534
0.004845
0.006905
0.007236
0.007959
0.010048
0.011155
0.009926
0.006841
0.002906
0.000205
-0.000525
-0.000621
-0.000139
0.001377
0.002468
0.001953
0.000302
-0.001335
-0.000775
0.002345
0.005169
0.007208
0.009157
0.008687
0.005564
0.002713
0.001700
0.003049
0.006286
0.008864
0.008431
0.005219
0.001668
0.000587
0.002455
0.004706
0.004870
0.002568
-0.000845
-0.002387
0.000503
0.006714
0.011931
0.012880
0.010536
0.008500
0.008347
0.008176
0.005305
-0.000089
-0.004214
-0.004177
-0.000299
0.005572
0.010033
0.011096
0.010551
0.009265
0.006988
0.005882
0.007013
0.007864
0.007096
0.006314
0.006497
0.006668
0.004983
0.000752
-0.004335
-0.008772
-0.012616
-0.015312
-0.015998
-0.015200
-0.013549
-0.011015
-0.008239
-0.005735
-0.003556
-0.002159
-0.001000
0.000275
0.000504
-0.000030
0.000018
0.000426
0.000448
0.000224
0.000147
0.000576
0.002830
0.007698
0.012329
0.012909
0.009914
0.006700
0.005424
0.005798
0.005499
0.003003
0.000060
-0.000610
0.000459
0.001573
0.004270
0.008891
0.012396
0.013003
0.010368
0.005252
0.000182
-0.003029
-0.004388
-0.004540
-0.003862
-0.002640
-0.001432
-0.000439
0.000762
0.002254
0.002910
0.001577
-0.001357
-0.004427
-0.006766
-0.008132
-0.007376
-0.004277
-0.001474
-0.000053
0.001600
0.002797
0.002426
0.001206
-0.000974
-0.002742
-0.001867
-0.000856
-0.003003
-0.007178
-0.010657
-0.010733
-0.007204
-0.003607
-0.002439
-0.003384
-0.004813
-0.005657
-0.005912
-0.005634
-0.005404
-0.005559
-0.004840
-0.002961
-0.001371
-0.000519
-0.001101
-0.004146
-0.008242
-0.010971
-0.011253
-0.009202
-0.006460
-0.004134
-0.001682
-0.000339
-0.001041
-0.001571
-0.000771
-0.000033
-0.000396
-0.002000
-0.003808
-0.004458
-0.004355
-0.003783
-0.002088
0.001015
0.004141
0.003823
-0.000130
-0.003548
-0.004136
-0.002503
0.000171
0.001958
0.000720
-0.002059
-0.002545
-0.000965
-0.000403
-0.000932
-0.001250
-0.002365
-0.004318
-0.005872
-0.007348
-0.008451
-0.007748
-0.005913
-0.005450
-0.006298
-0.005763
-0.003687
-0.002782
-0.003547
-0.004596
-0.005844
-0.006607
-0.005403
-0.002784
-0.000949
-0.000156
0.001847
0.004819
0.006347
0.006386
0.005509
0.003923
0.002611
0.001718
-0.000165
-0.003293
-0.005562
-0.005394
-0.002844
0.000563
0.003082
0.004439
0.004257
0.002545
0.001460
0.003059
0.006656
0.009024
0.008254
0.005971
0.004450
0.003873
0.003040
0.002343
0.003447
0.005983
0.007646
0.006876
0.004646
0.003158
0.002659
0.001565
-0.001023
-0.003427
-0.003919
-0.003266
-0.001688
0.001171
0.004121
0.005755
0.005514
0.004297
0.003132
0.001092
-0.001938
-0.003590
-0.003009
-0.002972
-0.005106
-0.006400
-0.004458
-0.001228
0.001146
0.002141
0.001695
0.000695
0.000377
0.001732
0.004521
0.005912
0.003477
-0.000840
-0.003391
-0.003314
-0.002459
-0.002363
-0.001969
-0.000449
0.001248
0.002976
0.004349
0.003980
0.001999
0.000475
0.000441
0.000426
-0.000420
-0.000809
-0.000800
-0.002507
-0.005772
-0.007258
-0.005789
-0.003855
-0.003623
-0.005520
-0.007504
-0.006724
-0.003484
-0.000088
0.001872
0.001955
0.001478
0.002569
0.005053
0.006873
0.007908
0.009509
0.010870
0.010191
0.007487
0.004213
0.001722
-0.000489
-0.002871
-0.003087
-0.000595
0.001298
0.001607
0.001677
0.002236
0.004576
0.008112
0.009436
0.007113
0.003434
0.001100
0.001048
0.002457
0.003110
0.001867
-0.000093
-0.001558
-0.001954
-0.000414
0.002895
0.005395
0.005383
0.004489
0.004167
0.003561
0.002183
0.001539
0.002186
0.002551
0.002117
0.002566
0.004432
0.005321
0.004373
0.003855
0.005297
0.007582
0.008621
0.008061
0.007046
0.006008
0.004693
0.003159
0.001017
-0.001093
-0.001189
0.000330
0.001685
0.003142
0.005057
0.005506
0.004083
0.003541
0.004570
0.005142
0.004778
0.004477
0.004120
0.003447
0.003733
0.005115
0.006054
0.006141
0.005368
0.003727
0.002080
0.000568
-0.000756
-0.000966
-0.000974
-0.002169
-0.003546
-0.003919
-0.003697
-0.004185
-0.005158
-0.004688
-0.003352
-0.003145
-0.002479
0.000867
0.005170
0.007732
0.008660
0.008709
0.006426
0.000936
-0.004775
-0.006697
-0.005213
-0.003112
-0.001312
-0.000685
-0.001501
-0.001313
0.000931
0.002048
-0.000338
-0.003490
-0.004669
-0.005193
-0.005334
-0.004065
-0.002798
-0.001882
-0.000161
0.001378
0.001508
0.001015
0.001258
0.002927
0.005617
0.007466
0.007252
0.005986
0.004212
0.001995
0.000701
0.000163
-0.001161
-0.003166
-0.004424
-0.004181
-0.003689
-0.004073
-0.004688
-0.004474
-0.003086
-0.000930
0.000987
0.001327
0.000486
0.000313
0.001594
0.003679
0.004925
0.004578
0.003663
0.002751
0.001526
0.000784
0.001206
0.001864
0.002648
0.003106
0.001621
-0.000816
-0.002133
-0.002059
-0.001512
-0.001608
-0.002191
-0.002363
-0.002107
-0.001961
-0.002083
-0.002184
-0.001315
0.001431
0.004863
0.006488
0.005084
0.001735
-0.001203
-0.002970
-0.004198
-0.005028
-0.005659
-0.005535
-0.003594
-0.001019
0.000139
0.000068
-0.000139
-0.001072
-0.003544
-0.005630
-0.006305
-0.008115
-0.010719
-0.011022
-0.009805
-0.008085
-0.003877
0.001481
0.004621
0.006068
0.007061
0.007860
0.008884
0.009480
0.009099
0.007479
0.004421
0.001247
-0.001120
-0.003243
-0.004878
-0.006070
-0.007421
-0.007676
-0.005641
-0.002604
-0.001123
-0.000604
0.001612
0.003173
0.001325
-0.000844
-0.001314
-0.001978
-0.003672
-0.004922
-0.005136
-0.006206
-0.008053
-0.007811
-0.004862
-0.001875
-0.001225
-0.002021
-0.002477
-0.002509
-0.002058
-0.000741
0.000758
0.001176
-0.000042
-0.002078
-0.002831
-0.001839
-0.001239
-0.001804
-0.002944
-0.004645
-0.005956
-0.005929
-0.005157
-0.004116
-0.002777
-0.002124
-0.002080
-0.000715
0.001589
0.003131
0.003467
0.003044
0.002992
0.003472
0.003643
0.003455
0.003344
0.002538
0.000672
-0.000169
0.001119
0.002961
0.003747
0.003316
0.002838
0.004185
0.007658
0.010027
0.008580
0.005123
0.002495
0.001254
0.000511
-0.000800
-0.003293
-0.006500
-0.008353
-0.007842
-0.007000
-0.006928
-0.006252
-0.005039
-0.004296
-0.003042
-0.000662
0.000925
0.000464
-0.000375
-0.000831
-0.002471
-0.005118
-0.007123
-0.007870
-0.007285
-0.005704
-0.004254
-0.003423
-0.002698
-0.002446
-0.002522
-0.001485
0.000369
0.000984
0.000153
-0.000148
0.000052
-0.001630
-0.005269
-0.008544
-0.010135
-0.009583
-0.007345
-0.004883
-0.003154
-0.002110
-0.000965
0.000712
0.002534
0.002843
0.000053
-0.003263
-0.003651
-0.002516
-0.001472
0.000099
0.001151
0.001468
0.001819
0.000953
-0.000757
-0.001676
-0.002121
-0.002374
-0.003110
-0.005019
-0.006114
-0.005317
-0.004691
-0.005207
-0.005268
-0.003798
-0.002262
-0.002365
-0.003174
-0.002629
-0.000766
-0.000423
-0.002672
-0.005003
-0.006716
-0.008063
-0.007973
-0.007254
-0.006982
-0.006206
-0.004596
-0.003215
-0.002647
-0.001755
0.000539
0.002704
0.003077
0.001981
0.000247
-0.001831
-0.004407
-0.006960
-0.008043
-0.007528
-0.006971
-0.006075
-0.003351
-0.000451
-0.000890
-0.003670
-0.003978
-0.001008
0.002440
0.004373
0.004534
0.003468
0.001544
0.000206
0.000459
0.000897
-0.000155
-0.002572
-0.005324
-0.007594
-0.008250
-0.007446
-0.007203
-0.008469
-0.010534
-0.011740
-0.010741
-0.008084
-0.005091
-0.002990
-0.003013
-0.004642
-0.004907
-0.002827
-0.001528
-0.002171
-0.001841
0.000110
0.000878
-0.000013
-0.000406
0.000154
0.000458
0.000193
0.000298
0.001582
0.003176
0.002645
-0.000019
-0.001183
-0.000222
0.000160
0.000820
0.003683
0.006298
0.005524
0.002844
0.002245
0.003880
0.004235
0.002894
0.002395
0.002939
0.003174
0.002795
0.001586
-0.000126
-0.001052
-0.001625
-0.002550
-0.002850
-0.002496
-0.002538
-0.002929
-0.003002
-0.002840
-0.002842
-0.002783
-0.001646
0.000188
0.000509
-0.001012
-0.002913
-0.004503
-0.004337
-0.001256
0.002323
0.003715
0.003951
0.004864
0.005643
0.005251
0.003835
0.002525
0.002513
0.001935
0.000217
0.000843
0.003637
0.005252
0.005152
0.003588
0.001857
0.002172
0.003774
0.005671
0.007876
0.009280
0.009602
0.008784
0.006707
0.005091
0.004499
0.003205
0.000867
-0.000927
-0.001960
-0.002874
-0.003074
-0.002730
-0.002831
-0.002525
-0.000730
0.000581
-0.000100
-0.000867
-0.000466
-0.000021
0.000421
0.002035
0.003337
0.002009
-0.000575
-0.001582
-0.000926
0.000230
0.002039
0.004446
0.006569
0.008256
0.009772
0.010708
0.010758
0.010563
0.010354
0.009411
0.008126
0.007138
0.005947
0.005175
0.005527
0.005778
0.004461
0.002315
0.002667
0.005612
0.006517
0.004213
0.001991
0.001854
0.003937
0.007228
0.009005
0.007924
0.005681
0.003832
0.002139
-0.000570
-0.003285
-0.003374
-0.001611
-0.000259
0.001026
0.002342
0.002259
0.001795
0.003411
0.005831
0.005665
0.003071
0.001113
0.000541
0.000104
0.000522
0.002497
0.004609
0.005728
0.006593
0.007852
0.008326
0.007898
0.007916
0.007928
0.006255
0.003621
0.002397
0.002741
0.003548
0.005033
0.007080
0.008192
0.007949
0.007596
0.007894
0.008342
0.008444
0.007947
0.005806
0.002658
0.001506
0.001843
0.000908
-0.000330
-0.000188
0.000257
-0.000029
-0.000410
-0.000376
-0.000284
-0.000320
-0.000354
-0.000377
-0.000443
0.000146
0.001925
0.003734
0.004820
0.005237
0.004975
0.004807
0.004391
0.002839
0.001067
-0.000519
-0.002192
-0.003273
-0.004063
-0.004708
-0.003007
0.000929
0.003103
0.002106
0.000960
0.001746
0.003840
0.005622
0.005593
0.004535
0.003852
0.002394
-0.000642
-0.003170
-0.003427
-0.002615
-0.002659
-0.003417
-0.003753
-0.003381
-0.001995
0.000416
0.002179
0.002215
0.001959
0.003404
0.005585
0.005804
0.004600
0.003737
0.002940
0.002347
0.002565
0.002845
0.002711
0.003222
0.004806
0.005770
0.005185
0.004584
0.004912
0.005319
0.005281
0.004727
0.003030
0.000756
-0.000768
-0.002021
-0.003116
-0.003039
-0.003046
-0.004972
-0.006921
-0.006533
-0.005460
-0.005748
-0.006022
-0.004445
-0.002744
-0.002958
-0.002940
-0.001357
-0.001225
-0.003343
-0.004942
-0.005647
-0.006249
-0.006208
-0.005955
-0.006250
-0.005969
-0.004142
-0.002862
-0.003684
-0.003885
-0.001568
0.000236
-0.000643
-0.001038
0.001336
0.003204
0.002279
0.001533
0.003332
0.005602
0.005152
0.001764
-0.001852
-0.004116
-0.005922
-0.007621
-0.008532
-0.008599
-0.007772
-0.005872
-0.004063
-0.003550
-0.003075
-0.001342
-0.000155
-0.000692
-0.001239
-0.001630
-0.003006
-0.004310
-0.004943
-0.005781
-0.007108
-0.008673
-0.009334
-0.008763
-0.008098
-0.007146
-0.005101
-0.003137
-0.002201
-0.001880
-0.002708
-0.004108
-0.004983
-0.005856
-0.006249
-0.005846
-0.005818
-0.006172
-0.005262
-0.003303
-0.002871
-0.003927
-0.004148
-0.003439
-0.003171
-0.003322
-0.002363
-0.000427
0.000029
-0.001023
-0.001261
-0.000533
-0.000345
-0.001420
-0.003152
-0.003650
-0.001689
0.000500
-0.000142
-0.002824
-0.004626
-0.005154
-0.005792
-0.006178
-0.005954
-0.005529
-0.004279
-0.002961
-0.003035
-0.002832
-0.001083
0.000041
-0.000538
-0.001098
-0.000676
-0.000716
-0.002451
-0.004084
-0.003659
-0.002444
-0.002162
-0.002925
-0.003748
-0.003624
-0.003101
-0.003741
-0.006109
-0.008492
-0.009174
-0.008172
-0.005726
-0.002589
-0.000619
-0.000155
0.000847
0.002047
0.001001
-0.000939
-0.001605
-0.002354
-0.002760
-0.000923
0.000101
-0.002372
-0.004694
-0.003161
0.000486
0.002415
0.002063
0.001485
0.001696
0.002246
0.003275
0.004978
0.005724
0.005366
0.006259
0.008127
0.008500
0.007640
0.007470
0.007978
0.007580
0.005344
0.002529
0.000679
-0.000214
-0.000277
-0.000075
-0.000230
0.000463
0.002235
0.002762
0.001731
0.000866
-0.000123
-0.002161
-0.004045
-0.004339
-0.003646
-0.002881
-0.001749
-0.000652
-0.001414
-0.003595
-0.004321
-0.003293
-0.002666
-0.002479
-0.001433
-0.000303
0.000107
0.000316
-0.000082
-0.000990
-0.001033
-0.000483
-0.000033
0.001151
0.002415
0.002637
0.002987
0.003232
0.002988
0.004097
0.005375
0.004059
0.001729
0.001414
0.002555
0.002872
0.002216
0.001829
0.002296
0.003670
0.005117
0.005002
0.002818
0.000070
-0.001747
-0.002847
-0.003371
-0.003176
-0.003127
-0.003559
-0.003786
-0.003212
-0.001688
-0.000028
0.000266
-0.000955
-0.001661
-0.000918
-0.000270
-0.000517
-0.000886
-0.001651
-0.003309
-0.004122
-0.003354
-0.002856
-0.002972
-0.003007
-0.003488
-0.003989
-0.003742
-0.003469
-0.003517
-0.002622
-0.000617
0.000972
0.001780
0.001882
0.001536
0.001654
0.001961
0.000942
-0.001033
-0.001557
-0.001293
-0.002597
-0.004116
-0.003873
-0.003187
-0.003169
-0.002283
-0.000581
-0.000458
-0.001210
0.000105
0.002456
0.002594
0.001342
0.001325
0.002160
0.002415
0.001678
-0.000060
-0.001187
0.000241
0.002729
0.003931
0.004213
0.004423
0.004472
0.004485
0.004872
0.006067
0.007397
0.006806
0.004592
0.003859
0.005052
0.005619
0.004985
0.004278
0.003301
0.002022
0.001715
0.002316
0.002435
0.001966
0.001793
0.001701
0.000563
-0.000375
0.000896
0.001657
-0.000693
-0.003649
-0.005350
-0.006242
-0.006329
-0.005420
-0.003874
-0.002556
-0.001642
-0.000481
0.001171
0.001552
-0.000590
-0.002739
-0.003641
-0.004940
-0.005730
-0.004208
-0.002043
-0.001110
-0.000734
0.000347
0.001854
0.001833
-0.000151
-0.002044
-0.002482
-0.002397
-0.002627
-0.002028
-0.000638
-0.000408
-0.001232
-0.001395
-0.000431
0.001136
0.002249
0.002082
0.001478
0.001587
0.002050
0.002142
0.001981
0.001936
0.002018
0.002045
0.001978
0.001990
0.002855
0.004716
0.006342
0.007285
0.007582
0.007287
0.006782
0.005831
0.004711
0.003745
0.001923
-0.000350
-0.001090
-0.000441
-0.000217
-0.000732
-0.000499
0.001120
0.002406
0.001981
0.000752
0.000024
-0.000255
-0.000644
-0.000315
0.001333
0.002557
0.002075
0.001497
0.002946
0.005233
0.004937
0.002266
0.000914
0.001363
0.000747
-0.000896
-0.001215
-0.000544
-0.000569
-0.001061
-0.000578
0.001088
0.002310
0.002588
0.003451
0.004259
0.002933
0.000611
-0.000491
0.000090
0.001796
0.002816
0.002086
0.001259
0.001612
0.002086
0.001246
-0.000548
-0.001387
-0.000756
-0.000254
-0.000672
-0.000985
-0.000199
0.000731
0.000015
-0.001585
-0.002146
-0.001479
-0.000482
0.000299
0.001238
0.002039
0.001990
0.001415
0.000240
-0.001119
-0.001059
-0.000182
-0.000239
-0.000858
-0.000992
-0.000753
-0.000678
-0.000795
-0.000721
0.000009
0.000756
0.000005
-0.001275
-0.000398
0.002038
0.002864
0.001790
0.001004
0.000572
-0.000459
-0.001140
-0.000800
-0.000530
-0.000880
-0.001217
-0.000960
-0.000024
0.000499
-0.000531
-0.001755
-0.001751
-0.001818
-0.002824
-0.003858
-0.004280
-0.003944
-0.002831
-0.001554
-0.001275
-0.001747
-0.000744
0.002119
0.003688
0.002633
0.001218
0.000245
-0.000060
0.001129
0.001293
-0.000615
-0.001914
-0.002622
-0.004069
-0.005814
-0.006321
-0.004671
-0.002872
-0.003121
-0.004262
-0.004294
-0.003598
-0.003438
-0.004043
-0.005365
-0.006781
-0.006366
-0.003982
-0.002236
-0.001475
0.000059
0.002332
0.004217
0.004674
0.003651
0.002239
0.001107
0.000099
-0.000722
-0.000860
-0.000605
-0.000735
-0.001124
-0.001214
-0.001042
-0.000926
-0.000924
-0.000921
-0.000950
-0.001829
-0.003574
-0.003367
-0.000704
0.000319
-0.001191
-0.001953
-0.001166
-0.000626
-0.000888
-0.001110
-0.001078
-0.001996
-0.003845
-0.004338
-0.003474
-0.003826
-0.005307
-0.005190
-0.003585
-0.003073
-0.002832
-0.001255
-0.000425
-0.001221
-0.001561
-0.000438
0.001353
0.002179
0.000942
-0.001113
-0.001667
-0.000735
-0.000288
-0.000848
-0.001152
-0.000319
0.000555
-0.000116
-0.000741
0.000876
0.002631
0.002023
0.000479
0.000575
0.002060
0.002577
0.001551
-0.000185
-0.001567
-0.000908
0.001525
0.002806
0.001773
0.000780
0.001745
0.004048
0.005422
0.004741
0.003884
0.004289
0.004964
0.004957
0.004616
0.004510
0.004623
0.004697
0.004698
0.004714
0.004718
0.004665
0.004640
0.004687
0.004740
0.004729
0.004621
0.004531
0.004573
0.004653
0.004711
0.004138
0.002440
0.000655
-0.000467
-0.000936
-0.000072
0.001838
0.003191
0.003883
0.004695
0.005825
0.007140
0.007729
0.006726
0.004808
0.003406
0.002527
0.001934
0.002033
0.002225
0.001913
0.001589
0.001639
0.001760
0.001767
0.002573
0.004466
0.005276
0.003533
0.001229
0.001050
0.002341
0.002614
0.001810
0.001461
0.001781
0.001943
0.000956
-0.000975
-0.001740
-0.000807
0.000485
0.001297
0.000724
-0.000848
-0.001526
-0.000577
0.000850
0.001482
0.001553
0.001576
0.001610
0.001702
0.001924
0.003064
0.004837
0.005153
0.004214
0.004101
0.004620
0.003703
0.001594
0.001138
0.002151
0.001292
-0.001215
-0.001838
-0.000612
-0.000321
-0.000930
-0.000101
0.001983
0.002455
0.001310
0.001038
0.001795
0.002012
0.000956
-0.000746
-0.001524
-0.000954
-0.000507
-0.000940
-0.001366
-0.001216
-0.000961
-0.001051
-0.000910
0.000561
0.002338
0.002238
0.001192
0.001331
0.001822
0.000530
-0.001506
-0.001546
-0.000443
-0.000460
-0.001197
-0.001346
-0.001219
-0.001667
-0.001850
-0.001068
-0.000647
-0.001131
-0.001459
-0.000827
0.000933
0.002333
0.001895
0.000582
-0.000736
-0.001572
-0.001168
-0.000551
-0.000857
-0.001405
-0.000968
0.000814
0.002690
0.003780
0.004339
0.003818
0.002087
0.000496
-0.000446
-0.001029
-0.000748
0.000571
0.001635
0.000753
-0.001378
-0.001994
-0.000902
-0.000408
-0.001037
-0.001521
-0.001459
-0.000663
0.001162
0.002325
0.001611
0.000893
0.001370
0.001874
0.001736
0.001493
0.001508
0.001572
0.001522
0.001445
0.002088
0.003995
0.004535
0.001887
0.000015
0.001325
0.002575
0.001919
0.001085
0.001177
0.001486
0.001466
0.001350
0.001385
0.001064
-0.000366
-0.001899
-0.001805
-0.000176
0.001479
0.001621
0.001041
0.002138
0.004136
0.004434
0.003449
0.002476
0.001228
-0.000233
-0.001537
-0.002874
-0.004321
-0.004957
-0.003739
-0.001778
-0.001542
-0.002749
-0.002203
0.000414
0.001506
0.000284
-0.000390
0.000274
0.000701
0.000386
0.000101
0.000171
0.000264
0.000231
0.000203
0.000119
-0.000592
-0.002026
-0.002524
-0.001235
0.000043
0.000198
-0.000306
-0.001621
-0.003266
-0.003355
-0.002573
-0.003831
-0.006257
-0.006566
-0.005250
-0.004327
-0.003598
-0.003063
-0.003279
-0.003589
-0.003319
-0.003124
-0.003726
-0.004077
-0.003318
-0.002558
-0.001676
-0.000266
-0.000300
-0.002489
-0.004251
-0.003682
-0.002566
-0.002831
-0.003574
-0.003605
-0.003293
-0.003293
-0.002980
-0.001399
0.000075
-0.000326
-0.001222
-0.000952
-0.000338
-0.000381
-0.000691
-0.000714
-0.000578
-0.000551
-0.000627
-0.000683
-0.000685
-0.000755
-0.000167
0.001399
0.001384
-0.000901
-0.001795
-0.001074
-0.002177
-0.004034
-0.003772
-0.002797
-0.003057
-0.003698
-0.003690
-0.003421
-0.003427
-0.003529
-0.003521
-0.003530
-0.003528
-0.003477
-0.003503
-0.003552
-0.003514
-0.003489
-0.003544
-0.003587
-0.003544
-0.003067
-0.001750
-0.000503
-0.000602
-0.001238
-0.001120
-0.000621
-0.000614
-0.001328
-0.001858
-0.001652
-0.001742
-0.001836
-0.001378
-0.001312
-0.001653
-0.001621
-0.000950
-0.000504
-0.000833
-0.001115
-0.000968
-0.000690
0.000131
0.001371
0.000839
-0.001350
-0.001784
-0.000440
-0.000082
-0.000813
-0.001111
-0.000807
-0.000633
-0.000909
-0.001533
-0.001753
-0.001500
-0.002038
-0.003278
-0.003877
-0.003532
-0.003199
-0.003422
-0.004171
-0.005730
-0.007015
-0.006668
-0.005480
-0.004174
-0.003305
-0.003713
-0.004036
-0.003110
-0.002185
-0.001444
-0.000632
-0.000685
-0.001174
-0.001056
-0.000668
-0.000641
-0.000805
-0.001122
-0.002275
-0.003752
-0.003972
-0.003279
-0.002949
-0.002285
-0.000952
-0.000563
-0.001244
-0.001404
-0.000905
-0.000690
-0.000427
0.000768
0.001723
0.001246
0.000631
0.000146
-0.000829
-0.001171
-0.000627
-0.000468
-0.000879
-0.001085
-0.000988
-0.000797
0.000287
0.002077
0.002431
0.001467
0.001151
0.000686
-0.000867
-0.001470
-0.000618
-0.000240
-0.000307
-0.000248
-0.000796
-0.001335
-0.001016
-0.000672
-0.000860
-0.001088
-0.001032
-0.000934
-0.000957
-0.000998
-0.000999
-0.000979
-0.000979
-0.000984
-0.000989
-0.001001
-0.000995
-0.001008
-0.001010
-0.000995
-0.000986
-0.000968
-0.000972
-0.000966
-0.000914
-0.000906
-0.000998
-0.000837
0.000215
0.001753
0.002265
0.001632
0.001378
0.001233
-0.000273
-0.001623
-0.001065
-0.000355
-0.000194
0.001055
0.002333
0.001877
0.001186
0.001581
0.002108
0.002024
0.001796
0.001522
0.000383
-0.001148
-0.001366
-0.000582
-0.000470
-0.001011
-0.001232
-0.000998
-0.000045
0.001718
0.003299
0.004274
0.004579
0.004267
0.004230
0.004629
0.004005
0.001967
0.000507
0.000481
0.000860
0.001335
0.001917
0.001969
0.001499
0.000880
0.000335
0.000846
0.002168
0.002388
0.001604
0.001308
0.001153
0.000367
-0.000585
-0.001083
-0.000976
-0.000759
-0.000950
-0.000960
0.000401
0.002202
0.002167
0.001124
0.001185
0.001920
0.001958
0.000868
-0.000792
-0.001350
0.000215
0.002160
0.002276
0.001496
0.002114
0.003240
0.002547
0.001228
0.001020
0.000297
-0.001228
-0.001425
-0.000211
0.001345
0.002210
0.001677
0.001024
0.001373
0.001934
0.001644
0.000248
-0.001156
-0.001885
-0.003038
-0.004184
-0.003641
-0.001924
-0.000810
-0.000747
-0.000511
0.000557
0.001655
0.001928
0.001543
0.001415
0.001739
0.001928
0.001827
0.001733
0.001746
0.001752
0.001710
0.001672
0.001649
0.001664
0.002111
0.002989
0.002859
0.001488
0.000997
0.001806
0.002194
0.001778
0.001527
0.001690
0.001824
0.001754
0.001722
0.002352
0.003784
0.004328
0.003022
0.001655
0.001473
0.001899
0.002093
0.001872
0.001526
0.000870
0.000097
0.000231
0.001378
0.002206
0.001868
0.001294
0.001431
0.001808
0.001820
0.001658
0.001662
0.001771
0.001773
0.001714
0.001268
-0.000267
-0.001685
-0.001334
-0.000528
-0.000588
-0.000411
0.000522
0.001421
0.001789
0.001605
0.001395
0.001575
0.001795
0.001768
0.001665
0.001647
0.001689
0.001735
0.001101
-0.000717
-0.001888
-0.001150
-0.000425
-0.000933
-0.001496
-0.001390
-0.000843
0.000345
0.001730
0.001948
0.001250
0.000709
-0.000130
-0.001253
-0.001389
-0.000412
0.000529
0.000920
0.001270
0.001597
0.001534
0.001447
0.001627
0.001780
0.001719
0.001614
0.001669
0.001773
0.001761
0.001663
0.001055
-0.000407
-0.001525
-0.001225
-0.000615
-0.000852
-0.001308
-0.001354
-0.001698
-0.002585
-0.002849
-0.002341
-0.002274
-0.003182
-0.004250
-0.004312
-0.003743
-0.003689
-0.004066
-0.004206
-0.004068
-0.004036
-0.003862
-0.002550
-0.000692
0.000184
0.000634
0.000854
0.000065
-0.000787
-0.000561
-0.000171
-0.000829
-0.001503
-0.001233
-0.000924
-0.001109
-0.001288
-0.001239
-0.000995
-0.000262
0.000524
0.000190
-0.001082
-0.001715
-0.001203
-0.000724
-0.000981
-0.001305
-0.001483
-0.001917
-0.001843
-0.000992
-0.000751
-0.001287
-0.001491
-0.001012
0.000139
0.001564
0.001774
0.000006
-0.001817
-0.001677
-0.000343
0.000885
0.001735
0.001457
0.000411
0.000420
0.000874
0.000764
0.001010
0.000635
-0.001121
-0.001876
-0.000965
-0.000849
-0.002014
-0.002083
-0.000936
-0.000755
-0.001431
-0.001523
-0.001135
-0.001024
-0.001176
-0.001230
-0.001174
-0.001153
-0.001168
-0.001183
-0.001191
-0.000802
0.000147
0.000981
0.001413
0.001529
0.001394
0.001391
0.001635
0.001836
0.001737
0.000613
-0.001333
-0.001814
-0.000141
0.001669
0.002081
0.001425
0.001067
0.001509
0.001966
0.001925
0.001712
0.001674
0.001653
0.001017
-0.000469
-0.001560
-0.001243
-0.000662
-0.000914
-0.001375
-0.001386
-0.001209
-0.001240
-0.001177
0.000108
0.001893
0.001235
-0.001418
-0.002203
-0.000315
0.001315
0.001342
0.001194
0.001395
0.001470
0.001527
0.001472
0.000940
0.000588
0.000876
0.001217
0.001568
0.001709
0.001588
0.002054
0.002411
0.001627
0.001039
0.001519
0.001948
0.001518
0.000501
-0.000355
-0.000838
-0.001151
-0.001176
-0.000865
0.000024
0.001374
0.001907
0.001347
0.001054
0.001472
0.001766
0.001645
0.001525
0.001565
0.001636
0.001633
0.001599
0.001277
0.000350
0.000045
0.001299
0.002255
0.001643
0.001010
0.001338
0.001729
0.001617
0.001765
0.002711
0.003367
0.002636
0.001641
0.002220
0.003478
0.003441
0.003082
0.003530
0.003412
0.003065
0.004016
0.004894
0.004424
0.003876
0.004107
0.004016
0.002643
0.001624
0.002611
0.003755
0.003221
0.001959
0.001241
0.001334
0.001679
0.001639
0.001374
0.001286
0.001358
0.001445
0.001929
0.002744
0.002952
0.003058
0.003926
0.004369
0.003379
0.002171
0.002247
0.002981
0.002871
0.001719
0.000687
0.000823
0.001264
0.000521
-0.000716
-0.000658
0.000607
0.001546
0.001825
0.002102
0.002349
0.002833
0.003671
0.003836
0.003383
0.003328
0.003657
0.003551
0.002384
0.000772
0.000290
0.000926
0.001129
0.000619
0.000337
0.000512
0.000669
0.000625
0.000554
0.000524
0.000499
0.000499
0.000498
0.000489
0.000510
0.000161
-0.000475
-0.000466
-0.000353
-0.001219
-0.002338
-0.002622
-0.002249
-0.002128
-0.002431
-0.002610
-0.002540
-0.002479
-0.002502
-0.002520
-0.002500
-0.002489
-0.002503
-0.002490
-0.002461
-0.002475
-0.002537
-0.002937
-0.003379
-0.002874
-0.002097
-0.002286
-0.002401
-0.001433
-0.000361
-0.000302
-0.001219
-0.001821
-0.001708
-0.001672
-0.001418
-0.000961
-0.001032
-0.000839
0.000143
0.000555
0.000060
-0.000163
0.000051
-0.000349
-0.001332
-0.001640
-0.001688
-0.002478
-0.003011
-0.002680
-0.002457
-0.002707
-0.002858
-0.002969
-0.004108
-0.005393
-0.004543
-0.002666
-0.002244
-0.003012
-0.003371
-0.002959
-0.002639
-0.002769
-0.002941
-0.002937
-0.002875
-0.002851
-0.002748
-0.002148
-0.001206
-0.000531
-0.000161
-0.000141
-0.000400
-0.001033
-0.002330
-0.003034
-0.001715
0.000248
0.000515
-0.000472
-0.000528
0.000565
0.000740
-0.000329
-0.000622
0.000057
0.000262
-0.000371
-0.001337
-0.002113
-0.002426
-0.001757
-0.000464
-0.000387
-0.001070
-0.000667
0.000012
-0.000099
-0.000398
-0.000396
-0.000265
-0.000246
-0.000306
-0.000339
-0.000384
-0.000416
-0.000379
-0.000347
-0.000334
-0.000650
-0.001603
-0.001910
-0.000957
-0.000933
-0.001831
-0.001186
0.000064
-0.000170
-0.000899
-0.000816
-0.000434
0.000393
0.002076
0.002830
0.001952
0.001469
0.002066
0.002497
0.002272
0.001992
0.002027
0.002146
0.002129
0.002070
0.002069
0.002071
0.002031
0.001998
0.001930
0.000940
-0.000941
-0.001501
-0.000521
-0.000207
-0.000874
-0.001213
-0.000976
-0.000763
-0.000337
0.000496
0.000754
0.000327
0.000143
-0.000172
-0.001028
-0.001301
-0.000793
-0.000755
-0.001696
-0.002668
-0.002175
-0.000731
-0.000486
-0.001321
-0.001537
-0.001066
-0.000861
-0.001034
-0.001116
-0.001046
-0.001017
-0.001110
-0.001057
-0.000371
0.000624
0.001275
0.001613
0.001675
0.001573
0.001653
0.001708
0.000937
-0.000627
-0.001500
-0.001046
-0.000544
-0.000851
-0.001049
-0.000202
0.000463
-0.000299
-0.000934
-0.000679
-0.000832
-0.001205
-0.001095
-0.000947
-0.001047
-0.001160
-0.001137
-0.001073
-0.001091
-0.000912
-0.000128
0.000567
0.000642
0.001102
0.001893
0.001877
0.001487
0.001587
0.001874
0.001875
0.001727
0.001710
0.001799
0.001501
0.000527
0.000220
0.001490
0.003140
0.004354
0.004359
0.002927
0.001857
0.001846
0.002027
0.002051
0.001922
0.001771
0.001735
0.001330
-0.000002
-0.001284
-0.000771
0.001243
0.002479
0.001871
0.000458
-0.000775
-0.001311
-0.000968
-0.000601
-0.000861
-0.001226
-0.001201
-0.001027
-0.001017
-0.001117
-0.001145
-0.001002
-0.000474
-0.000163
-0.000931
-0.001595
-0.001333
-0.001451
-0.001927
-0.002002
-0.002349
-0.002627
-0.001778
-0.000730
-0.000883
-0.001543
-0.001493
-0.001080
-0.001028
-0.001379
-0.002082
-0.002959
-0.003641
-0.003939
-0.003821
-0.003691
-0.003897
-0.003894
-0.002877
-0.001346
-0.000879
-0.001516
-0.001771
-0.001317
-0.001009
-0.001128
-0.001273
-0.001212
-0.001085
-0.001067
-0.001156
-0.001260
-0.000957
-0.000021
0.000874
0.001379
0.001597
0.001475
0.001380
0.001575
0.001775
0.001150
-0.000698
-0.001897
-0.001192
-0.000455
-0.000504
-0.000159
-0.000073
-0.001154
-0.001812
-0.000831
0.000124
-0.000641
-0.001338
-0.000199
0.000799
-0.000144
-0.001627
-0.001738
-0.000953
-0.000819
-0.001250
-0.000833
0.000820
0.002029
0.001660
0.001028
0.001295
0.001771
0.001842
0.002150
0.002486
0.001879
0.001044
0.000271
-0.000594
-0.000629
0.000121
0.001172
0.002132
0.003164
0.004288
0.003705
0.001569
0.000774
0.001812
0.002420
0.001844
0.001344
0.001489
0.001713
0.001675
0.001585
0.001604
0.001646
0.001653
0.001429
0.000677
-0.000016
0.000373
0.001558
0.002091
0.001536
0.001357
0.002254
0.002497
0.001554
0.000585
-0.000649
-0.001614
-0.001186
-0.000670
-0.000460
0.000877
0.002140
0.001614
0.000858
0.001257
0.001842
0.001497
0.000048
-0.001451
-0.001582
-0.000842
-0.000752
-0.001291
-0.001491
-0.000888
0.000131
0.000874
0.001304
0.001484
0.001366
0.001326
0.001509
0.001610
0.001531
0.001465
0.001524
0.001590
0.001562
0.001545
0.001528
0.000917
-0.000486
-0.001090
-0.000369
0.000086
0.000026
-0.000381
-0.000829
-0.000135
0.001219
0.001836
0.001549
0.001217
0.001407
0.001746
0.001696
0.000935
-0.000021
-0.000061
0.000457
0.000603
0.000787
0.000981
0.000937
0.001373
0.001866
0.001547
0.000668
-0.000153
-0.000697
-0.001115
-0.001199
-0.001027
-0.001086
-0.001324
-0.001248
-0.000462
0.000458
0.000264
-0.000996
-0.001800
-0.001416
-0.000921
-0.001126
-0.001473
-0.001466
-0.001329
-0.001332
-0.001400
-0.001406
-0.001377
-0.001369
-0.001377
-0.001387
-0.001388
-0.001381
-0.001371
-0.001363
-0.001356
-0.001317
-0.001825
-0.003507
-0.004836
-0.004329
-0.003547
-0.003905
-0.004492
-0.004484
-0.003946
-0.002718
-0.001311
-0.001092
-0.001761
-0.001802
-0.001251
-0.001067
-0.001276
-0.001375
-0.001295
-0.001244
-0.001274
-0.001294
-0.001277
-0.001263
-0.001250
-0.001294
-0.002184
-0.004002
-0.004316
-0.002124
-0.000378
-0.000565
-0.000281
0.001283
0.001934
0.001299
0.000658
0.000215
0.000074
-0.000024
-0.000797
-0.001480
-0.001287
-0.000968
-0.001086
-0.001284
-0.001281
-0.001200
-0.001187
-0.001175
-0.000574
0.000912
0.002004
0.001700
0.001072
0.000694
-0.000321
-0.001367
-0.001330
-0.001884
-0.003900
-0.004644
-0.003040
-0.001228
-0.000827
-0.001497
-0.001801
-0.000770
0.001092
0.002111
0.001622
0.001080
0.001130
0.000344
-0.000884
-0.000821
-0.000009
0.000435
0.000273
-0.000090
-0.000195
-0.000653
-0.001338
-0.000755
0.000684
0.001366
0.001395
0.001321
0.001277
0.001377
0.001478
0.001492
0.001333
0.000650
-0.000399
-0.001174
-0.001418
-0.001297
-0.001258
-0.001451
-0.001595
-0.001572
-0.001534
-0.001312
-0.000779
-0.000647
-0.000724
-0.000473
-0.000732
-0.001164
-0.001130
-0.001356
-0.001648
-0.001559
-0.001505
-0.001623
-0.001682
-0.001649
-0.001640
-0.001653
-0.001609
-0.001554
-0.001592
-0.001289
-0.000658
-0.000990
-0.002007
-0.001974
-0.001303
-0.000972
-0.000438
0.000104
-0.000054
-0.000626
-0.001327
-0.001691
-0.001366
-0.001112
-0.001347
-0.001130
0.000275
0.001688
0.001634
0.000940
0.001056
0.001595
0.001669
0.001439
0.001374
0.001459
0.001487
0.001452
0.001447
0.001469
0.001481
0.001482
0.001477
0.001475
0.001511
0.001576
0.001572
0.001471
0.001424
0.001479
0.001512
0.001481
0.001464
0.001488
0.001493
0.001468
0.001458
0.001470
0.001498
0.001417
0.000895
0.000549
0.001291
0.001967
0.001570
0.001151
0.001350
0.001603
0.001556
0.001458
0.001477
0.001509
0.001497
0.001482
0.001476
0.001476
0.001478
0.001477
0.001471
0.001460
0.001454
0.001460
0.001462
0.001455
0.001452
0.001456
0.001456
0.001454
0.001447
0.001443
0.001447
0.001449
0.001438
0.001424
0.001404
0.001622
0.002400
0.003345
0.003739
0.003263
0.002288
0.001570
0.001413
0.001627
0.001747
0.001578
0.001398
0.001373
0.001401
0.001362
0.001313
0.001372
0.001440
0.001361
0.001259
0.001283
0.001342
0.001337
0.001280
0.001212
0.001185
0.001214
0.001236
0.001215
0.001195
0.001207
0.001193
0.001105
0.001003
0.001007
0.000711
0.000046
0.000288
0.001282
0.001325
0.000680
0.000570
0.000863
0.000950
0.000824
0.000759
0.000741
0.000631
0.000540
0.000578
0.000612
0.000578
0.000924
0.001851
0.002713
0.002753
0.001531
0.000083
0.000092
0.000899
0.000923
0.000374
-0.000247
-0.001052
-0.001409
-0.000987
-0.000317
0.000316
0.000457
0.000065
-0.000084
0.000117
0.000205
0.000145
0.000110
0.000095
0.000040
-0.000007
0.000065
0.000638
0.001537
0.001688
0.001081
0.000405
-0.000160
-0.000240
0.000055
0.000064
-0.000179
-0.000267
-0.000191
-0.000156
-0.000201
-0.000263
-0.000349
-0.000417
-0.000410
-0.000368
-0.000367
-0.000438
-0.000515
-0.000508
-0.000475
-0.000354
0.000305
0.001173
0.001007
-0.000253
-0.001102
-0.000707
-0.000131
-0.000318
-0.000715
-0.000718
-0.000543
-0.000515
-0.000580
-0.000625
-0.000529
0.000085
0.001068
0.001634
0.001437
0.001075
0.001027
0.000850
0.000664
0.000805
0.000875
0.000538
-0.000281
-0.000928
-0.000720
-0.000323
-0.000482
-0.000811
-0.000822
-0.000672
-0.000631
-0.000652
-0.000944
-0.001601
-0.001568
-0.000645
-0.000361
-0.000936
-0.001190
-0.000920
-0.000736
-0.000806
-0.001190
-0.002059
-0.002609
-0.002273
-0.001991
-0.002279
-0.002528
-0.002477
-0.002083
-0.001216
-0.000675
-0.001032
-0.001364
-0.001097
-0.000797
-0.001157
-0.002212
-0.002841
-0.002786
-0.003012
-0.002923
-0.001864
-0.000909
-0.000895
-0.001350
-0.001408
-0.001069
-0.000922
-0.001036
-0.001140
-0.001529
-0.002388
-0.002848
-0.002886
-0.003106
-0.002817
-0.001821
-0.001053
-0.001063
-0.001415
-0.001385
-0.000725
0.000177
-0.000021
-0.001400
-0.001870
-0.001058
-0.000725
-0.001227
-0.001513
-0.001280
-0.001106
-0.001245
-0.001368
-0.001309
-0.001234
-0.001244
-0.001284
-0.001289
-0.001283
-0.001287
-0.001292
-0.001299
-0.001308
-0.001311
-0.001308
-0.001301
-0.001291
-0.001280
-0.001274
-0.001265
-0.001257
-0.001257
-0.001264
-0.001279
-0.001281
-0.001268
-0.001276
-0.001301
-0.001326
-0.001177
-0.000624
-0.000350
-0.000537
-0.000159
0.000372
0.000071
-0.000866
-0.001585
-0.001406
-0.000950
-0.001074
-0.001182
-0.000389
0.000250
-0.000727
-0.001941
-0.001617
-0.000845
-0.000978
-0.001443
-0.001680
-0.002239
-0.002694
-0.001821
-0.000706
-0.000995
-0.001717
-0.001608
-0.001179
-0.001149
-0.001356
-0.001450
-0.001412
-0.001365
-0.001356
-0.001717
-0.002343
-0.002020
-0.001051
-0.001059
-0.001638
-0.001598
-0.001255
-0.001280
-0.001481
-0.001481
-0.001383
-0.001382
-0.001437
-0.001457
-0.001415
-0.001342
-0.001317
-0.001360
-0.001408
-0.001447
-0.001476
-0.001429
-0.001011
-0.000550
-0.000642
-0.000112
0.001396
0.001868
0.001100
0.000857
0.001355
0.001610
0.001435
0.001303
0.001380
0.001454
0.001457
0.001319
0.000198
-0.001624
-0.001983
-0.000993
-0.000800
-0.001470
-0.001763
-0.001463
-0.000772
0.000118
0.000735
0.000622
-0.000197
-0.000482
0.000511
0.001251
0.000814
0.000211
-0.000267
-0.001008
-0.001495
-0.000622
0.001224
0.001973
0.001092
-0.000206
-0.001293
-0.001611
-0.000409
0.001413
0.001915
0.001074
0.000664
0.001175
0.001563
0.001422
0.001247
0.001291
0.001368
0.001353
0.001309
0.001298
0.001322
0.001339
0.001327
0.001317
0.001320
0.001321
0.001323
0.001319
0.001313
0.001318
0.001324
0.001319
0.001317
0.001320
0.001327
0.001334
0.001325
0.001320
0.001326
0.001327
0.001342
0.001380
0.001097
-0.000136
-0.001700
-0.001317
0.001248
0.002541
0.001255
0.000306
0.000997
0.001653
0.001455
0.001153
0.001212
0.001346
0.001327
0.001264
0.001270
0.001308
0.001317
0.001299
0.001293
0.001304
0.001326
0.001345
0.001305
0.001254
0.001269
0.001311
0.001290
0.000820
-0.000061
-0.000014
0.000875
0.000998
0.000309
-0.000802
-0.001289
-0.000294
0.000040
-0.000972
-0.001370
-0.001338
-0.001635
-0.001558
-0.000282
0.001506
0.001775
0.000800
0.000614
0.001259
0.001580
0.001113
-0.000434
-0.001944
-0.001184
0.000767
0.001409
0.001144
0.001026
0.001063
0.001173
0.001289
0.001311
0.001269
0.001289
0.001368
0.001381
0.001333
0.001331
0.001365
0.001352
0.001282
0.001227
0.001257
0.001349
0.001390
0.001350
0.001344
0.001136
0.000582
0.000420
0.000748
0.001068
0.001118
0.000529
0.000355
0.001304
0.001475
0.000119
-0.000718
-0.000094
0.000111
-0.000851
-0.000588
0.001343
0.002015
0.000963
0.000555
0.001240
0.001633
0.001381
0.001178
0.001285
0.001425
0.001077
0.000070
-0.000920
-0.001428
-0.001451
-0.001240
-0.001287
-0.001543
-0.001643
-0.001568
-0.001069
0.000235
0.001086
0.000120
-0.001383
-0.001871
-0.001540
-0.001236
-0.001420
-0.001678
-0.001094
0.000523
0.001674
0.001291
0.000744
0.000955
0.000282
-0.001632
-0.002245
-0.001251
-0.000935
-0.001598
-0.001923
-0.001681
-0.001509
-0.001598
-0.001688
-0.001654
-0.001609
-0.001631
-0.001668
-0.001659
-0.001645
-0.001654
-0.001678
-0.001583
-0.000779
0.000778
0.001625
0.001093
0.000606
0.000971
0.001390
0.001324
0.001123
0.001142
0.001288
0.000865
-0.000762
-0.002197
-0.001805
-0.000996
-0.000873
0.000095
0.001551
0.001429
0.000584
0.000752
0.001352
0.001415
0.001166
0.001124
0.001246
0.001278
0.001227
0.001193
0.001209
0.001253
0.000929
-0.000026
-0.000309
0.000981
0.001928
0.001296
0.000661
0.000979
0.001380
0.001292
0.001117
0.001141
0.001216
0.001210
0.001174
0.001182
0.001222
0.001271
0.001308
0.001284
0.001229
0.001186
0.001173
0.001196
0.001214
0.001194
0.001135
0.001244
0.002390
0.004218
0.004559
0.003596
0.003460
0.004057
0.003662
0.001949
0.000745
0.001150
0.001795
0.001535
0.001021
0.001133
0.002049
0.002803
0.002008
0.000638
0.000725
0.001560
0.001712
0.001800
0.001866
0.001191
0.000777
0.001212
0.001486
0.001389
0.002059
0.003685
0.004526
0.003958
0.003306
0.002668
0.001756
0.001968
0.002932
0.002307
0.000846
0.000836
0.001586
0.001542
0.001107
0.001044
0.001507
0.002122
0.001780
0.001168
0.001747
0.002334
0.002317
0.002589
0.002796
0.002290
0.001324
0.000883
0.001311
0.001616
0.001341
0.001100
0.001180
0.001296
0.001263
0.001216
0.001649
0.002584
0.002978
0.002956
0.003648
0.004346
0.004114
0.003782
0.003548
0.002429
0.001086
0.001034
0.001711
0.001700
0.001210
0.001085
0.001273
0.001353
0.001282
0.001281
0.001381
0.001422
0.001377
0.001326
0.001287
0.001282
0.001318
0.001338
0.001314
0.001294
0.001312
0.001368
0.001427
0.001437
0.001405
0.001346
0.001301
0.001304
0.001318
0.001341
0.001211
0.000544
-0.000411
-0.001089
-0.001437
-0.001386
-0.001170
-0.001315
-0.001621
-0.001638
-0.001488
-0.001463
-0.001535
-0.001560
-0.001534
-0.001518
-0.001519
-0.001518
-0.001514
-0.001516
-0.001515
-0.001510
-0.001528
-0.001297
-0.000723
-0.000572
-0.000900
-0.001200
-0.001557
-0.001625
-0.001377
-0.001417
-0.001630
-0.001590
-0.001436
-0.001443
-0.001524
-0.001526
-0.001490
-0.001487
-0.001497
-0.001492
-0.001501
-0.001551
-0.001537
-0.001460
-0.001444
-0.001478
-0.001490
-0.001464
-0.001448
-0.001463
-0.001468
-0.001465
-0.001461
-0.001457
-0.001460
-0.001458
-0.001450
-0.001452
-0.001456
-0.001455
-0.001421
-0.001339
-0.001355
-0.001903
-0.002845
-0.002681
-0.001267
-0.000787
-0.001604
-0.001963
-0.001520
-0.001212
-0.001307
-0.001456
-0.001436
-0.001311
-0.001347
-0.002112
-0.003591
-0.004069
-0.002749
-0.001437
-0.001241
-0.001599
-0.001817
-0.001628
-0.001375
-0.001355
-0.001440
-0.001459
-0.001423
-0.001413
-0.001423
-0.001425
-0.001420
-0.001420
-0.001397
-0.001514
-0.002209
-0.003098
-0.002971
-0.001811
-0.001036
-0.001409
-0.001953
-0.001787
-0.001421
-0.001422
-0.001576
-0.001584
-0.001516
-0.001526
-0.001590
-0.001601
-0.001590
-0.001622
-0.001645
-0.001635
-0.001629
-0.001639
-0.001638
-0.001630
-0.001638
-0.001637
-0.001624
-0.001649
-0.001687
-0.001682
-0.001657
-0.001630
-0.001608
-0.001639
-0.001706
-0.001712
-0.001669
-0.001662
-0.001710
-0.001760
-0.001747
-0.001718
-0.001726
-0.001743
-0.001743
-0.001734
-0.001756
-0.001726
-0.000857
0.000961
0.001712
0.000749
-0.000121
0.000033
0.000575
0.000664
0.000315
-0.000234
-0.000581
0.000045
0.001214
0.001479
0.000850
0.000608
0.000952
0.001160
0.001056
0.000955
0.000978
0.001017
0.001012
0.000993
0.000996
0.001020
0.000945
0.000335
-0.000686
-0.001326
-0.001213
-0.000965
-0.001542
-0.002247
-0.002095
-0.001778
-0.001777
-0.001476
-0.001206
-0.001948
-0.002503
-0.001271
0.000660
0.001205
0.000416
0.000046
0.000538
0.000922
0.000546
-0.000963
-0.002654
-0.002492
-0.000711
0.000729
0.000864
0.000240
0.000016
0.000389
0.000666
0.000582
0.000451
0.000465
0.000497
0.000438
0.000359
0.000364
0.000360
0.000795
0.002190
0.002628
0.000710
-0.000725
0.000135
0.001056
0.000618
-0.000015
0.000017
0.000268
0.000231
0.000058
0.000047
0.000126
0.000109
0.000004
-0.000045
-0.000023
-0.000054
-0.000121
-0.000114
-0.000102
-0.000205
0.000010
0.001237
0.002717
0.002872
0.002136
0.002036
0.002500
0.002668
0.002442
0.001443
-0.000360
-0.001106
-0.000295
0.000100
-0.000504
-0.000957
-0.000805
-0.000158
0.001122
0.002259
0.002145
0.001486
0.001540
0.002072
0.002073
0.000728
-0.001168
-0.001440
-0.000446
-0.000365
-0.001024
-0.000699
0.000543
0.001389
0.001661
0.001607
0.001468
0.001587
0.001823
0.001873
0.001744
0.001680
0.001710
0.001728
0.001751
0.001729
0.001695
0.001740
0.001787
0.001771
0.001742
0.001759
0.001786
0.001778
0.001753
0.001712
0.001691
0.001722
0.001744
0.001766
0.001779
0.001757
0.001754
0.001767
0.001769
0.001773
0.001768
0.001756
0.001754
0.001759
0.001755
0.001751
0.001780
0.001837
0.001851
0.001558
0.000999
0.001150
0.002021
0.002180
0.001653
0.001550
0.001519
0.000747
0.000099
0.000120
-0.000362
-0.001156
-0.001079
-0.000694
-0.000870
-0.001203
-0.001176
-0.001022
-0.001027
-0.001105
-0.001112
-0.001073
-0.001074
-0.001079
-0.000654
0.000266
0.000634
0.000590
0.001321
0.002055
0.001807
0.001425
0.001562
0.001799
0.001788
0.001674
0.001669
0.001678
0.001613
0.001575
0.001600
0.001626
0.001610
0.001586
0.001592
0.001598
0.001583
0.001587
0.001613
0.001496
0.000917
0.000614
0.001336
0.001517
0.000723
0.000512
0.000909
0.001002
0.000934
0.001290
0.000905
-0.000745
-0.001315
-0.000359
0.000152
-0.000033
-0.000568
-0.000953
-0.000794
-0.000995
-0.001373
-0.001223
-0.001065
-0.001254
-0.001426
-0.001385
-0.001085
-0.000291
0.000432
0.000230
-0.000224
-0.000005
0.000179
-0.000628
-0.001553
-0.001426
-0.000953
-0.001060
-0.001377
-0.001401
-0.001274
-0.001258
-0.001319
-0.000954
0.000052
0.000320
-0.001023
-0.002038
-0.001433
-0.000767
-0.001069
-0.001488
-0.001396
-0.001177
-0.001180
-0.001298
-0.001292
-0.001293
-0.001301
-0.001323
-0.001370
-0.001366
-0.000880
0.000436
0.000860
-0.001020
-0.002452
-0.001513
-0.000555
-0.001033
-0.001636
-0.001513
-0.001232
-0.001269
-0.001401
-0.001389
-0.001353
-0.001333
-0.000734
0.000750
0.001832
0.001549
0.000832
-0.000023
-0.000631
0.000634
0.002351
0.001980
0.000886
0.000916
0.000786
-0.000699
-0.001821
-0.001354
-0.000815
-0.001057
-0.000683
0.000946
0.001739
-0.000143
-0.002394
-0.002001
-0.000564
-0.000676
-0.001497
-0.002025
-0.003288
-0.004225
-0.002411
-0.000181
-0.000788
-0.002203
-0.001945
-0.001083
-0.000970
-0.001281
-0.001304
-0.001689
-0.003466
-0.004866
-0.003855
-0.002430
-0.003204
-0.004739
-0.004647
-0.003814
-0.003199
-0.001867
-0.000737
-0.001196
-0.002162
-0.003002
-0.003934
-0.004186
-0.003707
-0.003649
-0.003469
-0.001873
-0.000578
-0.001242
-0.002388
-0.002400
-0.001326
-0.000609
-0.001079
-0.001966
-0.002231
-0.001428
-0.000663
-0.000991
-0.001508
-0.001367
-0.001065
-0.001053
-0.001143
-0.001169
-0.001180
-0.001166
-0.001133
-0.001139
-0.001148
-0.001142
-0.001139
-0.001091
-0.001023
-0.001020
-0.001092
-0.001162
-0.001156
-0.001101
-0.001083
-0.001115
-0.001133
-0.001102
-0.001074
-0.001077
-0.001076
-0.001077
-0.001072
-0.001063
-0.001060
-0.001051
-0.001044
-0.001046
-0.001048
-0.001031
-0.001016
-0.001030
-0.001031
-0.001014
-0.001004
-0.000993
-0.000995
-0.000996
-0.000982
-0.000974
-0.000987
-0.000993
-0.000977
-0.000970
-0.000965
-0.000961
-0.000963
-0.000952
-0.000947
-0.000938
-0.000931
-0.000924
-0.000933
-0.000680
0.000439
0.001851
0.002082
0.001364
0.001164
0.001630
0.001913
0.001500
0.000266
-0.001056
-0.000933
0.000803
0.002242
0.002063
0.000722
-0.000876
-0.001444
-0.000665
-0.000183
-0.000677
-0.001092
-0.000950
-0.000755
-0.000800
-0.000858
-0.000773
-0.000696
-0.000765
-0.000861
-0.000837
-0.000396
0.000797
0.001909
0.001835
0.001259
0.001321
0.001739
0.001817
0.001647
0.001597
0.001693
0.001618
0.000583
-0.000895
-0.000208
0.002214
0.002672
0.001234
0.000836
0.001624
0.001995
0.001711
0.001473
0.001542
0.001649
0.001624
0.001567
0.001556
0.001577
0.001621
0.001655
0.001639
0.001604
0.001566
0.001525
0.001524
0.001563
0.001445
0.000999
0.000615
0.000113
-0.000823
-0.001061
-0.000471
-0.000344
-0.000783
-0.000990
-0.000813
-0.000670
-0.000691
-0.000731
-0.000563
0.000255
0.001468
0.001895
0.001431
0.000839
-0.000114
-0.001036
-0.000818
-0.000230
-0.000396
-0.000794
-0.000801
-0.000141
0.001032
0.001438
0.000881
0.000143
-0.000673
-0.000929
-0.000450
-0.000269
-0.000626
-0.000855
-0.000209
0.001313
0.002066
0.001374
0.000918
0.001390
0.001729
0.001544
0.001381
0.001438
0.001513
0.001460
0.001104
0.000757
0.001191
0.001830
0.001353
-0.000059
-0.000998
-0.000752
-0.000170
0.000075
-0.000051
-0.000627
-0.000967
-0.000587
0.000154
0.001066
0.001652
0.001420
0.001027
0.001173
0.001486
0.001491
0.001338
0.001308
0.001365
0.001368
0.001329
0.001320
0.001323
0.001315
0.001302
0.001291
0.001289
0.001285
0.001266
0.001263
0.001273
0.001258
0.001236
0.001224
0.001217
0.001210
0.001191
0.001178
0.001177
0.001168
0.001172
0.001195
0.001188
0.001166
0.001163
0.001159
0.001143
0.001108
0.001086
0.001097
0.001093
0.001072
0.001058
0.001054
0.001055
0.001075
0.001095
0.001073
0.001038
0.001008
0.000982
0.000987
0.000995
0.000986
0.000965
0.000961
0.000990
0.000996
0.001162
0.001502
0.001295
0.000671
0.000635
0.001011
0.001033
0.000809
0.000761
0.000855
0.000888
0.000847
0.000811
0.000815
0.000821
0.000791
0.000757
0.000757
0.000761
0.000742
0.000721
0.000715
0.000709
0.000698
0.000689
0.000682
0.000673
0.000661
0.000656
0.000653
0.000645
0.000636
0.000626
0.000598
0.000574
0.000596
0.000612
0.000584
0.000541
0.000501
0.000491
0.000504
0.000496
0.000474
0.000465
0.000461
0.000451
0.000446
0.000441
0.000426
0.000396
0.000359
0.000345
0.000328
0.000294
0.000273
0.000272
0.000254
0.000224
0.000216
0.000204
0.000183
0.000156
0.000125
0.000117
0.000117
0.000084
0.000042
0.000040
0.000055
0.000047
0.000008
-0.000033
-0.000055
-0.000069
-0.000084
-0.000109
-0.000142
-0.000148
-0.000144
-0.000173
-0.000210
-0.000214
-0.000223
-0.000249
-0.000270
-0.000311
-0.000354
-0.000349
-0.000335
-0.000366
-0.000404
-0.000404
-0.000408
-0.000434
-0.000445
-0.000455
-0.000473
-0.000489
-0.000520
-0.000559
-0.000556
-0.000536
-0.000559
-0.000602
-0.000618
-0.000613
-0.000604
-0.000600
-0.000611
-0.000641
-0.000674
-0.000685
-0.000685
-0.000690
-0.000686
-0.000670
-0.000904
-0.001566
-0.001836
-0.001326
-0.001174
-0.001681
-0.001863
-0.001594
-0.001471
-0.001568
-0.001609
-0.001552
-0.001525
-0.001299
-0.000692
-0.000349
-0.000612
-0.000816
-0.000649
-0.000493
-0.000527
-0.000588
-0.000570
-0.000537
-0.000533
-0.000538
-0.000530
-0.000519
-0.000513
-0.000520
-0.000533
-0.000522
-0.000494
-0.000493
-0.000508
-0.000492
-0.000464
-0.000467
-0.000473
-0.000447
-0.000421
-0.000434
-0.000455
-0.000447
-0.000424
-0.000408
-0.000404
-0.000411
-0.000413
-0.000399
-0.000386
-0.000384
-0.000381
-0.000372
-0.000364
-0.000360
-0.000353
-0.000337
-0.000317
-0.000318
-0.000324
-0.000308
-0.000286
-0.000284
-0.000289
-0.000291
-0.000292
-0.000279
-0.000264
-0.000262
-0.000264
-0.000256
-0.000239
-0.000230
-0.000236
-0.000214
-0.000056
0.000169
0.000059
-0.000327
-0.000383
-0.000131
-0.000071
-0.000202
-0.000246
-0.000187
-0.000156
-0.000177
-0.000171
-0.000036
0.000208
0.000294
0.000057
-0.000226
-0.000239
-0.000090
-0.000057
-0.000142
-0.000179
-0.000144
-0.000122
-0.000135
-0.000140
-0.000124
-0.000086
-0.000022
0.000019
0.000075
0.000149
0.000174
0.000196
0.000220
0.000174
0.000026
-0.000138
-0.000153
-0.000065
-0.000052
-0.000107
-0.000121
-0.000099
-0.000092
-0.000061
0.000061
0.000169
0.000120
0.000073
0.000153
0.000198
0.000154
0.000133
0.000096
-0.000023
-0.000029
0.000150
0.000224
0.000123
0.000064
0.000107
0.000140
0.000121
0.000100
0.000101
0.000103
0.000069
0.000032
0.000064
0.000114
0.000096
0.000060
0.000061
0.000026
-0.000083
-0.000132
-0.000053
0.000052
0.000087
0.000034
-0.000018
0.000023
0.000086
0.000071
0.000034
0.000035
0.000050
0.000049
0.000038
0.000035
0.000036
0.000034
0.000030
0.000027
0.000026
0.000022
0.000020
0.000018
0.000016
0.000014
0.000013
0.000011
0.000009
0.000007
0.000005
0.000004
0.000002
0.000001
-0.000001
-0.000003
-0.000004
-0.000006
-0.000007
-0.000008
-0.000009
-0.000010
-0.000010
-0.000011
-0.000011
-0.000014
-0.000016
-0.000016
-0.000017
-0.000018
-0.000019
-0.000019
-0.000019
-0.000018
-0.000019
-0.000021
-0.000021
-0.000022
-0.000022
-0.000022
-0.000023
-0.000023
-0.000022
-0.000023
-0.000024
-0.000022
-0.000009
0.000004
-0.000007
-0.000032
-0.000036
-0.000021
-0.000017
-0.000026
-0.000029
-0.000026
-0.000023
-0.000023
-0.000024
-0.000023
-0.000023
-0.000023
-0.000022
-0.000021
-0.000021
-0.000020
-0.000020
-0.000019
-0.000018
-0.000018
-0.000017
-0.000016
-0.000016
-0.000015
-0.000014
-0.000013
-0.000012
-0.000011
-0.000010
-0.000009
-0.000008
-0.000007
-0.000006
-0.000005
-0.000004
-0.000003
-0.000002
-0.000001
0.000001
0.000002
0.000003
0.000004
0.000006
0.000007
0.000008
0.000009
0.000011
0.000012
0.000013
0.000014
0.000015
0.000017
0.000020
0.000021
0.000022
0.000023
0.000026
0.000028
0.000029
0.000030
0.000032
0.000033
0.000035
0.000036
0.000038
0.000039
0.000041
0.000043
0.000044
0.000046
0.000047
0.000049
0.000050
0.000052
0.000053
0.000055
0.000057
0.000058
0.000060
0.000061
0.000063
0.000065
0.000066
0.000068
0.000069
0.000071
0.000073
0.000074
0.000077
0.000078
0.000080
0.000082
0.000083
0.000085
0.000087
0.000088
0.000090
0.000091
0.000093
0.000095
0.000096
0.000098
0.000100
0.000101
0.000103
0.000105
0.000106
0.000108
0.000110
0.000111
0.000113
0.000115
0.000116
0.000118
