0.000123
0.000121
0.000123
0.000121
0.000124
0.000123
0.000125
0.000124
0.000126
0.000125
0.000130
0.000133
0.000136
0.000133
0.000131
0.000122
0.000113
0.000106
0.000117
0.000146
0.000192
0.000234
0.000273
0.000278
0.000254
0.000206
0.000143
0.000094
0.000085
0.000094
0.000086
0.000032
-0.000025
-0.000076
-0.000119
-0.000136
-0.000097
-0.000052
-0.000017
-0.000040
-0.000050
0.000067
0.000224
0.000289
0.000192
-0.000085
-0.000400
-0.000569
-0.000550
-0.000414
-0.000126
0.000328
0.000745
0.000873
0.000661
0.000231
-0.000189
-0.000578
-0.000941
-0.001137
-0.001065
-0.000758
-0.000344
-0.000058
-0.000227
-0.000879
-0.001561
-0.001817
-0.001519
-0.000813
0.000159
0.001207
0.001812
0.001609
0.000920
0.000250
-0.000210
-0.000424
-0.000123
0.000723
0.001671
0.002247
0.002447
0.002503
0.002525
0.002540
0.002547
0.002272
0.001572
0.000650
-0.000172
-0.000989
-0.002058
-0.003157
-0.003679
-0.003250
-0.002131
-0.001102
-0.000572
-0.000618
-0.001143
-0.001905
-0.002800
-0.003784
-0.004782
-0.005425
-0.005562
-0.005297
-0.004515
-0.003080
-0.001134
0.000869
0.002393
0.003338
0.004131
0.005021
0.005716
0.006026
0.006227
0.006471
0.006440
0.005949
0.004983
0.003715
0.002827
0.002567
0.002562
0.002414
0.001974
0.001237
0.000782
0.000909
0.001386
0.001796
0.001948
0.001871
0.001599
0.001076
-0.000030
-0.001823
-0.004045
-0.006100
-0.007236
-0.007338
-0.006732
-0.005850
-0.004259
-0.001247
0.002427
0.005404
0.007012
0.007185
0.006467
0.005087
0.003216
0.001042
-0.001096
-0.002401
-0.002568
-0.002101
-0.001300
-0.000259
0.000718
0.001509
0.002193
0.002667
0.002931
0.002859
0.002235
0.001132
-0.000471
-0.002594
-0.005051
-0.007136
-0.008382
-0.008865
-0.008379
-0.007190
-0.005807
-0.004490
-0.003295
-0.001857
0.000084
0.002716
0.005409
0.006753
0.005888
0.002728
-0.001548
-0.005639
-0.008985
-0.011376
-0.012571
-0.012186
-0.009920
-0.006154
-0.002403
0.000430
0.002198
0.003219
0.004102
0.004735
0.004605
0.004055
0.003927
0.003772
0.003052
0.001948
0.000495
-0.001219
-0.002178
-0.001500
0.000571
0.002693
0.003494
0.003018
0.002066
0.000721
-0.000895
-0.001856
-0.001760
-0.000970
0.001080
0.004415
0.007744
0.009590
0.009254
0.007332
0.005012
0.003329
0.002815
0.003395
0.004550
0.006077
0.007458
0.007520
0.005817
0.003068
0.000363
-0.001861
-0.003923
-0.006129
-0.008421
-0.010142
-0.011028
-0.011294
-0.010791
-0.009653
-0.008194
-0.006322
-0.003926
-0.001042
0.002155
0.005240
0.007264
0.007422
0.005753
0.002639
-0.001331
-0.005370
-0.008318
-0.009137
-0.007997
-0.005868
-0.003722
-0.002671
-0.003746
-0.006747
-0.010197
-0.013003
-0.015871
-0.019022
-0.021080
-0.021928
-0.021529
-0.018280
-0.011354
-0.002105
0.007362
0.014546
0.018194
0.019778
0.020364
0.019079
0.015826
0.011716
0.007819
0.005121
0.005036
0.007892
0.012689
0.016787
0.018013
0.015251
0.008253
-0.000648
-0.008165
-0.013287
-0.016617
-0.018261
-0.018703
-0.018778
-0.018078
-0.017013
-0.016694
-0.015852
-0.012484
-0.008220
-0.005935
-0.005276
-0.004792
-0.003669
-0.000708
0.004459
0.009244
0.010285
0.008468
0.007130
0.007156
0.007518
0.007684
0.006918
0.004670
0.002257
0.001031
0.000999
0.002069
0.004401
0.007846
0.011653
0.014067
0.013797
0.010781
0.005867
0.000796
-0.002021
-0.000563
0.004810
0.011551
0.017426
0.021722
0.024598
0.026617
0.027667
0.026896
0.024005
0.019521
0.013674
0.006379
-0.000968
-0.005823
-0.007342
-0.006018
-0.002805
0.001429
0.005911
0.009887
0.012585
0.013378
0.012064
0.009098
0.005189
0.001494
-0.000789
-0.001048
0.000084
0.000765
-0.000226
-0.002860
-0.006193
-0.009106
-0.010887
-0.011551
-0.010989
-0.008961
-0.006043
-0.002566
0.001386
0.005544
0.009851
0.014708
0.019823
0.023903
0.026028
0.025915
0.023809
0.020690
0.017148
0.012873
0.007839
0.003053
-0.000800
-0.003495
-0.004753
-0.004544
-0.003652
-0.002157
-0.000280
0.001321
0.001848
0.001038
-0.000852
-0.004729
-0.011869
-0.022184
-0.033602
-0.043299
-0.048995
-0.050466
-0.047929
-0.041546
-0.033708
-0.025250
-0.013916
0.000670
0.016470
0.030680
0.041627
0.050019
0.056625
0.060575
0.060355
0.056138
0.049412
0.042199
0.035619
0.029200
0.022226
0.014790
0.007520
0.000935
-0.005102
-0.010914
-0.016798
-0.022647
-0.027425
-0.030140
-0.029390
-0.024084
-0.014609
-0.002940
0.007401
0.013199
0.013094
0.008353
0.002057
-0.003014
-0.005522
-0.004376
0.000418
0.007350
0.013640
0.016177
0.012807
0.001820
-0.015793
-0.036744
-0.057973
-0.078296
-0.095969
-0.110060
-0.121034
-0.128156
-0.129629
-0.124538
-0.115503
-0.107649
-0.105057
-0.107649
-0.112202
-0.113501
-0.108404
-0.097820
-0.083165
-0.065091
-0.044313
-0.023151
-0.004989
0.008521
0.019349
0.032411
0.052191
0.078594
0.107298
0.134400
0.157824
0.176243
0.187668
0.190247
0.183848
0.168338
0.144081
0.115244
0.087587
0.063798
0.045081
0.032323
0.022777
0.013618
0.004273
-0.004726
-0.012977
-0.020009
-0.025193
-0.027643
-0.027267
-0.025360
-0.024222
-0.024222
-0.024571
-0.024490
-0.023174
-0.020721
-0.018004
-0.015002
-0.010859
-0.005695
-0.000187
0.005149
0.009930
0.013913
0.017688
0.022076
0.027257
0.035320
0.049378
0.070770
0.096658
0.121060
0.137836
0.144452
0.141912
0.133529
0.123020
0.111509
0.096358
0.074164
0.045739
0.016372
-0.008821
-0.027864
-0.041961
-0.050049
-0.050246
-0.042806
-0.029275
-0.015584
-0.010456
-0.018561
-0.039003
-0.066404
-0.092779
-0.110682
-0.115669
-0.107796
-0.092279
-0.075265
-0.063773
-0.065571
-0.082028
-0.104502
-0.119140
-0.114220
-0.088116
-0.052793
-0.024560
-0.009843
-0.003144
0.005995
0.026331
0.059076
0.092023
0.109936
0.107989
0.090967
0.067359
0.044082
0.025355
0.013788
0.008188
0.005127
0.001802
-0.005113
-0.016560
-0.028949
-0.038836
-0.045824
-0.052609
-0.060377
-0.068789
-0.076467
-0.077786
-0.069048
-0.052496
-0.035990
-0.028297
-0.029629
-0.032184
-0.031296
-0.031729
-0.040527
-0.061016
-0.092230
-0.127363
-0.155946
-0.171564
-0.170196
-0.150610
-0.115175
-0.066591
-0.008437
0.050052
0.093656
0.110119
0.098454
0.066633
0.026602
-0.010349
-0.036320
-0.048954
-0.046680
-0.026421
0.017920
0.089873
0.166907
0.201483
0.174231
0.110432
0.044167
0.001393
-0.011486
-0.002411
0.017182
0.036561
0.046022
0.042633
0.032427
0.025959
0.029743
0.040406
0.048907
0.047037
0.029932
0.001506
-0.030281
-0.060305
-0.085464
-0.103579
-0.113819
-0.114624
-0.106634
-0.094704
-0.082875
-0.072272
-0.060969
-0.043946
-0.019498
0.005380
0.018614
0.012247
-0.010971
-0.037414
-0.051816
-0.045313
-0.022017
0.004142
0.020952
0.026706
0.027859
0.029744
0.032817
0.035782
0.038429
0.042427
0.046832
0.050168
0.050682
0.046511
0.038893
0.029786
0.019317
0.008635
-0.000166
-0.007170
-0.012051
-0.013554
-0.012255
-0.009521
-0.006818
-0.005539
-0.005944
-0.006662
-0.007514
-0.008288
-0.007965
-0.006366
-0.004011
-0.001512
0.000814
0.002763
0.004211
0.005148
0.005658
0.006929
0.009852
0.014044
0.018248
0.021620
0.024939
0.028689
0.032134
0.034621
0.036014
0.036542
0.035853
0.033550
0.030268
0.026223
0.021040
0.015523
0.010685
0.006705
0.003649
0.001940
0.001904
0.002703
0.003631
0.004845
0.005915
0.006521
0.006860
0.007312
0.007966
0.008500
0.008945
0.009319
0.009745
0.010435
0.011219
0.011662
0.011117
0.009693
0.008534
0.008583
0.009831
0.012017
0.014876
0.018091
0.020925
0.022925
0.024039
0.024432
0.023824
0.021899
0.018854
0.015265
0.011390
0.007482
0.004106
0.001512
0.000354
0.000604
0.001399
0.001957
0.001325
-0.000994
-0.004809
-0.009280
-0.013802
-0.017127
-0.018516
-0.017781
-0.015662
-0.013851
-0.012828
-0.011958
-0.011209
-0.010930
-0.011026
-0.010886
-0.009967
-0.008159
-0.005987
-0.004756
-0.004637
-0.004703
-0.004475
-0.003702
-0.002674
-0.001941
-0.001822
-0.002609
-0.003895
-0.004944
-0.005916
-0.006934
-0.007806
-0.008816
-0.010231
-0.011786
-0.013147
-0.014237
-0.015360
-0.016440
-0.017406
-0.018389
-0.019069
-0.019252
-0.019033
-0.018424
-0.017099
-0.015060
-0.012522
-0.009951
-0.007881
-0.006185
-0.004699
-0.003546
-0.003118
-0.003405
-0.004445
-0.005581
-0.006000
-0.005516
-0.003639
-0.000334
0.003297
0.006039
0.007390
0.007349
0.006229
0.004732
0.003802
0.003559
0.003703
0.004271
0.005254
0.006684
0.007916
0.008370
0.008177
0.008266
0.009391
0.011466
0.013528
0.014913
0.015754
0.015934
0.015181
0.013054
0.009337
0.004935
0.001088
-0.001447
-0.002717
-0.002976
-0.002342
-0.001466
-0.000978
-0.001152
-0.002029
-0.003367
-0.004932
-0.006348
-0.007299
-0.007328
-0.005932
-0.002892
0.001013
0.005488
0.009898
0.013262
0.015625
0.016878
0.016853
0.015726
0.014140
0.012582
0.011551
0.011692
0.012773
0.014583
0.016913
0.019390
0.021508
0.022424
0.021823
0.020183
0.017773
0.014923
0.012637
0.011628
0.011538
0.011719
0.011682
0.011016
0.009331
0.006512
0.002792
-0.001472
-0.005703
-0.009266
-0.011638
-0.012792
-0.012905
-0.012198
-0.010848
-0.009412
-0.008521
-0.008688
-0.010221
-0.012378
-0.014379
-0.016038
-0.017372
-0.018025
-0.017700
-0.016812
-0.015603
-0.014266
-0.013112
-0.012569
-0.012797
-0.013617
-0.014769
-0.015882
-0.016657
-0.016673
-0.015882
-0.014926
-0.014083
-0.012877
-0.011155
-0.008924
-0.006402
-0.004022
-0.002290
-0.001322
-0.000961
-0.000875
-0.000817
-0.000865
-0.000949
-0.000863
-0.000496
0.000119
0.000957
0.001820
0.002295
0.002663
0.003377
0.004178
0.004529
0.004158
0.003488
0.002751
0.001984
0.001315
0.000736
0.000293
-0.000011
-0.000169
-0.000061
0.000051
0.000217
0.000447
0.000796
0.001601
0.002654
0.003711
0.004506
0.005028
0.005386
0.005526
0.005352
0.004949
0.004282
0.003502
0.002517
0.001105
-0.000469
-0.001500
-0.001878
-0.001938
-0.001846
-0.001636
-0.001706
-0.001819
-0.001541
-0.001020
-0.000212
0.000909
0.002052
0.002991
0.003884
0.004539
0.004711
0.004437
0.003645
0.002406
0.001100
0.000315
0.000218
0.000995
0.002549
0.004655
0.006986
0.009159
0.010650
0.011300
0.011427
0.011297
0.011287
0.011638
0.012255
0.013008
0.013622
0.013693
0.013078
0.011865
0.010205
0.008131
0.005804
0.003705
0.002302
0.001971
0.002722
0.004229
0.005985
0.007426
0.008078
0.007817
0.006902
0.005737
0.004644
0.003887
0.003548
0.003315
0.002832
0.001742
0.000072
-0.002112
-0.004642
-0.007276
-0.009599
-0.010912
-0.010731
-0.009319
-0.007341
-0.005461
-0.004234
-0.003730
-0.003767
-0.003920
-0.003769
-0.003133
-0.001973
-0.000194
0.001579
0.002719
0.003535
0.004189
0.004582
0.004776
0.004905
0.004880
0.004496
0.003800
0.003097
0.002266
0.001360
0.000450
-0.000096
-0.000476
-0.001101
-0.002092
-0.003378
-0.004729
-0.006017
-0.007314
-0.008499
-0.009379
-0.009807
-0.009711
-0.009235
-0.008606
-0.007946
-0.007423
-0.007514
-0.008302
-0.009647
-0.010854
-0.011481
-0.011408
-0.010693
-0.009843
-0.009352
-0.009037
-0.008401
-0.007461
-0.006610
-0.006093
-0.005674
-0.005158
-0.004265
-0.003124
-0.002711
-0.003101
-0.003756
-0.004443
-0.005167
-0.005704
-0.006016
-0.006075
-0.005496
-0.004161
-0.002667
-0.001747
-0.001590
-0.001936
-0.002493
-0.002946
-0.002901
-0.002361
-0.001419
-0.000149
0.001080
0.001916
0.002376
0.002764
0.003099
0.003350
0.003448
0.003625
0.003960
0.004223
0.004108
0.003568
0.002672
0.001780
0.001362
0.001326
0.001437
0.001541
0.001364
0.000751
-0.000333
-0.001713
-0.003120
-0.004308
-0.005021
-0.004932
-0.003939
-0.002408
-0.000737
0.000816
0.001584
0.001236
0.000058
-0.001511
-0.003091
-0.004628
-0.005731
-0.006124
-0.005878
-0.005030
-0.003596
-0.001667
0.000537
0.002702
0.004756
0.006664
0.008082
0.008681
0.008414
0.007447
0.006177
0.005380
0.005324
0.005576
0.005648
0.005491
0.005234
0.004980
0.004526
0.003612
0.002380
0.001015
-0.000351
-0.001386
-0.001986
-0.002025
-0.001368
-0.000193
0.000892
0.001337
0.001038
-0.000001
-0.001735
-0.003779
-0.005407
-0.006154
-0.005734
-0.004395
-0.002909
-0.001850
-0.001197
-0.001028
-0.001088
-0.000570
0.000607
0.001307
0.000865
-0.000627
-0.002164
-0.002456
-0.000902
0.002061
0.005607
0.008754
0.010877
0.011885
0.011649
0.010314
0.008211
0.005790
0.003565
0.002182
0.001793
0.002123
0.003010
0.004250
0.005570
0.006550
0.006544
0.005828
0.004927
0.004098
0.003564
0.003390
0.003693
0.004499
0.005353
0.005910
0.005941
0.005120
0.003202
0.000972
-0.000963
-0.002615
-0.004070
-0.004940
-0.005091
-0.004564
-0.003201
-0.001243
0.000730
0.002299
0.003206
0.003303
0.002513
0.001219
-0.000207
-0.001472
-0.002557
-0.003466
-0.004155
-0.004442
-0.004602
-0.004673
-0.004503
-0.004137
-0.003356
-0.001915
0.000031
0.002337
0.004625
0.006578
0.007998
0.008789
0.008721
0.008076
0.007529
0.006986
0.005850
0.003950
0.001705
-0.000503
-0.002331
-0.003566
-0.003999
-0.003554
-0.002653
-0.001475
-0.000301
0.000530
0.000825
0.000807
0.000492
0.000006
-0.000580
-0.001108
-0.001804
-0.002792
-0.003931
-0.005126
-0.006146
-0.006469
-0.005769
-0.004153
-0.002241
-0.000518
0.000567
0.000807
0.000343
-0.000540
-0.001131
-0.001263
-0.001146
-0.000796
-0.000104
0.000749
0.001378
0.001488
0.001212
0.000773
0.000337
0.000222
0.000438
0.000994
0.001736
0.002270
0.002731
0.003336
0.003903
0.004360
0.004967
0.005800
0.006418
0.006594
0.006292
0.005742
0.005252
0.005191
0.005540
0.006230
0.007209
0.008274
0.008997
0.008846
0.007885
0.006267
0.003924
0.001094
-0.001585
-0.003760
-0.005484
-0.006606
-0.007231
-0.007735
-0.008340
-0.008823
-0.008929
-0.008557
-0.007888
-0.006891
-0.005921
-0.005531
-0.005805
-0.006559
-0.007223
-0.007183
-0.006361
-0.005118
-0.003871
-0.002818
-0.001984
-0.001304
-0.000851
-0.000607
-0.000498
-0.000145
0.000867
0.002686
0.004822
0.006728
0.008088
0.008536
0.007761
0.005666
0.002625
-0.000709
-0.003362
-0.004780
-0.005075
-0.004570
-0.003618
-0.002523
-0.001580
-0.000919
-0.000753
-0.001175
-0.001984
-0.002627
-0.002728
-0.002294
-0.001661
-0.001102
-0.000698
-0.000515
-0.000524
-0.000828
-0.001376
-0.001996
-0.002534
-0.002839
-0.002915
-0.002874
-0.002488
-0.001925
-0.001480
-0.001111
-0.000694
-0.000623
-0.000994
-0.001512
-0.001767
-0.001725
-0.001507
-0.001269
-0.001332
-0.001689
-0.002068
-0.002412
-0.002755
-0.003166
-0.003519
-0.003539
-0.003303
-0.002883
-0.002516
-0.002189
-0.001426
0.000005
0.001588
0.002802
0.003664
0.004194
0.004380
0.004334
0.004377
0.004517
0.004979
0.005672
0.006031
0.005839
0.005107
0.004011
0.002896
0.001925
0.001332
0.001339
0.001749
0.002441
0.003031
0.003320
0.003190
0.002576
0.001317
-0.000700
-0.003052
-0.005422
-0.007577
-0.009120
-0.009924
-0.010109
-0.010032
-0.009870
-0.009638
-0.009440
-0.009532
-0.009938
-0.010532
-0.011152
-0.011707
-0.012085
-0.011958
-0.011054
-0.009717
-0.008323
-0.007058
-0.006135
-0.005802
-0.005885
-0.006087
-0.006436
-0.006482
-0.005803
-0.004198
-0.002049
0.000002
0.001580
0.002662
0.003355
0.003659
0.003569
0.003206
0.002596
0.001891
0.001294
0.001158
0.001600
0.002527
0.003656
0.004822
0.005627
0.005832
0.005577
0.004857
0.003677
0.002308
0.001204
0.000334
-0.000654
-0.001494
-0.001629
-0.001008
0.000305
0.002076
0.003973
0.005706
0.006990
0.007606
0.007548
0.006823
0.005893
0.005320
0.005276
0.005764
0.006594
0.007602
0.008651
0.009228
0.009032
0.008311
0.007457
0.006862
0.006800
0.007172
0.007832
0.008572
0.009246
0.009681
0.009999
0.010218
0.010423
0.010530
0.010580
0.010567
0.010243
0.009538
0.008769
0.008328
0.008275
0.008217
0.008094
0.007943
0.007522
0.006456
0.004766
0.002916
0.001146
-0.000388
-0.001480
-0.002383
-0.003085
-0.003408
-0.003276
-0.002809
-0.002282
-0.001890
-0.001940
-0.002577
-0.003299
-0.004052
-0.004887
-0.005746
-0.006619
-0.007600
-0.008555
-0.009211
-0.009487
-0.009126
-0.008345
-0.007566
-0.006948
-0.006651
-0.006737
-0.006869
-0.006740
-0.006184
-0.005281
-0.004115
-0.002947
-0.001882
-0.001108
-0.000907
-0.000971
-0.001161
-0.001300
-0.001334
-0.001563
-0.002280
-0.003142
-0.003731
-0.003990
-0.004016
-0.003786
-0.003200
-0.002288
-0.001514
-0.001339
-0.001796
-0.002521
-0.003222
-0.003987
-0.004814
-0.005863
-0.006859
-0.007780
-0.008643
-0.009420
-0.009972
-0.010385
-0.010530
-0.010437
-0.010131
-0.009528
-0.008636
-0.007616
-0.006768
-0.006213
-0.005909
-0.005553
-0.004871
-0.003716
-0.002242
-0.000609
0.000868
0.001844
0.002074
0.001798
0.001466
0.001406
0.001863
0.002800
0.003839
0.004596
0.004782
0.004425
0.003703
0.003206
0.002988
0.002971
0.003072
0.003117
0.003111
0.003023
0.002861
0.002897
0.003225
0.003523
0.003720
0.003872
0.003920
0.003854
0.003953
0.004488
0.005428
0.006424
0.007322
0.007932
0.007713
0.006730
0.005417
0.004035
0.002914
0.002381
0.002499
0.002959
0.003281
0.003259
0.002702
0.001775
0.000758
-0.000061
-0.000516
-0.000487
0.000013
0.000635
0.001448
0.002382
0.003019
0.003372
0.003625
0.003878
0.004221
0.004570
0.004908
0.005259
0.005742
0.006100
0.006441
0.007085
0.008019
0.008731
0.008998
0.008806
0.008056
0.007044
0.006143
0.005459
0.005140
0.005106
0.005191
0.005213
0.004898
0.004015
0.002692
0.001180
-0.000261
-0.001226
-0.001521
-0.001213
-0.000417
0.000462
0.001145
0.001571
0.001547
0.001213
0.000721
0.000260
0.000017
-0.000061
-0.000041
-0.000150
-0.000189
-0.000063
-0.000100
-0.000356
-0.000922
-0.001552
-0.002237
-0.002698
-0.003027
-0.003306
-0.003391
-0.003335
-0.003197
-0.003208
-0.003453
-0.003805
-0.004170
-0.004333
-0.004228
-0.004092
-0.004194
-0.004703
-0.005445
-0.006266
-0.007153
-0.007900
-0.008472
-0.008939
-0.009152
-0.009072
-0.008618
-0.008109
-0.007953
-0.007894
-0.007758
-0.007456
-0.007168
-0.006762
-0.006078
-0.005321
-0.004709
-0.004106
-0.003421
-0.002930
-0.002503
-0.002134
-0.001929
-0.001788
-0.001805
-0.001949
-0.002127
-0.002302
-0.002446
-0.002675
-0.002985
-0.003398
-0.003802
-0.004259
-0.004506
-0.004326
-0.003896
-0.003436
-0.002644
-0.001604
-0.000904
-0.000729
-0.000834
-0.001087
-0.001389
-0.001537
-0.001365
-0.000681
0.000184
0.001029
0.001784
0.002160
0.002285
0.002514
0.002775
0.002844
0.002901
0.003159
0.003526
0.003879
0.003993
0.003920
0.004007
0.004278
0.004583
0.004938
0.005473
0.005997
0.006328
0.006616
0.007176
0.008236
0.009605
0.010699
0.011288
0.011160
0.010162
0.008501
0.006600
0.004773
0.003350
0.002620
0.002626
0.002905
0.003005
0.002641
0.001767
0.000511
-0.000811
-0.001673
-0.001882
-0.001510
-0.000730
0.000061
0.000743
0.001163
0.000891
-0.000100
-0.001496
-0.002901
-0.003960
-0.004430
-0.004252
-0.003455
-0.002455
-0.001683
-0.001200
-0.000985
-0.001017
-0.001256
-0.001606
-0.001915
-0.002008
-0.001874
-0.001789
-0.001929
-0.002233
-0.002456
-0.002488
-0.002507
-0.002561
-0.002736
-0.002888
-0.002980
-0.003132
-0.003263
-0.003402
-0.003441
-0.003261
-0.003015
-0.002789
-0.002608
-0.002456
-0.002157
-0.001778
-0.001536
-0.001582
-0.001530
-0.001218
-0.000816
-0.000440
-0.000144
-0.000033
-0.000086
-0.000154
-0.000487
-0.001166
-0.001907
-0.002486
-0.002982
-0.003381
-0.003382
-0.002958
-0.002338
-0.001661
-0.000900
0.000001
0.001164
0.002485
0.003512
0.004154
0.004347
0.004238
0.003969
0.003432
0.002779
0.002345
0.002157
0.002086
0.002025
0.001699
0.001167
0.000831
0.000671
0.000760
0.001227
0.002050
0.003000
0.003589
0.003615
0.003131
0.002482
0.001691
0.000887
0.000368
0.000398
0.000873
0.001384
0.001723
0.001900
0.001546
0.000770
-0.000025
-0.000669
-0.001116
-0.001297
-0.001344
-0.001382
-0.001382
-0.001436
-0.001640
-0.001950
-0.002196
-0.002102
-0.002023
-0.001850
-0.001552
-0.000527
0.000330
0.000149
-0.000053
0.000012
0.000355
0.000838
0.001306
0.001998
0.002878
0.003442
0.003554
0.003346
0.003052
0.002773
0.002438
0.001903
0.001212
0.000418
-0.000246
-0.000642
-0.000814
-0.000810
-0.000537
-0.000110
0.000186
0.000204
-0.000052
-0.000455
-0.000948
-0.001472
-0.001930
-0.002196
-0.002052
-0.001631
-0.001325
-0.001260
-0.001306
-0.001040
-0.000372
0.000479
0.001275
0.001913
0.002213
0.002220
0.002036
0.001715
0.001231
0.000593
-0.000075
-0.000795
-0.001479
-0.002144
-0.002794
-0.003221
-0.003252
-0.002871
-0.002087
-0.001092
0.000009
0.000994
0.001473
0.001522
0.001287
0.000822
0.000353
0.000041
0.000003
0.000143
0.000413
0.000721
0.000932
0.001052
0.000993
0.000669
0.000232
-0.000284
-0.000849
-0.001196
-0.001527
-0.001730
-0.001811
-0.001882
-0.001840
-0.001707
-0.001433
-0.001060
-0.000719
-0.000396
-0.000126
0.000172
0.000451
0.000605
0.000672
0.000693
0.000878
0.001196
0.001462
0.001513
0.001430
0.001314
0.001144
0.000927
0.000609
0.000321
0.000199
0.000390
0.000639
0.000626
0.000651
0.000514
0.000039
-0.000749
-0.001681
-0.002441
-0.002954
-0.003010
-0.002642
-0.002146
-0.001654
-0.001219
-0.000987
-0.000986
-0.001043
-0.000959
-0.000607
-0.000181
0.000285
0.000745
0.001349
0.002158
0.002944
0.003703
0.004366
0.004859
0.004988
0.004703
0.004225
0.003734
0.003239
0.002641
0.001974
0.001506
0.001335
0.001384
0.001509
0.001599
0.001461
0.001104
0.000643
0.000310
0.000069
-0.000168
-0.000320
-0.000407
-0.000470
-0.000691
-0.000984
-0.001272
-0.001421
-0.001428
-0.001399
-0.001261
-0.001084
-0.000854
-0.000588
-0.000464
-0.000645
-0.000872
-0.001021
-0.001215
-0.001426
-0.001669
-0.002021
-0.002483
-0.002945
-0.003405
-0.003803
-0.004055
-0.004077
-0.003833
-0.003482
-0.002969
-0.002394
-0.002019
-0.002059
-0.002427
-0.002752
-0.002920
-0.002846
-0.002434
-0.001683
-0.000858
-0.000162
0.000446
0.000955
0.001446
0.001749
0.001797
0.001596
0.001239
0.000847
0.000483
0.000021
-0.000534
-0.001099
-0.001566
-0.001963
-0.002119
-0.001980
-0.001516
-0.000918
-0.000305
0.000279
0.000897
0.001390
0.001659
0.001802
0.001818
0.001697
0.001306
0.000516
-0.000180
-0.000482
-0.000411
0.000007
0.000396
0.000594
0.000513
0.000242
-0.000153
-0.000398
-0.000298
-0.000016
0.000272
0.000405
0.000216
-0.000321
-0.000974
-0.001531
-0.001732
-0.001498
-0.001004
-0.000383
0.000360
0.001043
0.001588
0.001849
0.001914
0.001693
0.001292
0.000949
0.000700
0.000536
0.000562
0.000664
0.000649
0.000342
-0.000080
-0.000549
-0.000919
-0.001055
-0.001116
-0.000970
-0.000659
-0.000397
-0.000221
-0.000177
-0.000452
-0.000932
-0.001401
-0.001844
-0.002178
-0.002236
-0.002082
-0.001834
-0.001557
-0.001190
-0.000638
0.000046
0.000750
0.001205
0.001309
0.001344
0.001539
0.001837
0.001969
0.002038
0.002263
0.002477
0.002441
0.002202
0.001720
0.001206
0.000602
0.000164
-0.000056
-0.000136
0.000103
0.000531
0.000847
0.001008
0.000888
0.000566
0.000276
0.000112
0.000119
0.000374
0.000804
0.001095
0.001108
0.000853
0.000396
-0.000242
-0.000741
-0.001057
-0.001045
-0.000714
-0.000190
0.000488
0.001070
0.001424
0.001485
0.001335
0.001141
0.001094
0.001148
0.001172
0.001177
0.001210
0.001250
0.001184
0.001055
0.000822
0.000524
0.000157
-0.000297
-0.000606
-0.000822
-0.001009
-0.001363
-0.001673
-0.001705
-0.001742
-0.001772
-0.001759
-0.001784
-0.001847
-0.001804
-0.001713
-0.001400
-0.000919
-0.000174
0.000726
0.001662
0.002402
0.002686
0.002539
0.001974
0.001222
0.000506
-0.000037
-0.000240
-0.000158
-0.000073
-0.000180
-0.000365
-0.000640
-0.001050
-0.001496
-0.002008
-0.002567
-0.003172
-0.003934
-0.004734
-0.005366
-0.005778
-0.005990
-0.005932
-0.005579
-0.004905
-0.004059
-0.003217
-0.002517
-0.001950
-0.001561
-0.001354
-0.001166
-0.000983
-0.000741
-0.000426
-0.000094
0.000299
0.000663
0.000938
0.000980
0.000910
0.000789
0.000794
0.001021
0.001261
0.001430
0.001691
0.002078
0.002333
0.002193
0.001698
0.000985
0.000058
-0.000744
-0.000924
-0.000656
-0.000310
-0.000080
-0.000056
-0.000131
-0.000185
-0.000053
0.000278
0.000796
0.001247
0.001551
0.001973
0.002356
0.002485
0.002411
0.002291
0.002263
0.002205
0.002068
0.002122
0.002173
0.002225
0.002397
0.002504
0.002487
0.002390
0.002241
0.002114
0.001930
0.001757
0.001581
0.001281
0.001137
0.001103
0.000933
0.000586
0.000350
0.000417
0.000723
0.001164
0.001437
0.001416
0.001194
0.000834
0.000537
0.000104
-0.000466
-0.000853
-0.000973
-0.000956
-0.000972
-0.001061
-0.001223
-0.001267
-0.001146
-0.000985
-0.000792
-0.000594
-0.000500
-0.000513
-0.000582
-0.000672
-0.000636
-0.000365
-0.000024
0.000353
0.000699
0.000889
0.000799
0.000539
0.000487
0.000549
0.000710
0.000973
0.001164
0.001321
0.001322
0.001101
0.000849
0.000518
0.000138
-0.000271
-0.000550
-0.000559
-0.000403
-0.000196
0.000023
0.000147
0.000142
-0.000008
-0.000222
-0.000453
-0.000629
-0.000719
-0.000687
-0.000477
-0.000128
0.000127
0.000206
0.000117
0.000058
-0.000008
0.000008
0.000237
0.000374
0.000394
0.000277
0.000170
0.000167
0.000204
0.000331
0.000524
0.000738
0.000882
0.000978
0.000889
0.000576
0.000170
-0.000284
-0.000677
-0.000987
-0.001198
-0.001333
-0.001339
-0.001306
-0.001310
-0.001222
-0.001111
-0.001039
-0.000969
-0.000810
-0.001321
-0.001985
-0.001835
-0.001658
-0.001465
-0.001338
-0.001198
-0.001019
-0.000712
-0.000287
0.000107
0.000339
0.000531
0.000631
0.000686
0.000794
0.000984
0.001208
0.001350
0.001373
0.001341
0.001051
0.000594
0.000001
-0.000807
-0.001452
-0.001574
-0.001393
-0.001061
-0.000620
-0.000252
-0.000086
-0.000073
-0.000226
-0.000610
-0.001109
-0.001546
-0.001718
-0.001624
-0.001511
-0.001552
-0.001654
-0.001777
-0.001736
-0.001468
-0.001102
-0.000818
-0.000443
0.000104
0.000669
0.001154
0.001486
0.001636
0.001718
0.001867
0.002119
0.002345
0.002519
0.002585
0.002454
0.002194
0.002024
0.001807
0.001595
0.001385
0.001120
0.000747
0.000402
-0.000016
-0.000560
-0.000987
-0.001164
-0.001124
-0.000906
-0.000556
-0.000106
0.000306
0.000663
0.000950
0.001264
0.001591
0.001722
0.001716
0.001556
0.001312
0.001065
0.000937
0.000937
0.001029
0.001009
0.000907
0.000939
0.001115
0.001483
0.001946
0.002084
0.001989
0.001652
0.001116
0.000578
0.000040
-0.000390
-0.000724
-0.001024
-0.001250
-0.001324
-0.001320
-0.001277
-0.001157
-0.000915
-0.000565
-0.000237
0.000028
0.000207
0.000287
0.000331
0.000277
0.000239
0.000459
0.000838
0.001039
0.000981
0.000677
0.000360
-0.000019
-0.000380
-0.000628
-0.000653
-0.000472
-0.000252
-0.000147
-0.000153
-0.000214
-0.000358
-0.000540
-0.000550
-0.000437
-0.000400
-0.000391
-0.000452
-0.000537
-0.000603
-0.000666
-0.000818
-0.000967
-0.001018
-0.000881
-0.000577
-0.000127
0.000169
0.000220
0.000064
-0.000176
-0.000437
-0.000599
-0.000636
-0.000690
-0.000710
-0.000637
-0.000550
-0.000408
-0.000209
-0.000145
-0.000239
-0.000475
-0.000749
-0.000932
-0.000974
-0.000847
-0.000583
-0.000245
0.000085
0.000299
0.000313
0.000196
0.000048
-0.000241
-0.000595
-0.000893
-0.001127
-0.001158
-0.001123
-0.000936
-0.000668
-0.000527
-0.000534
-0.000579
-0.000623
-0.000753
-0.000941
-0.001133
-0.001469
-0.001858
-0.002104
-0.002205
-0.002129
-0.001839
-0.001329
-0.000634
0.000017
0.000460
0.000832
0.001252
0.001648
0.001862
0.001894
0.001777
0.001449
0.001042
0.000683
0.000313
-0.000039
-0.000314
-0.000454
-0.000427
-0.000540
-0.000632
-0.000663
-0.000826
-0.000977
-0.000849
-0.000544
-0.000300
-0.000126
-0.000017
-0.000079
-0.000304
-0.000477
-0.000423
-0.000047
0.000397
0.000829
0.001351
0.001897
0.002173
0.002205
0.002211
0.002088
0.001882
0.001642
0.001250
0.000953
0.000724
0.000610
0.000643
0.000625
0.000595
0.000510
0.000382
0.000413
0.000456
0.000392
0.000272
0.000286
0.000423
0.000668
0.000912
0.001088
0.001186
0.001142
0.001096
0.001015
0.000896
0.000755
0.000682
0.000612
0.000401
0.000116
-0.000200
-0.000426
-0.000477
-0.000519
-0.000524
-0.000459
-0.000306
-0.000204
-0.000220
-0.000235
-0.000305
-0.000459
-0.000817
-0.001271
-0.001745
-0.002079
-0.002251
-0.002243
-0.002132
-0.001957
-0.001751
-0.001509
-0.001316
-0.001075
-0.000833
-0.000655
-0.000619
-0.000636
-0.000655
-0.000642
-0.000475
-0.000124
0.000345
0.000783
0.001267
0.001575
0.001539
0.001216
0.000821
0.000493
0.000322
0.000349
0.000527
0.000711
0.001082
0.001439
0.001513
0.001328
0.001113
0.000964
0.000820
0.000760
0.000756
0.000712
0.000486
0.000214
-0.000027
-0.000334
-0.000808
-0.001312
-0.001448
-0.001104
-0.000566
-0.000208
-0.000005
0.000169
0.000300
0.000285
0.000086
-0.000142
-0.000448
-0.000864
-0.001131
-0.001292
-0.001464
-0.001758
-0.002121
-0.002386
-0.002722
-0.002855
-0.002559
-0.001939
-0.001230
-0.000485
0.000135
0.000516
0.000696
0.000608
0.000408
0.000198
0.000010
-0.000154
-0.000325
-0.000471
-0.000640
-0.000687
-0.000763
-0.000979
-0.001239
-0.001471
-0.001598
-0.001612
-0.001582
-0.001511
-0.001327
-0.000894
-0.000305
0.000092
0.000245
0.000230
0.000092
-0.000106
-0.000358
-0.000624
-0.000848
-0.000953
-0.000908
-0.000762
-0.000590
-0.000477
-0.000413
-0.000337
-0.000188
-0.000089
-0.000026
-0.000044
-0.000022
-0.000060
-0.000235
-0.000437
-0.000577
-0.000593
-0.000426
-0.000261
-0.000315
-0.000364
-0.000318
-0.000266
-0.000232
-0.000196
-0.000235
-0.000252
-0.000054
0.000302
0.000604
0.000748
0.000927
0.001171
0.001388
0.001466
0.001483
0.001557
0.001505
0.001300
0.001182
0.001065
0.000900
0.000758
0.000599
0.000475
0.000469
0.000582
0.000656
0.000714
0.000728
0.000631
0.000516
0.000345
0.000103
-0.000213
-0.000360
-0.000291
-0.000096
0.000060
0.000255
0.000524
0.000783
0.001001
0.001175
0.001162
0.001053
0.000990
0.000935
0.000842
0.000778
0.000541
0.000301
0.000176
0.000091
0.000110
0.000202
0.000319
0.000350
0.000266
0.000076
-0.000053
-0.000267
-0.000480
-0.000616
-0.000756
-0.000910
-0.001155
-0.001364
-0.001555
-0.001650
-0.001681
-0.001608
-0.001360
-0.000985
-0.000511
-0.000011
0.000320
0.000505
0.000668
0.000895
0.000987
0.000896
0.000890
0.001017
0.001300
0.001818
0.002364
0.002782
0.002848
0.002646
0.002335
0.001978
0.001586
0.001243
0.000934
0.000694
0.000436
0.000081
-0.000175
-0.000406
-0.000569
-0.000627
-0.000539
-0.000563
-0.000548
-0.000340
-0.000076
0.000055
0.000159
0.000264
0.000303
0.000260
0.000131
-0.000106
-0.000362
-0.000425
-0.000269
0.000039
0.000430
0.000712
0.000761
0.000680
0.000684
0.000726
0.000701
0.000625
0.000624
0.000584
0.000384
0.000099
-0.000235
-0.000597
-0.000906
-0.001073
-0.000945
-0.000578
-0.000105
0.000309
0.000616
0.000894
0.001200
0.001410
0.001473
0.001463
0.001497
0.001497
0.001502
0.001311
0.000725
0.000065
-0.000505
-0.000961
-0.001340
-0.001533
-0.001652
-0.001916
-0.002344
-0.002509
-0.002298
-0.001887
-0.001291
-0.000705
-0.000270
0.000016
0.000262
0.000370
0.000405
0.000387
0.000355
0.000452
0.000486
0.000522
0.000511
0.000288
-0.000127
-0.000528
-0.000838
-0.000930
-0.000832
-0.000756
-0.000818
-0.000856
-0.000756
-0.000552
-0.000366
-0.000298
-0.000420
-0.000622
-0.000978
-0.001348
-0.001579
-0.001698
-0.001709
-0.001536
-0.001244
-0.000918
-0.000687
-0.000667
-0.000843
-0.000882
-0.000740
-0.000641
-0.000630
-0.000494
-0.000268
-0.000100
-0.000087
-0.000075
-0.000148
-0.000363
-0.000489
-0.000518
-0.000480
-0.000343
-0.000288
-0.000232
-0.000116
0.000088
0.000300
0.000432
0.000357
0.000152
-0.000042
-0.000244
-0.000493
-0.000708
-0.000899
-0.000964
-0.000895
-0.000842
-0.000716
-0.000447
-0.000279
-0.000204
-0.000150
-0.000122
0.000004
0.000153
0.000426
0.000773
0.001071
0.001286
0.001415
0.001360
0.001100
0.000929
0.000915
0.000953
0.001060
0.001317
0.001643
0.001846
0.001778
0.001540
0.001220
0.000890
0.000769
0.000692
0.000535
0.000393
0.000391
0.000539
0.000705
0.000771
0.000745
0.000699
0.000843
0.001076
0.001226
0.001379
0.001575
0.001813
0.002017
0.002088
0.001934
0.001571
0.001078
0.000681
0.000385
0.000066
0.000000
0.000155
0.000381
0.000544
0.000619
0.000642
0.000644
0.000690
0.000687
0.000630
0.000651
0.000947
0.001213
0.001201
0.001209
0.001346
0.001387
0.001295
0.001055
0.000709
0.000327
0.000104
0.000135
0.000269
0.000232
0.000038
-0.000260
-0.000562
-0.000833
-0.001177
-0.001455
-0.001592
-0.001670
-0.001640
-0.001517
-0.001308
-0.001073
-0.000926
-0.000923
-0.001126
-0.001351
-0.001533
-0.001645
-0.001563
-0.001294
-0.000942
-0.000485
-0.000081
0.000191
0.000327
0.000341
0.000256
-0.000025
-0.000391
-0.000704
-0.000829
-0.000836
-0.000827
-0.000758
-0.000933
-0.001169
-0.001313
-0.001402
-0.001462
-0.001347
-0.001042
-0.000720
-0.000509
-0.000411
-0.000176
0.000076
0.000222
0.000270
0.000367
0.000537
0.000714
0.000930
0.001104
0.001089
0.000861
0.000565
0.000254
-0.000054
-0.000393
-0.000723
-0.001035
-0.001244
-0.001115
-0.001002
-0.001024
-0.000983
-0.000862
-0.000771
-0.000656
-0.000462
-0.000191
0.000156
0.000325
0.000414
0.000553
0.000452
0.000263
0.000060
0.000007
0.000031
0.000068
0.000204
0.000333
0.000312
0.000302
0.000194
0.000072
-0.000008
-0.000046
-0.000089
-0.000173
-0.000313
-0.000597
-0.000816
-0.000944
-0.000849
-0.000525
-0.000146
0.000352
0.000925
0.001336
0.001724
0.001932
0.001864
0.001593
0.001421
0.001519
0.001759
0.002086
0.002212
0.002156
0.001895
0.001305
0.000718
0.000262
-0.000077
-0.000245
-0.000288
-0.000376
-0.000542
-0.000584
-0.000592
-0.000564
-0.000362
-0.000150
-0.000009
0.000159
0.000272
0.000324
0.000352
0.000355
0.000278
0.000077
-0.000023
0.000027
0.000022
-0.000109
-0.000256
-0.000354
-0.000481
-0.000627
-0.000683
-0.000770
-0.000915
-0.001108
-0.001293
-0.001413
-0.001448
-0.001425
-0.001307
-0.001137
-0.001051
-0.001093
-0.001259
-0.001408
-0.001451
-0.001386
-0.001269
-0.001050
-0.000690
-0.000239
0.000150
0.000423
0.000671
0.000756
0.000762
0.000701
0.000650
0.000716
0.000909
0.001083
0.001191
0.001318
0.001311
0.001256
0.001181
0.000992
0.000761
0.000707
0.000543
0.000401
0.000369
0.000269
0.000143
0.000028
-0.000060
-0.000150
-0.000442
-0.000767
-0.001010
-0.001188
-0.001227
-0.001105
-0.000773
-0.000327
0.000100
0.000608
0.001059
0.001255
0.001329
0.001195
0.000970
0.000742
0.000429
0.000112
-0.000006
0.000079
0.000354
0.000709
0.000961
0.001143
0.001155
0.001150
0.001067
0.000925
0.000810
0.000689
0.000653
0.000783
0.000812
0.000725
0.000718
0.000719
0.000728
0.000696
0.000689
0.000757
0.000751
0.000637
0.000464
0.000258
0.000065
-0.000178
-0.000362
-0.000430
-0.000474
-0.000446
-0.000511
-0.000634
-0.000819
-0.000805
-0.000476
-0.000156
0.000087
0.000219
0.000249
0.000314
0.000439
0.000493
0.000423
0.000368
0.000291
0.000124
-0.000058
-0.000162
-0.000193
-0.000176
-0.000213
-0.000216
-0.000199
-0.000086
0.000066
0.000079
-0.000069
-0.000166
-0.000135
0.000004
0.000083
0.000101
-0.000065
-0.000359
-0.000544
-0.000575
-0.000500
-0.000396
-0.000219
0.000069
0.000201
0.000264
0.000249
0.000283
0.000078
-0.000252
-0.000422
-0.000519
-0.000434
-0.000331
-0.000405
-0.000484
-0.000544
-0.000597
-0.000608
-0.000516
-0.000345
-0.000263
-0.000264
-0.000437
-0.000623
-0.000666
-0.000768
-0.000843
-0.000832
-0.000790
-0.000612
-0.000491
-0.000466
-0.000448
-0.000419
-0.000335
-0.000248
-0.000193
-0.000219
-0.000316
-0.000382
-0.000485
-0.000653
-0.000691
-0.000589
-0.000468
-0.000305
-0.000159
-0.000136
-0.000116
-0.000164
-0.000102
0.000148
0.000504
0.000769
0.000965
0.001194
0.001303
0.001250
0.001154
0.001128
0.001000
0.000804
0.000784
0.000732
0.000675
0.000643
0.000664
0.000770
0.000871
0.000983
0.001124
0.001196
0.001247
0.001205
0.001137
0.001053
0.000918
0.000745
0.000661
0.000635
0.000460
0.000265
0.000155
0.000053
0.000019
0.000147
0.000308
0.000418
0.000493
0.000604
0.000689
0.000721
0.000718
0.000672
0.000651
0.000627
0.000481
0.000266
0.000072
-0.000078
-0.000259
-0.000247
-0.000176
-0.000189
-0.000266
-0.000228
-0.000223
-0.000388
-0.000595
-0.000802
-0.000932
-0.000926
-0.000814
-0.000776
-0.000808
-0.000799
-0.000748
-0.000714
-0.000647
-0.000450
-0.000215
-0.000023
0.000017
-0.000062
-0.000066
-0.000100
-0.000178
-0.000267
-0.000249
-0.000148
-0.000033
0.000010
0.000080
0.000124
0.000111
0.000186
0.000365
0.000487
0.000464
0.000452
0.000590
0.000672
0.000743
0.000755
0.000663
0.000480
0.000234
0.000060
-0.000014
-0.000078
-0.000244
-0.000424
-0.000528
-0.000638
-0.000803
-0.000935
-0.001021
-0.000981
-0.000794
-0.000484
-0.000168
0.000064
0.000185
0.000261
0.000154
-0.000026
-0.000147
-0.000159
-0.000368
-0.000774
-0.000938
-0.000977
-0.000900
-0.000770
-0.000662
-0.000504
-0.000289
-0.000194
-0.000229
-0.000276
-0.000345
-0.000320
-0.000328
-0.000348
-0.000377
-0.000409
-0.000579
-0.000784
-0.000914
-0.000895
-0.000754
-0.000629
-0.000530
-0.000462
-0.000415
-0.000422
-0.000490
-0.000542
-0.000597
-0.000582
-0.000620
-0.000741
-0.000849
-0.000995
-0.001117
-0.001175
-0.001174
-0.001143
-0.001004
-0.000853
-0.000781
-0.000691
-0.000833
-0.001143
-0.001434
-0.001723
-0.001832
-0.001818
-0.001714
-0.001556
-0.001355
-0.001140
-0.000934
-0.000692
-0.000683
-0.000903
-0.000945
-0.000766
-0.000564
-0.000357
-0.000199
-0.000025
0.000153
0.000226
0.000294
0.000395
0.000528
0.000649
0.000764
0.000786
0.000780
0.000811
0.000927
0.000962
0.000973
0.001051
0.001112
0.001125
0.000996
0.000773
0.000570
0.000500
0.000460
0.000345
0.000155
0.000008
-0.000090
-0.000139
-0.000110
-0.000105
-0.000080
-0.000041
0.000046
0.000205
0.000322
0.000561
0.000848
0.001030
0.001143
0.001255
0.001371
0.001519
0.001526
0.001420
0.001309
0.001152
0.000977
0.000763
0.000557
0.000293
-0.000024
-0.000275
-0.000369
-0.000420
-0.000397
-0.000368
-0.000403
-0.000410
-0.000612
-0.000844
-0.000855
-0.000776
-0.000788
-0.000812
-0.000650
-0.000394
-0.000223
-0.000173
-0.000084
0.000002
0.000108
0.000223
0.000345
0.000516
0.000712
0.000796
0.000718
0.000594
0.000444
0.000273
0.000209
0.000244
0.000285
0.000360
0.000467
0.000472
0.000424
0.000306
0.000219
0.000211
0.000272
0.000351
0.000497
0.000637
0.000687
0.000655
0.000589
0.000531
0.000484
0.000470
0.000438
0.000405
0.000469
0.000497
0.000375
0.000183
-0.000000
-0.000156
-0.000289
-0.000422
-0.000511
-0.000526
-0.000481
-0.000365
-0.000241
-0.000202
-0.000215
-0.000278
-0.000360
-0.000424
-0.000395
-0.000316
-0.000376
-0.000449
-0.000500
-0.000522
-0.000513
-0.000529
-0.000579
-0.000666
-0.000736
-0.000797
-0.000814
-0.000807
-0.000731
-0.000694
-0.000758
-0.000760
-0.000755
-0.000831
-0.000885
-0.000893
-0.000877
-0.000741
-0.000628
-0.000562
-0.000575
-0.000497
-0.000272
-0.000057
0.000131
0.000233
0.000266
0.000183
0.000058
0.000042
0.000097
0.000164
0.000202
0.000168
0.000144
0.000131
0.000096
0.000068
-0.000032
-0.000101
-0.000150
-0.000219
-0.000256
-0.000258
-0.000215
-0.000171
-0.000094
-0.000028
0.000011
0.000005
0.000031
0.000091
0.000138
0.000170
0.000233
0.000269
0.000325
0.000387
0.000398
0.000382
0.000370
0.000372
0.000391
0.000391
0.000395
0.000364
0.000311
0.000270
0.000231
0.000202
0.000203
0.000224
0.000223
0.000219
0.000224
0.000219
0.000206
0.000185
0.000151
0.000105
0.000065
0.000032
0.000042
0.000109
0.000153
0.000140
0.000107
0.000071
0.000033
-0.000019
-0.000046
-0.000041
-0.000027
0.000025
0.000067
0.000092
0.000100
0.000107
0.000125
0.000146
0.000164
0.000156
0.000134
0.000091
0.000056
0.000053
0.000034
0.000022
0.000013
0.000002
-0.000007
-0.000024
-0.000042
-0.000035
-0.000026
-0.000033
-0.000032
-0.000016
0.000001
0.000017
0.000032
0.000050
0.000053
0.000046
0.000034
0.000023
0.000009
0.000006
0.000000
-0.000000
0.000015
0.000029
0.000023
0.000011
0.000008
0.000005
0.000007
0.000021
0.000019
0.000012
0.000009
0.000010
0.000020
0.000029
0.000033
0.000033
0.000027
0.000020
0.000020
0.000026
0.000036
0.000045
0.000048
0.000047
0.000047
0.000051
0.000053
0.000057
0.000063
0.000068
0.000071
0.000072
0.000073
0.000073
0.000069
0.000066
0.000066
0.000065
0.000063
0.000060
0.000059
0.000058
0.000057
0.000057
0.000055
0.000056
0.000055
0.000054
0.000053
0.000049
0.000047
0.000046
0.000042
0.000039
0.000036
0.000034
0.000032
0.000030
0.000029
0.000029
0.000028
0.000027
0.000027
0.000026
0.000025
0.000024
0.000023
0.000022
0.000022
0.000022
0.000021
0.000021
0.000021
0.000021
0.000021
0.000021
0.000022
0.000022
0.000022
0.000022
0.000022
0.000022
0.000022
0.000022
0.000022
0.000022
0.000022
0.000023
0.000023
0.000023
0.000023
0.000023
0.000023
0.000023
0.000023
0.000023
0.000023
0.000022
0.000022
0.000022
0.000022
0.000022
0.000022
0.000022
0.000021
0.000021
0.000021
0.000021
0.000020
