-0.000031
-0.000069
-0.000150
-0.000191
-0.000183
-0.000163
-0.000141
-0.000127
-0.000116
-0.000103
-0.000093
-0.000090
-0.000090
-0.000093
-0.000103
-0.000106
-0.000092
-0.000070
-0.000063
-0.000087
-0.000117
-0.000139
-0.000177
-0.000207
-0.000195
-0.000180
-0.000190
-0.000162
-0.000069
0.000026
0.000073
0.000099
0.000098
0.000009
-0.000114
-0.000181
-0.000153
0.000011
0.000278
0.000481
0.000476
0.000327
0.000188
0.000094
0.000021
-0.000079
-0.000173
-0.000239
-0.000340
-0.000296
0.000010
0.000251
0.000280
0.000183
0.000011
-0.000079
-0.000172
-0.000441
-0.000525
-0.000190
0.000215
0.000465
0.000660
0.000799
0.000913
0.000979
0.000789
0.000563
0.000543
0.000536
0.000381
0.000182
0.000175
0.000396
0.000642
0.000570
0.000008
-0.000926
-0.001773
-0.002211
-0.002462
-0.002406
-0.001847
-0.001096
-0.000455
-0.000008
0.000173
0.000018
-0.000092
0.000079
0.000219
0.000268
0.000725
0.001861
0.003194
0.004202
0.004341
0.003297
0.001933
0.001101
0.000454
-0.000612
-0.002072
-0.003253
-0.003697
-0.003348
-0.002748
-0.002532
-0.002349
-0.002455
-0.003382
-0.004199
-0.004141
-0.003347
-0.001637
0.000417
0.001503
0.002172
0.003604
0.005231
0.006293
0.007005
0.007052
0.005757
0.003516
0.000734
-0.001952
-0.003333
-0.003380
-0.003235
-0.003893
-0.005627
-0.008032
-0.009230
-0.007532
-0.004539
-0.002235
-0.000891
-0.001221
-0.002906
-0.004187
-0.003648
-0.001285
0.000967
0.002259
0.002790
0.002225
0.001833
0.002563
0.003564
0.004268
0.003564
0.001073
-0.000966
-0.001108
-0.000155
0.001146
0.002542
0.003323
0.002582
0.000575
-0.001276
-0.002147
-0.002950
-0.004185
-0.004750
-0.005348
-0.007044
-0.007832
-0.007091
-0.006351
-0.003660
0.002636
0.008587
0.011371
0.012083
0.011655
0.011098
0.010617
0.009631
0.008347
0.007376
0.007841
0.009363
0.009401
0.006621
0.003032
0.000049
-0.003690
-0.007690
-0.010091
-0.010767
-0.009930
-0.007372
-0.003618
0.000348
0.004283
0.007758
0.009489
0.008622
0.006135
0.003604
0.001332
-0.000036
0.000565
0.002446
0.004872
0.007750
0.010600
0.013861
0.016909
0.016467
0.011581
0.004985
-0.001260
-0.007289
-0.014831
-0.023096
-0.029095
-0.031141
-0.028054
-0.022247
-0.016620
-0.010136
-0.003920
-0.000969
-0.000192
0.000137
-0.000211
-0.001097
-0.003158
-0.005343
-0.005165
-0.003140
0.000367
0.005491
0.009655
0.009926
0.005431
-0.001848
-0.009199
-0.015218
-0.018635
-0.019359
-0.018797
-0.016649
-0.011191
-0.004637
-0.001224
-0.000284
-0.000384
-0.002008
-0.001704
0.004098
0.012459
0.018082
0.018591
0.015390
0.012349
0.011019
0.010595
0.011338
0.011896
0.009935
0.007606
0.008603
0.011469
0.012605
0.012008
0.011263
0.009809
0.006907
0.004039
0.001645
-0.001510
-0.003818
-0.002147
0.002425
0.006505
0.008288
0.006465
0.001661
-0.002568
-0.004160
-0.002775
0.002866
0.011753
0.021153
0.029203
0.034313
0.035547
0.031852
0.023246
0.011735
-0.000895
-0.014355
-0.026095
-0.031937
-0.032065
-0.026239
-0.013594
0.000006
0.009268
0.014362
0.012489
0.002454
-0.008886
-0.019447
-0.031756
-0.042802
-0.049326
-0.049722
-0.041625
-0.025896
-0.007427
0.009206
0.021858
0.029442
0.029794
0.023374
0.016878
0.013364
0.010914
0.012710
0.020199
0.027722
0.030871
0.029550
0.023922
0.011806
-0.004478
-0.016167
-0.021299
-0.025142
-0.026313
-0.020982
-0.010369
0.002050
0.011088
0.015673
0.019294
0.023183
0.026908
0.028940
0.027979
0.027549
0.030214
0.034238
0.041626
0.053816
0.066337
0.074660
0.076018
0.071156
0.063809
0.054022
0.040479
0.026050
0.013411
0.002547
-0.006154
-0.012153
-0.016576
-0.021387
-0.026607
-0.031854
-0.037909
-0.043719
-0.047800
-0.049304
-0.048350
-0.047030
-0.045778
-0.044680
-0.044746
-0.044323
-0.041595
-0.037338
-0.034744
-0.035588
-0.036407
-0.036415
-0.040029
-0.046418
-0.052207
-0.058972
-0.066568
-0.072090
-0.076517
-0.081196
-0.083785
-0.083052
-0.078535
-0.069213
-0.057525
-0.045452
-0.033189
-0.022370
-0.013447
-0.007376
-0.003902
0.000353
0.004109
0.004161
0.002691
0.001851
0.000475
-0.000803
0.001778
0.009077
0.015824
0.018451
0.019733
0.021849
0.023852
0.026468
0.030271
0.031470
0.029006
0.027211
0.027261
0.028569
0.031636
0.033917
0.032720
0.029148
0.026048
0.024749
0.023909
0.021883
0.017293
0.010701
0.006439
0.007829
0.013705
0.021340
0.027840
0.030207
0.028443
0.024638
0.020687
0.017376
0.014055
0.011421
0.012670
0.018829
0.026114
0.032467
0.039311
0.046810
0.050932
0.047141
0.038286
0.027574
0.015845
0.006551
-0.000173
-0.004844
-0.005243
-0.002302
-0.000476
0.000587
0.008204
0.020660
0.023649
0.006133
-0.025831
-0.044067
-0.034934
-0.022323
-0.023206
-0.030573
-0.037622
-0.041748
-0.041498
-0.036937
-0.028812
-0.016712
-0.001839
0.008317
0.010508
0.007419
0.002882
0.000427
-0.001393
-0.004201
-0.006899
-0.009044
-0.011271
-0.013749
-0.015474
-0.015423
-0.014238
-0.014898
-0.019669
-0.024119
-0.024083
-0.021893
-0.017227
-0.008998
-0.002341
0.000019
0.001750
0.005439
0.010848
0.016035
0.019133
0.021374
0.023815
0.026220
0.030790
0.037949
0.044006
0.046265
0.044811
0.042132
0.041758
0.045791
0.052164
0.054490
0.049763
0.042742
0.037672
0.033421
0.028173
0.021765
0.013859
0.003726
-0.007116
-0.014496
-0.018694
-0.024644
-0.031536
-0.034145
-0.030386
-0.021766
-0.011288
-0.001035
0.007336
0.013083
0.016584
0.017185
0.016056
0.013954
0.011004
0.010369
0.012264
0.015381
0.018569
0.017771
0.011568
0.003632
-0.005037
-0.018564
-0.035349
-0.049228
-0.056943
-0.056416
-0.049893
-0.042923
-0.037505
-0.033143
-0.030944
-0.031315
-0.030636
-0.026559
-0.021964
-0.018032
-0.010591
0.000848
0.007409
0.002217
-0.011308
-0.027548
-0.041777
-0.047717
-0.045430
-0.041627
-0.039284
-0.037657
-0.035691
-0.033269
-0.031923
-0.033427
-0.035788
-0.034804
-0.030814
-0.025916
-0.020094
-0.012725
-0.004003
0.004647
0.012013
0.017124
0.018190
0.013513
0.002368
-0.011952
-0.024019
-0.031936
-0.036249
-0.038171
-0.039026
-0.038858
-0.036534
-0.031613
-0.024615
-0.017403
-0.011229
-0.006057
-0.003122
-0.001844
-0.000577
0.001683
0.007334
0.016857
0.025428
0.028518
0.025492
0.013438
-0.006471
-0.019878
-0.018378
-0.012885
-0.013248
-0.016144
-0.015097
-0.007587
0.004493
0.016863
0.026614
0.033674
0.038907
0.042879
0.044988
0.045844
0.047322
0.048806
0.049635
0.051296
0.054409
0.057462
0.060457
0.065104
0.071121
0.074996
0.074051
0.071151
0.069618
0.069523
0.072067
0.077565
0.081518
0.081967
0.083878
0.089317
0.093802
0.094558
0.092018
0.085667
0.073866
0.056716
0.037895
0.021590
0.009139
-0.000827
-0.010499
-0.019971
-0.026971
-0.028612
-0.024839
-0.020338
-0.017522
-0.014099
-0.009319
-0.004062
0.001779
0.009414
0.017924
0.022892
0.023080
0.019654
0.012876
0.004713
-0.005489
-0.022330
-0.047875
-0.080305
-0.117574
-0.152151
-0.170811
-0.172525
-0.165851
-0.153843
-0.138363
-0.124163
-0.115563
-0.112943
-0.113663
-0.116847
-0.121339
-0.122740
-0.119709
-0.114801
-0.108932
-0.103444
-0.098279
-0.089994
-0.078321
-0.065128
-0.049427
-0.031553
-0.014757
0.000916
0.016888
0.031467
0.043964
0.054169
0.060795
0.064504
0.065518
0.063421
0.059148
0.055066
0.052335
0.049533
0.045930
0.040039
0.033557
0.032544
0.036156
0.038342
0.036890
0.033248
0.027813
0.020806
0.014328
0.008107
0.003812
0.006483
0.014052
0.021168
0.027869
0.034586
0.040205
0.044612
0.047511
0.048247
0.045758
0.039634
0.032044
0.024799
0.017654
0.012735
0.012140
0.013163
0.014870
0.018575
0.023221
0.028481
0.032692
0.033819
0.035251
0.039492
0.045223
0.051385
0.055499
0.056220
0.054777
0.052306
0.049407
0.045055
0.039811
0.034126
0.025957
0.019027
0.019766
0.026271
0.029214
0.017537
-0.013068
-0.055210
-0.072484
-0.008929
0.104524
0.151609
0.115877
0.081647
0.068184
0.051449
0.041012
0.033729
0.012933
-0.006538
-0.008342
-0.005342
-0.016345
-0.045596
-0.081086
-0.103972
-0.104786
-0.085262
-0.052062
-0.019386
-0.001341
-0.000034
-0.010680
-0.026284
-0.039234
-0.045401
-0.044866
-0.039307
-0.025928
-0.003946
0.019055
0.038404
0.052325
0.060774
0.070612
0.083036
0.089648
0.087403
0.080962
0.071371
0.057239
0.042918
0.032344
0.025031
0.018494
0.010480
0.000403
-0.010443
-0.018358
-0.022622
-0.026648
-0.034171
-0.045594
-0.059742
-0.079105
-0.100624
-0.116875
-0.128444
-0.135444
-0.133529
-0.122102
-0.104283
-0.084004
-0.067360
-0.060737
-0.062122
-0.065753
-0.072083
-0.080924
-0.087977
-0.089436
-0.082292
-0.069929
-0.061367
-0.057146
-0.051703
-0.045694
-0.040509
-0.030641
-0.013645
0.001726
0.010977
0.019824
0.027044
0.028991
0.029587
0.028560
0.024362
0.021692
0.021444
0.020526
0.020292
0.024250
0.031892
0.041757
0.053948
0.067117
0.078719
0.086671
0.092052
0.097079
0.100076
0.097617
0.087566
0.066347
0.035641
0.009984
-0.002768
-0.011793
-0.026255
-0.047018
-0.066694
-0.077315
-0.080966
-0.083176
-0.083280
-0.076704
-0.059948
-0.031181
0.006074
0.043398
0.074237
0.096772
0.113036
0.120377
0.114119
0.092957
0.055112
0.015953
-0.004988
-0.013565
-0.014082
-0.001107
0.017360
0.031368
0.043710
0.058440
0.073565
0.085617
0.093189
0.096292
0.097277
0.098402
0.098503
0.097352
0.095117
0.089902
0.078623
0.062618
0.045512
0.028217
0.013790
0.001222
-0.011482
-0.021541
-0.030907
-0.044969
-0.062245
-0.082704
-0.127709
-0.185751
-0.181102
-0.095956
-0.010622
0.011583
-0.022314
-0.060876
-0.064733
-0.047468
-0.036210
-0.031499
-0.026607
-0.020652
-0.013485
-0.009115
-0.011454
-0.017914
-0.025838
-0.036748
-0.051688
-0.066651
-0.079329
-0.093677
-0.110561
-0.127454
-0.140796
-0.145529
-0.142345
-0.135438
-0.126404
-0.115794
-0.102604
-0.088575
-0.076849
-0.063118
-0.045321
-0.027789
-0.012003
0.001339
0.012468
0.020853
0.023113
0.021595
0.021289
0.022100
0.023272
0.022835
0.015911
0.004366
-0.004612
-0.006577
0.001967
0.012753
-0.006235
-0.065106
-0.114500
-0.094854
-0.015777
0.024873
-0.019204
-0.067042
-0.063067
-0.036179
-0.013567
0.003532
0.017594
0.030744
0.045821
0.063368
0.085580
0.112693
0.138925
0.161272
0.180957
0.197984
0.210661
0.217855
0.218352
0.212455
0.201114
0.180281
0.151011
0.125289
0.106422
0.088366
0.071429
0.057898
0.048062
0.043374
0.046405
0.053676
0.055992
0.050753
0.035282
0.006184
-0.028678
-0.053527
-0.051316
-0.020638
0.018531
0.047358
0.061183
0.064069
0.061359
0.056613
0.049783
0.039764
0.029391
0.022176
0.016933
0.010253
0.003068
-0.001901
-0.003020
0.002048
0.011685
0.022593
0.033432
0.041656
0.046515
0.048783
0.047655
0.044685
0.040969
0.034685
0.025666
0.013606
-0.000503
-0.014994
-0.029407
-0.040990
-0.049902
-0.058822
-0.066677
-0.072107
-0.076530
-0.081248
-0.085867
-0.090180
-0.095406
-0.101517
-0.104430
-0.103499
-0.104313
-0.108449
-0.110703
-0.105057
-0.092088
-0.077448
-0.064079
-0.054722
-0.050848
-0.048316
-0.045492
-0.042601
-0.036089
-0.024439
-0.010013
0.004513
0.014728
0.015842
0.008930
-0.001898
-0.015604
-0.028784
-0.034481
-0.033725
-0.033170
-0.032454
-0.027217
-0.019934
-0.018650
-0.025677
-0.034802
-0.040847
-0.041720
-0.035910
-0.027706
-0.022138
-0.018623
-0.018188
-0.021975
-0.026031
-0.026922
-0.028226
-0.034079
-0.040154
-0.044945
-0.055154
-0.069500
-0.080473
-0.088075
-0.094435
-0.098679
-0.105479
-0.117708
-0.121828
-0.084950
0.005641
0.087544
0.104068
0.081476
0.057146
0.044133
0.040953
0.030974
0.011132
-0.004446
-0.011953
-0.017400
-0.019234
-0.013323
-0.002533
0.008671
0.019971
0.031706
0.042487
0.053112
0.060936
0.062923
0.063534
0.065976
0.069184
0.073454
0.081085
0.089732
0.093627
0.091513
0.081823
0.062348
0.035584
0.008745
-0.009656
-0.019280
-0.021828
-0.015968
-0.006534
0.001324
0.007499
0.013418
0.020527
0.028441
0.037244
0.046955
0.054017
0.057119
0.058757
0.058801
0.056884
0.053340
0.046831
0.036762
0.021892
0.001534
-0.020986
-0.043086
-0.065385
-0.086820
-0.102551
-0.110398
-0.113212
-0.110020
-0.099140
-0.083346
-0.061560
-0.035719
-0.015264
-0.005040
-0.006665
-0.021266
-0.044305
-0.064484
-0.071835
-0.073337
-0.090650
-0.114727
-0.092143
-0.018561
0.041910
0.051825
0.021162
-0.021135
-0.050492
-0.055875
-0.041287
-0.023217
-0.004620
0.018221
0.037118
0.048312
0.052960
0.048070
0.036758
0.023981
0.009596
-0.005211
-0.019628
-0.033440
-0.044209
-0.052184
-0.059273
-0.063245
-0.059432
-0.046067
-0.026603
-0.003756
0.022497
0.047806
0.068720
0.088634
0.108643
0.120319
0.113393
0.084695
0.038044
-0.010510
-0.041699
-0.053218
-0.054313
-0.050218
-0.043083
-0.038142
-0.037092
-0.036943
-0.037987
-0.040019
-0.037280
-0.025527
-0.008600
0.007079
0.022015
0.040180
0.057157
0.060945
0.046365
0.023308
0.004586
-0.005582
-0.008730
-0.006726
0.000353
0.011867
0.024828
0.034019
0.037490
0.040075
0.044369
0.047765
0.051730
0.060523
0.072021
0.081958
0.090883
0.102425
0.119830
0.143759
0.174056
0.212006
0.251528
0.272601
0.258445
0.191494
0.064445
-0.096871
-0.241327
-0.273555
-0.154018
-0.019128
-0.006328
-0.065202
-0.084803
-0.061832
-0.053544
-0.069360
-0.076156
-0.062647
-0.044812
-0.032126
-0.021561
-0.012506
-0.009189
-0.011436
-0.013504
-0.011068
-0.003097
0.007334
0.014426
0.017601
0.019755
0.018839
0.013899
0.008395
0.002680
-0.002925
-0.007220
-0.009539
-0.008092
-0.003856
0.002673
0.011189
0.017408
0.021370
0.025463
0.029002
0.033014
0.041822
0.053676
0.057467
0.049782
0.038242
0.025843
0.012899
0.009090
0.016904
0.025090
0.028714
0.031550
0.037701
0.045410
0.050143
0.051466
0.048976
0.039825
0.025455
0.009617
-0.010080
-0.034941
-0.063653
-0.092376
-0.109061
-0.108716
-0.096774
-0.079513
-0.067341
-0.065807
-0.066692
-0.063611
-0.058548
-0.051443
-0.044484
-0.046063
-0.057670
-0.076239
-0.098933
-0.121260
-0.146338
-0.174188
-0.198146
-0.217513
-0.235571
-0.251122
-0.252688
-0.230516
-0.187166
-0.134986
-0.088259
-0.051874
-0.016655
0.021953
0.052005
0.067470
0.067709
0.047988
0.006314
-0.038882
-0.036713
0.018630
0.053189
0.025854
-0.011957
-0.010449
0.008522
0.018355
0.023932
0.030276
0.037618
0.047432
0.060881
0.076234
0.089543
0.096792
0.100169
0.102254
0.100538
0.097239
0.094279
0.089928
0.086182
0.084945
0.086877
0.091486
0.095282
0.093171
0.085208
0.078007
0.071479
0.061067
0.049106
0.038705
0.027972
0.016648
0.007525
-0.000496
-0.008360
-0.014678
-0.020133
-0.024373
-0.027765
-0.028844
-0.023512
-0.015120
-0.008046
0.000158
0.011154
0.021688
0.030170
0.038666
0.046698
0.050344
0.044866
0.029466
0.008680
-0.015041
-0.038307
-0.053021
-0.059467
-0.064436
-0.065890
-0.059426
-0.050114
-0.041395
-0.031417
-0.020902
-0.010887
-0.002967
0.003454
0.010962
0.021176
0.035488
0.051865
0.065190
0.073061
0.079204
0.085404
0.088705
0.088736
0.088420
0.091315
0.096646
0.097811
0.095564
0.100502
0.111242
0.116633
0.118262
0.122275
0.123699
0.114124
0.095657
0.076540
0.057452
0.039997
0.027969
0.016399
0.002248
-0.011588
-0.025370
-0.041130
-0.056431
-0.067204
-0.073110
-0.076768
-0.080726
-0.084563
-0.089182
-0.095130
-0.097571
-0.095488
-0.090881
-0.081804
-0.067515
-0.048859
-0.029134
-0.015509
-0.011392
-0.017373
-0.033126
-0.052649
-0.069482
-0.080806
-0.080762
-0.066140
-0.046875
-0.031047
-0.016866
-0.004736
0.000644
-0.003415
-0.014183
-0.030541
-0.053275
-0.079760
-0.102604
-0.111417
-0.106023
-0.093652
-0.075442
-0.056329
-0.047355
-0.047657
-0.049044
-0.052191
-0.059051
-0.063554
-0.060024
-0.050772
-0.041610
-0.035735
-0.032911
-0.032663
-0.035685
-0.038641
-0.036333
-0.031352
-0.031188
-0.036347
-0.041356
-0.042067
-0.034811
-0.019099
0.002996
0.029474
0.055238
0.077755
0.098073
0.114015
0.123839
0.128759
0.129929
0.130075
0.131114
0.131013
0.129191
0.127799
0.126744
0.124578
0.122827
0.124501
0.128038
0.128704
0.128238
0.130864
0.135204
0.137472
0.134477
0.127027
0.117426
0.106187
0.094854
0.084104
0.073065
0.058930
0.040193
0.021213
0.006044
-0.000891
0.005445
0.019484
0.029303
0.032686
0.036548
0.042317
0.044411
0.043122
0.040740
0.032746
0.019978
0.009405
0.001251
-0.007182
-0.015952
-0.025422
-0.036870
-0.050075
-0.061672
-0.065986
-0.060543
-0.050427
-0.038788
-0.021417
0.002140
0.027892
0.051035
0.059957
0.048471
0.018349
-0.031465
-0.080354
-0.104467
-0.116402
-0.124265
-0.118035
-0.100671
-0.081071
-0.066986
-0.061847
-0.060765
-0.059665
-0.056231
-0.048812
-0.038714
-0.027286
-0.014513
0.000442
0.018989
0.042217
0.066845
0.085676
0.094338
0.090377
0.073816
0.052062
0.031846
0.014318
0.002307
-0.004381
-0.008940
-0.008685
-0.003853
0.001410
0.007538
0.014550
0.020736
0.026139
0.033772
0.044116
0.052258
0.057033
0.060102
0.059555
0.054695
0.047692
0.037814
0.024535
0.010464
-0.001977
-0.009515
-0.008196
0.000884
0.008042
0.005336
-0.010523
-0.040150
-0.082433
-0.124539
-0.132445
-0.098345
-0.060897
-0.050614
-0.059920
-0.066142
-0.057790
-0.039948
-0.022874
-0.013367
-0.010374
-0.008964
-0.011400
-0.017657
-0.023917
-0.033736
-0.049154
-0.066017
-0.081861
-0.094930
-0.103387
-0.108169
-0.108841
-0.102082
-0.086455
-0.062760
-0.037646
-0.015075
0.007868
0.027053
0.040700
0.053542
0.066292
0.074449
0.073707
0.066557
0.056857
0.043311
0.025385
0.006417
-0.009975
-0.021796
-0.033534
-0.047713
-0.060227
-0.070365
-0.078293
-0.083370
-0.082438
-0.065407
-0.033509
-0.007430
0.006494
0.018435
0.024125
0.018615
0.015026
0.021021
0.029655
0.038003
0.042979
0.039896
0.031779
0.020633
0.003013
-0.019343
-0.039026
-0.054241
-0.065902
-0.072835
-0.073774
-0.070227
-0.064469
-0.055945
-0.046149
-0.036112
-0.025480
-0.015788
-0.008385
-0.003913
-0.000524
0.002447
0.001565
-0.003813
-0.010568
-0.017608
-0.024402
-0.026298
-0.020330
-0.011418
-0.004179
0.002258
0.006763
0.005283
-0.001931
-0.009407
-0.011822
-0.003572
0.018482
0.049585
0.074851
0.074714
0.057158
0.071107
0.140924
0.202779
0.203240
0.185799
0.185692
0.182861
0.168562
0.153663
0.145561
0.148362
0.155136
0.151246
0.134957
0.111275
0.079444
0.040940
0.000351
-0.038371
-0.066597
-0.077288
-0.076011
-0.071959
-0.066086
-0.055898
-0.042789
-0.029859
-0.018659
-0.010657
-0.003994
0.003337
0.006973
0.003863
-0.004431
-0.017131
-0.030994
-0.040327
-0.044772
-0.044180
-0.037966
-0.031902
-0.029162
-0.026659
-0.022578
-0.017517
-0.010389
0.001180
0.013192
0.018869
0.019533
0.019458
0.020941
0.027024
0.039196
0.054859
0.067965
0.073787
0.071092
0.060707
0.048025
0.040798
0.042675
0.049893
0.052802
0.044428
0.025043
0.004807
-0.003969
-0.003643
-0.001915
0.000710
-0.000724
-0.015318
-0.039959
-0.072734
-0.112611
-0.145235
-0.167748
-0.186724
-0.202226
-0.214690
-0.224497
-0.229797
-0.229354
-0.224571
-0.215243
-0.200559
-0.181696
-0.157866
-0.129332
-0.100936
-0.077309
-0.060511
-0.050154
-0.046136
-0.049900
-0.058064
-0.066370
-0.074893
-0.083403
-0.091842
-0.100940
-0.109351
-0.116335
-0.122186
-0.125976
-0.128835
-0.131377
-0.130838
-0.124887
-0.114434
-0.099110
-0.078349
-0.055872
-0.034371
-0.011224
0.017378
0.049956
0.088411
0.135267
0.188135
0.239437
0.275730
0.290603
0.281581
0.253791
0.222003
0.191995
0.162317
0.133145
0.101905
0.069708
0.045459
0.033809
0.031001
0.030803
0.029984
0.029827
0.036112
0.050182
0.064249
0.073787
0.077183
0.070544
0.058409
0.049211
0.042990
0.037872
0.037676
0.046354
0.057854
0.065015
0.069713
0.070992
0.065047
0.052142
0.034153
0.017510
0.006890
0.003400
0.008563
0.017697
0.025612
0.031715
0.034591
0.031303
0.018404
-0.000241
-0.017930
-0.033974
-0.044566
-0.050726
-0.059685
-0.070820
-0.082687
-0.095390
-0.104457
-0.107585
-0.109115
-0.115620
-0.124083
-0.126339
-0.125470
-0.122594
-0.113134
-0.101664
-0.093329
-0.087098
-0.084457
-0.085541
-0.085264
-0.083216
-0.083633
-0.089177
-0.098378
-0.107091
-0.115107
-0.123731
-0.129299
-0.125368
-0.112209
-0.096887
-0.083502
-0.073052
-0.068196
-0.070919
-0.070962
-0.054972
-0.022629
0.019462
0.066440
0.107781
0.127395
0.121719
0.097224
0.065867
0.039517
0.021402
0.011266
0.009904
0.014987
0.019701
0.022294
0.026271
0.031327
0.035588
0.042498
0.055932
0.072361
0.087551
0.102359
0.108866
0.099075
0.081245
0.058259
0.026955
-0.005115
-0.032626
-0.052148
-0.058085
-0.053560
-0.043297
-0.023230
0.010375
0.057992
0.112334
0.155305
0.174672
0.168674
0.139245
0.086961
0.013934
-0.054981
-0.068041
-0.001447
0.084114
0.115372
0.089987
0.051280
0.049561
0.079385
0.094496
0.080523
0.057651
0.044883
0.038078
0.032748
0.031589
0.035251
0.042213
0.049861
0.055342
0.055276
0.050042
0.041732
0.027409
0.008244
-0.007034
-0.017139
-0.028251
-0.038294
-0.043967
-0.050643
-0.058585
-0.061454
-0.058935
-0.055342
-0.052329
-0.048794
-0.043727
-0.039252
-0.038701
-0.042100
-0.047641
-0.058012
-0.075565
-0.094608
-0.111933
-0.128791
-0.144536
-0.156620
-0.161999
-0.162448
-0.161850
-0.160132
-0.158193
-0.158318
-0.160078
-0.166061
-0.176718
-0.186110
-0.192974
-0.197586
-0.193581
-0.178594
-0.161081
-0.142564
-0.114218
-0.081387
-0.055039
-0.032543
-0.010566
0.008206
0.020472
0.029937
0.042415
0.056260
0.068301
0.076476
0.080425
0.081747
0.081306
0.081482
0.083990
0.084338
0.078443
0.069004
0.058180
0.045477
0.032638
0.021845
0.013950
0.009245
0.010294
0.019051
0.030358
0.041607
0.055139
0.068930
0.082789
0.098286
0.111975
0.122062
0.130646
0.138327
0.144663
0.148965
0.150848
0.152028
0.153719
0.154542
0.150617
0.143779
0.139697
0.137133
0.133921
0.136754
0.151122
0.167679
0.178756
0.188415
0.199118
0.208747
0.212663
0.208471
0.200723
0.193583
0.187027
0.179098
0.170408
0.163099
0.155671
0.146406
0.135895
0.124970
0.111980
0.095432
0.079133
0.065687
0.049858
0.028886
0.007605
-0.015994
-0.048829
-0.086171
-0.125847
-0.173913
-0.226889
-0.274236
-0.300000
-0.296063
-0.273725
-0.237447
-0.193568
-0.167320
-0.165685
-0.176548
-0.197254
-0.220657
-0.227229
-0.206609
-0.161194
-0.102534
-0.063343
-0.069186
-0.103341
-0.140511
-0.160311
-0.150284
-0.128537
-0.112394
-0.103267
-0.096236
-0.084260
-0.068994
-0.056088
-0.047180
-0.039081
-0.029891
-0.022007
-0.015077
-0.005491
0.004439
0.009347
0.011586
0.016528
0.022261
0.026394
0.033157
0.044180
0.055378
0.066515
0.078876
0.091216
0.103888
0.115409
0.123032
0.127510
0.128754
0.124442
0.118520
0.116573
0.117976
0.120460
0.121107
0.117647
0.109771
0.100531
0.096154
0.098650
0.101925
0.103968
0.110086
0.120540
0.131830
0.139910
0.145676
0.152635
0.155283
0.149783
0.140883
0.129204
0.112623
0.094143
0.075395
0.056257
0.039440
0.026593
0.016040
0.005940
-0.003898
-0.013450
-0.022792
-0.032416
-0.041889
-0.050765
-0.059442
-0.066020
-0.068265
-0.063606
-0.051443
-0.037252
-0.025526
-0.016935
-0.013088
-0.018611
-0.034133
-0.053161
-0.074151
-0.098329
-0.120094
-0.132034
-0.133847
-0.131248
-0.123813
-0.109981
-0.096661
-0.086480
-0.076752
-0.069778
-0.065562
-0.059285
-0.050691
-0.042532
-0.033584
-0.022140
-0.009603
0.002597
0.012370
0.018010
0.021585
0.023377
0.021035
0.016940
0.014021
0.011195
0.008113
0.005059
0.002622
0.001241
-0.000106
0.000285
0.004736
0.011580
0.018103
0.023123
0.027526
0.032302
0.035293
0.036603
0.039372
0.041989
0.043462
0.045080
0.045680
0.045312
0.043813
0.040737
0.035120
0.025555
0.015473
0.007801
0.000746
-0.006175
-0.010907
-0.015163
-0.022889
-0.031883
-0.039776
-0.046908
-0.048165
-0.040127
0.001165
0.079951
0.127564
0.128582
0.132939
0.137602
0.123113
0.101634
0.086766
0.075329
0.061873
0.048891
0.036100
0.023466
0.012977
0.002631
-0.008735
-0.021204
-0.035086
-0.049365
-0.062793
-0.075334
-0.086527
-0.095929
-0.103431
-0.107724
-0.108655
-0.107350
-0.104831
-0.102923
-0.101806
-0.101047
-0.101249
-0.100253
-0.098125
-0.098169
-0.098283
-0.094347
-0.086639
-0.076545
-0.064258
-0.050736
-0.038763
-0.031427
-0.030101
-0.035190
-0.043526
-0.050192
-0.054833
-0.055663
-0.048658
-0.036635
-0.026816
-0.021292
-0.016053
-0.008598
-0.002050
0.001597
0.005961
0.012124
0.017649
0.022868
0.028641
0.034579
0.040475
0.047025
0.054564
0.062072
0.069862
0.078434
0.086801
0.095529
0.104742
0.111694
0.116162
0.121133
0.127656
0.134688
0.139114
0.140012
0.141547
0.142066
0.135437
0.123882
0.112507
0.099848
0.082333
0.063238
0.049265
0.038778
0.028740
0.021622
0.015967
0.009013
0.003723
0.002535
0.003459
0.005236
0.008515
0.013341
0.019469
0.026625
0.034287
0.041299
0.046582
0.048473
0.044351
0.036558
0.030893
0.025368
0.014920
0.003390
-0.006059
-0.017713
-0.031908
-0.044081
-0.052003
-0.057955
-0.064916
-0.071821
-0.075406
-0.073728
-0.069262
-0.067593
-0.069796
-0.070635
-0.068625
-0.068234
-0.071229
-0.075465
-0.078391
-0.080516
-0.082707
-0.084194
-0.086220
-0.088558
-0.090058
-0.092956
-0.096882
-0.098830
-0.100581
-0.103894
-0.105615
-0.105095
-0.105071
-0.104531
-0.101674
-0.097489
-0.091373
-0.083202
-0.075036
-0.066458
-0.057765
-0.051165
-0.046419
-0.041948
-0.036498
-0.030628
-0.025833
-0.021348
-0.016624
-0.011269
-0.004231
0.001658
0.003185
0.002405
0.001097
-0.002921
-0.010606
-0.018703
-0.024186
-0.029111
-0.034578
-0.038686
-0.041622
-0.045061
-0.051198
-0.058705
-0.063674
-0.066850
-0.068621
-0.066025
-0.058773
-0.048677
-0.037989
-0.027822
-0.018592
-0.013640
-0.014220
-0.015976
-0.015815
-0.014296
-0.013527
-0.013784
-0.011284
-0.006196
-0.004071
-0.004431
-0.002829
-0.000190
0.001106
0.001477
0.002094
0.003215
0.004239
0.004553
0.004606
0.005566
0.006406
0.006249
0.007219
0.009085
0.009846
0.009709
0.010639
0.013856
0.017452
0.020446
0.024031
0.028058
0.031114
0.033888
0.038005
0.043335
0.049991
0.056432
0.059800
0.060627
0.061330
0.062751
0.062092
0.058659
0.056568
0.055324
0.053000
0.051500
0.052008
0.053663
0.054818
0.056045
0.058662
0.060655
0.059807
0.058021
0.057523
0.054937
0.046700
0.036886
0.029487
0.021856
0.014572
0.011945
0.012408
0.013222
0.013786
0.013462
0.014344
0.017600
0.019365
0.017258
0.014982
0.014864
0.015106
0.015620
0.016479
0.017270
0.019038
0.020655
0.020263
0.018229
0.013964
0.006417
-0.003192
-0.012043
-0.019164
-0.026784
-0.034274
-0.039237
-0.042651
-0.045154
-0.046488
-0.047143
-0.046974
-0.046058
-0.045530
-0.044796
-0.041862
-0.038076
-0.034947
-0.030449
-0.022671
-0.013107
-0.005356
0.000136
0.005300
0.010282
0.014268
0.016880
0.017515
0.016061
0.014045
0.011076
0.006573
0.002338
-0.000398
-0.001601
-0.002787
-0.004658
-0.006900
-0.008480
-0.009049
-0.009360
-0.008791
-0.007899
-0.007674
-0.006823
-0.004925
-0.003112
-0.001766
-0.001611
-0.001837
-0.000678
0.001584
0.002874
0.002157
0.002060
0.002972
0.002731
0.002015
0.001658
0.001530
0.001349
0.000639
-0.000279
-0.001554
-0.002591
-0.001771
-0.001583
-0.003804
-0.005312
-0.004674
-0.002261
0.001440
0.005098
0.008146
0.011258
0.013874
0.014134
0.012925
0.013688
0.015300
0.014910
0.014237
0.014511
0.014376
0.013210
0.013518
0.014989
0.013885
0.011836
0.010739
0.008900
0.006448
0.003170
-0.000632
-0.002558
-0.003505
-0.003515
-0.000558
0.002820
0.003328
0.002626
0.004372
0.006458
0.003875
-0.000962
-0.003578
-0.005151
-0.007523
-0.010925
-0.014488
-0.015867
-0.014395
-0.013614
-0.014592
-0.014383
-0.013876
-0.013230
-0.011406
-0.011144
-0.012497
-0.011793
-0.010070
-0.010596
-0.010909
-0.009184
-0.007405
-0.007089
-0.008113
-0.008704
-0.008743
-0.010435
-0.015447
-0.022957
-0.030573
-0.037265
-0.043993
-0.050807
-0.056108
-0.059054
-0.057736
-0.051894
-0.045832
-0.040165
-0.031830
-0.022037
-0.013321
-0.004620
0.004620
0.013359
0.022471
0.033623
0.044408
0.051263
0.055687
0.057721
0.054885
0.048562
0.041097
0.034214
0.029372
0.025968
0.022223
0.017797
0.014834
0.014610
0.015619
0.015504
0.015337
0.018751
0.024578
0.029814
0.034065
0.036063
0.037102
0.038270
0.036941
0.034415
0.033358
0.032584
0.030926
0.031099
0.032936
0.032555
0.032337
0.034417
0.035361
0.034679
0.033619
0.032162
0.031337
0.030985
0.029735
0.028735
0.029354
0.030029
0.030580
0.031621
0.031285
0.030168
0.029667
0.027928
0.024870
0.022970
0.022764
0.022071
0.020144
0.018267
0.016509
0.015104
0.014257
0.013254
0.010920
0.007731
0.006515
0.006288
0.003734
0.000162
-0.002065
-0.003632
-0.005699
-0.007515
-0.009088
-0.012073
-0.015121
-0.017763
-0.022312
-0.028510
-0.034402
-0.038855
-0.042684
-0.045767
-0.046560
-0.046489
-0.047257
-0.046540
-0.042831
-0.038759
-0.035764
-0.033686
-0.033055
-0.032423
-0.029452
-0.024481
-0.020338
-0.018699
-0.016056
-0.010636
-0.007583
-0.008082
-0.006770
-0.002338
0.002083
0.006230
0.010301
0.013001
0.016286
0.020217
0.021184
0.020039
0.019194
0.017860
0.016109
0.014867
0.013161
0.012385
0.013893
0.015285
0.016466
0.020106
0.027033
0.033439
0.037307
0.041609
0.047684
0.053883
0.057806
0.059431
0.060471
0.061993
0.062847
0.062087
0.061676
0.061667
0.060325
0.058138
0.056739
0.056690
0.055929
0.053031
0.049310
0.044370
0.037563
0.030756
0.023563
0.015998
0.011382
0.008666
0.005767
0.003241
-0.001250
-0.007504
-0.009826
-0.008808
-0.011027
-0.015030
-0.016496
-0.018359
-0.022505
-0.025831
-0.027563
-0.029693
-0.030437
-0.027585
-0.023850
-0.021103
-0.017085
-0.011194
-0.006436
-0.002852
0.001519
0.004455
0.005102
0.005601
0.004224
-0.000250
-0.006353
-0.014591
-0.023326
-0.029818
-0.036184
-0.044430
-0.051265
-0.053074
-0.052720
-0.053884
-0.056100
-0.057314
-0.055875
-0.054738
-0.055947
-0.057141
-0.055908
-0.052227
-0.049155
-0.047028
-0.043346
-0.038419
-0.034983
-0.034182
-0.033584
-0.030407
-0.024972
-0.019218
-0.015420
-0.012288
-0.007089
-0.002636
-0.000014
0.004701
0.011507
0.016258
0.017924
0.018873
0.020084
0.020086
0.018001
0.015718
0.014854
0.013298
0.009142
0.005148
0.004813
0.007632
0.010034
0.010503
0.011846
0.014029
0.013810
0.012509
0.012048
0.011255
0.010674
0.010317
0.009876
0.010779
0.010788
0.009855
0.012478
0.017461
0.019420
0.016638
0.011175
0.005911
0.003032
0.000481
-0.003427
-0.004553
-0.002582
-0.002642
-0.006089
-0.010608
-0.013994
-0.016415
-0.019319
-0.021972
-0.023321
-0.023598
-0.023956
-0.024259
-0.023104
-0.021743
-0.021155
-0.021147
-0.021344
-0.021434
-0.022762
-0.025588
-0.027467
-0.027991
-0.030925
-0.034581
-0.035671
-0.037671
-0.040982
-0.041120
-0.039641
-0.040978
-0.041830
-0.038796
-0.034346
-0.031557
-0.029864
-0.026887
-0.022688
-0.018376
-0.014112
-0.010502
-0.007610
-0.003271
0.001295
0.002725
0.002269
0.002274
0.002699
0.002569
0.001725
-0.000798
-0.005958
-0.010357
-0.011117
-0.011886
-0.014184
-0.012810
-0.007677
-0.003905
-0.001028
0.003491
0.007587
0.009248
0.010401
0.012889
0.015719
0.018988
0.022330
0.026179
0.030642
0.032230
0.032083
0.033060
0.033824
0.033421
0.032495
0.030846
0.029486
0.030209
0.031783
0.030665
0.028061
0.028771
0.032057
0.033900
0.034393
0.035432
0.036064
0.034883
0.032788
0.031286
0.028289
0.023357
0.020016
0.018693
0.016928
0.013171
0.008786
0.005608
0.002446
-0.000349
-0.002114
-0.006161
-0.012058
-0.015310
-0.017282
-0.020932
-0.024612
-0.027925
-0.030011
-0.030544
-0.031681
-0.032249
-0.031457
-0.030516
-0.028958
-0.027083
-0.025839
-0.025118
-0.024852
-0.024933
-0.025901
-0.027696
-0.028441
-0.028656
-0.030324
-0.031775
-0.031229
-0.030168
-0.029763
-0.029765
-0.029555
-0.028129
-0.025793
-0.023972
-0.021982
-0.018775
-0.015685
-0.014479
-0.013298
-0.008010
-0.001221
0.002714
0.005831
0.009821
0.014325
0.019566
0.024037
0.026658
0.029347
0.032570
0.034651
0.035425
0.037047
0.039959
0.041673
0.042321
0.043445
0.042949
0.039455
0.035912
0.034191
0.032887
0.031158
0.029862
0.029242
0.027801
0.026149
0.026554
0.027158
0.026173
0.024934
0.024549
0.024705
0.023502
0.021124
0.020521
0.021223
0.019525
0.017010
0.016301
0.015635
0.014909
0.014366
0.013448
0.012493
0.011728
0.010725
0.008487
0.005728
0.002510
-0.002393
-0.008009
-0.013274
-0.017610
-0.020954
-0.023858
-0.025996
-0.026827
-0.026228
-0.026127
-0.028142
-0.029569
-0.028273
-0.026953
-0.027425
-0.028328
-0.029126
-0.030049
-0.031060
-0.032098
-0.033803
-0.036701
-0.038510
-0.037539
-0.036268
-0.036358
-0.036096
-0.035042
-0.033383
-0.030913
-0.028348
-0.025310
-0.022208
-0.019991
-0.018043
-0.016325
-0.014856
-0.013109
-0.010901
-0.007724
-0.004065
-0.001067
0.001937
0.005017
0.007721
0.010671
0.012022
0.011022
0.010516
0.011125
0.011057
0.009083
0.006441
0.005731
0.006597
0.006806
0.006087
0.005856
0.007622
0.010989
0.013839
0.015371
0.016109
0.016070
0.015645
0.015620
0.015410
0.015071
0.015962
0.018190
0.020675
0.021665
0.021574
0.023539
0.026374
0.025798
0.022883
0.021552
0.021193
0.018414
0.013532
0.009549
0.007005
0.004800
0.002309
-0.000832
-0.003514
-0.003905
-0.003275
-0.004332
-0.006303
-0.007338
-0.007347
-0.007269
-0.008685
-0.010657
-0.011112
-0.010926
-0.012034
-0.014997
-0.017771
-0.018320
-0.017685
-0.017445
-0.018390
-0.019688
-0.019044
-0.017566
-0.018020
-0.019080
-0.018516
-0.016860
-0.015731
-0.014798
-0.012560
-0.010742
-0.010259
-0.008242
-0.005765
-0.006370
-0.007981
-0.007718
-0.007145
-0.007015
-0.006818
-0.007264
-0.007840
-0.008250
-0.008596
-0.007826
-0.006885
-0.007436
-0.008018
-0.007734
-0.007786
-0.007171
-0.007112
-0.009681
-0.010106
-0.006975
-0.006274
-0.008439
-0.010116
-0.011516
-0.012846
-0.014939
-0.019007
-0.022539
-0.022790
-0.021522
-0.022698
-0.025264
-0.023694
-0.018636
-0.015494
-0.013680
-0.010093
-0.005931
-0.002579
0.000353
0.003172
0.005762
0.007138
0.008263
0.010763
0.013967
0.017528
0.020483
0.021741
0.022944
0.025014
0.026092
0.026342
0.027275
0.028029
0.028894
0.030276
0.030363
0.029333
0.029332
0.030545
0.031557
0.030878
0.028383
0.027489
0.029216
0.030020
0.029590
0.028656
0.026329
0.024755
0.024580
0.023515
0.022372
0.021841
0.020232
0.018520
0.018293
0.017231
0.015065
0.014473
0.013590
0.011004
0.010031
0.010000
0.007862
0.004504
0.001479
-0.000242
-0.001059
-0.003019
-0.005951
-0.008107
-0.009904
-0.012376
-0.014577
-0.015787
-0.016989
-0.018115
-0.018015
-0.017853
-0.018858
-0.019319
-0.018723
-0.018565
-0.019138
-0.019937
-0.020621
-0.020691
-0.019881
-0.019319
-0.019159
-0.018056
-0.016325
-0.015129
-0.015035
-0.015850
-0.016379
-0.015901
-0.015370
-0.015724
-0.015726
-0.014094
-0.011419
-0.008735
-0.007535
-0.007695
-0.007253
-0.007551
-0.010516
-0.014428
-0.017141
-0.017684
-0.016376
-0.014597
-0.012156
-0.008175
-0.004454
-0.002011
0.001810
0.006838
0.009105
0.008337
0.008037
0.010320
0.013243
0.013269
0.012712
0.016071
0.020320
0.021001
0.019961
0.020448
0.022503
0.024488
0.024931
0.023853
0.022310
0.020348
0.018400
0.017874
0.018030
0.017667
0.017644
0.018187
0.018447
0.019727
0.022704
0.023133
0.019689
0.017641
0.018884
0.019809
0.018883
0.018108
0.017479
0.015389
0.013200
0.011405
0.009343
0.007755
0.006093
0.004215
0.002809
0.001641
0.000319
-0.001143
-0.002624
-0.003907
-0.005709
-0.009283
-0.012508
-0.013234
-0.014330
-0.017571
-0.020106
-0.020990
-0.021590
-0.021789
-0.021604
-0.020002
-0.016558
-0.013176
-0.009718
-0.005488
-0.001266
0.000849
0.001513
0.003179
0.005201
0.006675
0.007612
0.008885
0.011034
0.012382
0.011626
0.010886
0.011170
0.011866
0.012990
0.013842
0.014228
0.014124
0.014616
0.016790
0.019559
0.021752
0.023702
0.025261
0.024664
0.022022
0.020726
0.020593
0.017052
0.011333
0.008567
0.008280
0.006819
0.003920
0.001727
0.000353
-0.001682
-0.003882
-0.004254
-0.003028
-0.002259
-0.001506
0.000043
0.001420
0.003331
0.005750
0.007177
0.008762
0.010870
0.011457
0.010911
0.010077
0.007324
0.004107
0.003456
0.002075
-0.001962
-0.004576
-0.005367
-0.006965
-0.009120
-0.010994
-0.012639
-0.013328
-0.013300
-0.012526
-0.010773
-0.010178
-0.009886
-0.007383
-0.004857
-0.004700
-0.005151
-0.004346
-0.002833
-0.001650
-0.001215
-0.001339
-0.001147
0.000415
0.001529
-0.000158
-0.001432
0.000011
0.000405
-0.002192
-0.005125
-0.005672
-0.005892
-0.009436
-0.013088
-0.013263
-0.012306
-0.012273
-0.012827
-0.013252
-0.013556
-0.013602
-0.012367
-0.010603
-0.010365
-0.010504
-0.008846
-0.006764
-0.005618
-0.004498
-0.003432
-0.003254
-0.002956
-0.002225
-0.002792
-0.003270
-0.001675
-0.000004
-0.000148
-0.001387
-0.001199
0.001098
0.003618
0.005275
0.005718
0.006218
0.007092
0.006301
0.005074
0.005287
0.005519
0.004961
0.004197
0.003921
0.004883
0.005758
0.005106
0.005402
0.007787
0.008806
0.007427
0.007042
0.008787
0.010229
0.011261
0.012882
0.014187
0.016040
0.017982
0.017998
0.016948
0.015479
0.014429
0.013586
0.011876
0.010497
0.009348
0.008000
0.006714
0.005897
0.006143
0.006029
0.005185
0.006029
0.007461
0.006911
0.007584
0.009229
0.008059
0.006960
0.008715
0.011611
0.012542
0.011425
0.012214
0.014783
0.015709
0.015827
0.017163
0.017665
0.016893
0.017545
0.018236
0.018092
0.018512
0.017883
0.016369
0.015355
0.013389
0.009691
0.005966
0.004406
0.003588
-0.000064
-0.004795
-0.006740
-0.006808
-0.007264
-0.008531
-0.009817
-0.010333
-0.010573
-0.011925
-0.013793
-0.014753
-0.016476
-0.018488
-0.018226
-0.017192
-0.017164
-0.017351
-0.016645
-0.014954
-0.013660
-0.013752
-0.014351
-0.013817
-0.012065
-0.011284
-0.012441
-0.013715
-0.012957
-0.011217
-0.011504
-0.012300
-0.011258
-0.010778
-0.011582
-0.011276
-0.009973
-0.010418
-0.012326
-0.011847
-0.009223
-0.007406
-0.006348
-0.004197
-0.001023
0.001251
0.003054
0.004607
0.005321
0.006762
0.009057
0.009693
0.008616
0.007601
0.006577
0.006401
0.006787
0.006312
0.006662
0.007463
0.007268
0.007562
0.007760
0.006426
0.004621
0.003411
0.002210
0.001152
0.001807
0.002030
-0.000557
-0.001960
0.000044
0.001643
0.001175
0.000795
0.001317
0.001565
0.001530
0.002653
0.004636
0.005006
0.003810
0.003606
0.004444
0.004578
0.003446
0.002147
0.001475
0.000480
-0.000029
0.000802
0.001480
0.001652
0.001603
0.001734
0.001629
0.001250
0.002450
0.004269
0.003983
0.002261
0.001642
0.000950
-0.001456
-0.003799
-0.006687
-0.011521
-0.015204
-0.016052
-0.018905
-0.024163
-0.025328
-0.024129
-0.025906
-0.027701
-0.026506
-0.024540
-0.023590
-0.023532
-0.024085
-0.024692
-0.024916
-0.025130
-0.025133
-0.024281
-0.023661
-0.024522
-0.025355
-0.024444
-0.023924
-0.025141
-0.025256
-0.023530
-0.023248
-0.025544
-0.026296
-0.024749
-0.025391
-0.027026
-0.026124
-0.024569
-0.024407
-0.024663
-0.024296
-0.023007
-0.021059
-0.019199
-0.016530
-0.011980
-0.007137
-0.003623
-0.001403
0.000690
0.003142
0.004500
0.004687
0.005334
0.005368
0.003459
0.001743
0.001161
0.000682
-0.000462
-0.002352
-0.003391
-0.004343
-0.007120
-0.009451
-0.010665
-0.013228
-0.014337
-0.011262
-0.009220
-0.011062
-0.012582
-0.011890
-0.011758
-0.013205
-0.014467
-0.014663
-0.013632
-0.012611
-0.013661
-0.015345
-0.014006
-0.010975
-0.010787
-0.012149
-0.010804
-0.008125
-0.007505
-0.006950
-0.004317
-0.002366
-0.001603
0.000598
0.003284
0.004954
0.006655
0.008603
0.010264
0.011445
0.012474
0.013822
0.015266
0.017525
0.020882
0.023540
0.025413
0.027523
0.029065
0.029259
0.028857
0.029001
0.029590
0.029469
0.027776
0.025487
0.024422
0.024765
0.025048
0.024168
0.023014
0.022574
0.022228
0.021639
0.021395
0.020917
0.020217
0.020089
0.018863
0.016660
0.015890
0.015660
0.014772
0.013991
0.012519
0.009351
0.005999
0.004157
0.002147
-0.000985
-0.001825
-0.001001
-0.002260
-0.003593
-0.002974
-0.002121
-0.000722
0.001598
0.001891
0.000485
0.001799
0.004125
0.003682
0.003150
0.004310
0.005240
0.004587
0.002666
0.001848
0.003028
0.004074
0.003799
0.002233
0.000756
0.000044
-0.001564
-0.003037
-0.002815
-0.002759
-0.003342
-0.003500
-0.003919
-0.004226
-0.003834
-0.003383
-0.003103
-0.004728
-0.007177
-0.006213
-0.005064
-0.008096
-0.010728
-0.009586
-0.008151
-0.008549
-0.009201
-0.010244
-0.011641
-0.011701
-0.012019
-0.013818
-0.015517
-0.016342
-0.017001
-0.017703
-0.017266
-0.017295
-0.017986
-0.015253
-0.011385
-0.010523
-0.009916
-0.007569
-0.005108
-0.003852
-0.004185
-0.004798
-0.003574
-0.001677
-0.001057
-0.000857
-0.000079
0.001229
0.002741
0.004234
0.005837
0.006793
0.007858
0.010086
0.011855
0.012836
0.013375
0.013933
0.014938
0.015687
0.016003
0.016569
0.017197
0.015835
0.012791
0.010259
0.008990
0.007840
0.005670
0.005010
0.005655
0.004022
0.002416
0.004009
0.005697
0.004729
0.003553
0.005123
0.007416
0.006780
0.004686
0.004586
0.006327
0.007350
0.005635
0.002417
0.001425
0.002734
0.002599
0.000058
-0.000967
0.001045
0.001748
-0.000088
-0.000440
0.002229
0.005446
0.007334
0.007935
0.007587
0.007226
0.007548
0.007731
0.006682
0.004269
0.001259
-0.000941
-0.001763
-0.003048
-0.004415
-0.003797
-0.004073
-0.004277
0.000312
0.005794
0.007836
0.008853
0.011002
0.013087
0.012899
0.011600
0.012266
0.012536
0.009798
0.007728
0.006861
0.003282
-0.000775
-0.001838
-0.002658
-0.004985
-0.006396
-0.006316
-0.007598
-0.009978
-0.010112
-0.008267
-0.006948
-0.007179
-0.007584
-0.006048
-0.003576
-0.002915
-0.004177
-0.004941
-0.004625
-0.006066
-0.009219
-0.009742
-0.007309
-0.006796
-0.009564
-0.010317
-0.006991
-0.004641
-0.004542
-0.003599
-0.002392
-0.001583
0.000520
0.002299
0.003049
0.006014
0.009734
0.011512
0.013210
0.016040
0.018825
0.020420
0.021482
0.022315
0.022274
0.022081
0.022667
0.023411
0.022094
0.018728
0.015599
0.013497
0.011455
0.008387
0.004674
-0.000979
-0.007807
-0.011159
-0.013073
-0.018296
-0.023831
-0.025991
-0.026858
-0.028538
-0.029729
-0.030251
-0.030318
-0.029040
-0.028519
-0.029255
-0.028735
-0.027403
-0.026628
-0.026074
-0.026058
-0.026451
-0.026352
-0.025781
-0.024287
-0.022632
-0.022042
-0.021167
-0.020182
-0.020427
-0.019979
-0.017398
-0.015640
-0.016458
-0.017469
-0.016266
-0.013072
-0.011446
-0.012588
-0.012114
-0.008358
-0.006223
-0.006941
-0.006612
-0.004995
-0.003476
-0.003312
-0.004665
-0.004740
-0.002612
-0.000702
-0.001015
-0.001538
-0.000044
0.001054
0.000554
0.001253
0.003926
0.005240
0.003682
0.002686
0.003312
0.003185
0.002753
0.002697
0.001970
0.002395
0.005422
0.006544
0.004622
0.004847
0.007759
0.010203
0.011021
0.011565
0.013121
0.014391
0.014959
0.015669
0.016276
0.016197
0.016252
0.017184
0.017644
0.017680
0.017561
0.017149
0.017938
0.017654
0.015599
0.016765
0.020321
0.020809
0.017984
0.017228
0.020853
0.023022
0.020361
0.018015
0.018585
0.018172
0.016310
0.015655
0.015607
0.015091
0.014004
0.013122
0.014075
0.015179
0.012766
0.009732
0.010619
0.012142
0.011717
0.011186
0.011002
0.010130
0.008852
0.008886
0.008837
0.006980
0.005029
0.003593
0.002108
0.000431
-0.002647
-0.007367
-0.011605
-0.014473
-0.016734
-0.018037
-0.018398
-0.018879
-0.019550
-0.020189
-0.020784
-0.021103
-0.021145
-0.020110
-0.017984
-0.017378
-0.018897
-0.019870
-0.019234
-0.018405
-0.018193
-0.018129
-0.017527
-0.015790
-0.014293
-0.013768
-0.011935
-0.008941
-0.007319
-0.006092
-0.002995
-0.000892
-0.002138
-0.003254
-0.002207
-0.001739
-0.004392
-0.007985
-0.009885
-0.012067
-0.014360
-0.014056
-0.013945
-0.016120
-0.017258
-0.017228
-0.017737
-0.016369
-0.012872
-0.010473
-0.009314
-0.007125
-0.003450
-0.000529
0.000911
0.001977
0.002484
0.003058
0.004870
0.006765
0.006329
0.004358
0.003940
0.003892
0.002410
0.001607
0.001885
0.001407
0.000829
0.002001
0.003416
0.003657
0.004804
0.005890
0.005053
0.005445
0.008095
0.010022
0.009918
0.009326
0.010840
0.013330
0.013741
0.012552
0.011443
0.011828
0.012851
0.012147
0.011624
0.012962
0.013629
0.012438
0.012181
0.014679
0.016357
0.015135
0.014365
0.014782
0.015028
0.015713
0.016684
0.016408
0.014125
0.012222
0.011833
0.010526
0.008033
0.006100
0.004812
0.003707
0.004116
0.006077
0.006186
0.003770
0.003132
0.005491
0.007431
0.008267
0.008742
0.008282
0.007592
0.007592
0.007416
0.005793
0.003913
0.002653
0.002210
0.003677
0.004383
0.002484
0.001812
0.004069
0.006157
0.005757
0.005464
0.007478
0.008710
0.008426
0.008155
0.006649
0.004751
0.004623
0.004319
0.001913
-0.000132
0.000587
0.001892
0.001265
0.000088
0.000181
0.001941
0.003877
0.003460
0.002127
0.002359
0.002224
0.000944
0.000393
-0.000075
-0.001010
-0.001150
-0.000921
-0.000644
0.000720
0.002226
0.003854
0.006246
0.006686
0.005597
0.006367
0.007316
0.005818
0.002812
0.000038
-0.001841
-0.003483
-0.005133
-0.005843
-0.005855
-0.006790
-0.007866
-0.007314
-0.005954
-0.005635
-0.006660
-0.007834
-0.008307
-0.007244
-0.005714
-0.005865
-0.005608
-0.003724
-0.003308
-0.003990
-0.003956
-0.005875
-0.008592
-0.008365
-0.008699
-0.010213
-0.008282
-0.005971
-0.007764
-0.010248
-0.009983
-0.009229
-0.009918
-0.011135
-0.012479
-0.012209
-0.010129
-0.009470
-0.009325
-0.007561
-0.006695
-0.007146
-0.005409
-0.002974
-0.003719
-0.005588
-0.005853
-0.006633
-0.008443
-0.007608
-0.004481
-0.004316
-0.006940
-0.005463
-0.001160
-0.000018
-0.000261
-0.000173
0.000242
0.001337
0.000760
-0.001749
-0.002510
-0.001547
-0.001988
-0.003353
-0.003798
-0.002915
-0.001891
-0.002080
-0.002498
-0.002177
-0.001768
-0.001623
-0.001543
-0.001216
-0.001376
-0.002156
-0.001165
0.000724
0.000083
-0.001882
-0.002941
-0.003652
-0.002989
-0.001106
-0.000945
-0.001606
-0.001185
-0.000918
-0.001628
-0.001653
0.000180
0.002263
0.002694
0.002354
0.002913
0.002658
0.001521
0.001572
0.001408
0.000465
-0.000922
-0.002534
-0.001339
0.000971
-0.001116
-0.003125
-0.000052
0.001691
-0.000225
-0.001197
-0.000745
-0.000127
0.000520
-0.000019
-0.001303
-0.001616
-0.002013
-0.002449
-0.002138
-0.002178
-0.002245
-0.000994
-0.001568
-0.004452
-0.003544
-0.001544
-0.003387
-0.005466
-0.005092
-0.004478
-0.005926
-0.007755
-0.008244
-0.007093
-0.007017
-0.009238
-0.008920
-0.008047
-0.009841
-0.010454
-0.009337
-0.007578
-0.006166
-0.006034
-0.005581
-0.004309
-0.003217
-0.003186
-0.002934
-0.001253
-0.000415
-0.001102
-0.001227
0.000161
0.001234
0.000186
-0.000877
-0.001124
-0.001636
-0.001985
-0.003023
-0.004969
-0.005778
-0.003881
-0.002202
-0.003086
-0.003440
-0.001621
0.000849
0.001988
0.002302
0.002096
0.001212
0.000876
0.000974
0.001093
-0.000185
-0.002354
-0.002025
0.000000
0.000103
-0.001122
-0.002207
-0.002506
-0.001657
-0.001201
-0.001670
-0.002312
-0.000859
0.001498
0.000716
-0.000709
0.000339
0.001187
0.001641
0.003260
0.004040
0.003636
0.003920
0.004787
0.005017
0.005572
0.006921
0.007199
0.006620
0.006637
0.007405
0.008268
0.008654
0.008201
0.006651
0.005955
0.007391
0.007632
0.005243
0.003900
0.004239
0.004179
0.004194
0.004321
0.004050
0.004251
0.004316
0.002082
0.001250
0.002878
0.000873
-0.001411
0.000408
0.001249
-0.000466
-0.000776
-0.000190
0.000079
0.001397
0.001550
-0.000656
-0.001715
0.000329
0.001843
0.001019
0.000534
0.000536
0.000554
0.001329
0.002510
0.003483
0.003937
0.003210
0.001814
0.002241
0.003731
0.002624
0.000675
0.000383
-0.000073
-0.000296
0.000416
0.000349
-0.000520
-0.000216
0.001417
0.002009
0.000930
-0.000003
0.000550
0.001971
0.002337
0.001886
0.002520
0.004390
0.005765
0.005785
0.006567
0.008563
0.009676
0.009180
0.008623
0.010106
0.011524
0.010297
0.009370
0.010548
0.011004
0.011131
0.013384
0.014977
0.014389
0.015415
0.019015
0.021526
0.020203
0.018229
0.019904
0.023388
0.024382
0.021608
0.019576
0.021807
0.023708
0.022530
0.021904
0.023331
0.024755
0.024455
0.022865
0.021012
0.018760
0.016048
0.014776
0.014276
0.011341
0.009257
0.010029
0.010194
0.010240
0.010208
0.008030
0.006062
0.006841
0.008095
0.007769
0.007115
0.007181
0.007529
0.007069
0.005691
0.006018
0.007598
0.006429
0.004822
0.005186
0.003351
0.000989
0.001445
0.001651
0.000803
-0.000364
-0.001636
-0.001390
0.000971
0.002479
0.000979
0.000006
0.001221
0.002077
0.001976
0.001648
0.000840
0.000687
0.001318
-0.000216
-0.002362
-0.002083
-0.001152
-0.001980
-0.003975
-0.005157
-0.005019
-0.004519
-0.005380
-0.006069
-0.004557
-0.003859
-0.005116
-0.005414
-0.005104
-0.005430
-0.005377
-0.005130
-0.004589
-0.004661
-0.006336
-0.006525
-0.004253
-0.004035
-0.006649
-0.007466
-0.006206
-0.006576
-0.006976
-0.005103
-0.005485
-0.008982
-0.009632
-0.006395
-0.006118
-0.010106
-0.010827
-0.007910
-0.007312
-0.009660
-0.012184
-0.012158
-0.009646
-0.009646
-0.011984
-0.012078
-0.011953
-0.012379
-0.011769
-0.011732
-0.011245
-0.010146
-0.010014
-0.008882
-0.007987
-0.009678
-0.010940
-0.010479
-0.010274
-0.010861
-0.011541
-0.012468
-0.012354
-0.011100
-0.011843
-0.013532
-0.012880
-0.010846
-0.009593
-0.010316
-0.012352
-0.012081
-0.010959
-0.011698
-0.011782
-0.011506
-0.012439
-0.013160
-0.013205
-0.012550
-0.011537
-0.012975
-0.014978
-0.013156
-0.010851
-0.011121
-0.010704
-0.009338
-0.009067
-0.007914
-0.005954
-0.004593
-0.002946
-0.002602
-0.003645
-0.002990
-0.001128
-0.000300
-0.000141
-0.000280
-0.000597
-0.000426
0.000013
0.000450
0.000809
0.000430
-0.001632
-0.003221
-0.001308
0.001013
-0.000852
-0.003829
-0.002593
-0.000418
-0.000779
0.000008
0.001474
0.000229
0.000283
0.003788
0.005628
0.005914
0.008421
0.009494
0.007808
0.008426
0.009705
0.009468
0.010464
0.011561
0.010166
0.008296
0.008177
0.008392
0.007714
0.005745
0.003483
0.003219
0.003042
0.000018
-0.003025
-0.002672
-0.002425
-0.004709
-0.004986
-0.003385
-0.003657
-0.004197
-0.004161
-0.004206
-0.003317
-0.002623
-0.003289
-0.003611
-0.002083
-0.000682
-0.001930
-0.002823
-0.001121
-0.001165
-0.004205
-0.005582
-0.003827
-0.002886
-0.004112
-0.004186
-0.003260
-0.005199
-0.007598
-0.005863
-0.004358
-0.006342
-0.008155
-0.008439
-0.008430
-0.008273
-0.007541
-0.007548
-0.009277
-0.010186
-0.008621
-0.007400
-0.009248
-0.010611
-0.007507
-0.004670
-0.005886
-0.006613
-0.004264
-0.002147
-0.003329
-0.005254
-0.003568
-0.001158
-0.002490
-0.004059
-0.002514
-0.001544
-0.001582
0.000470
0.001395
-0.000418
-0.000661
0.000614
0.000567
0.000173
-0.000523
-0.001613
-0.000263
0.001651
0.001170
0.001098
0.002701
0.003809
0.004147
0.003574
0.002129
0.002037
0.002799
0.002388
0.001382
0.000734
0.001393
0.003200
0.003004
0.000079
-0.001240
0.000168
0.001320
0.001500
0.001013
0.000935
0.002880
0.004640
0.003461
0.002322
0.004601
0.007858
0.008612
0.007406
0.006705
0.007082
0.008063
0.009348
0.009272
0.007025
0.004635
0.003844
0.004303
0.005523
0.006177
0.004980
0.005675
0.009552
0.010328
0.007084
0.006322
0.009087
0.010369
0.009090
0.008298
0.008110
0.007679
0.006882
0.004225
0.001907
0.002833
0.003470
0.000820
-0.001712
-0.000905
0.001048
0.001690
0.001903
0.002040
0.002403
0.003919
0.005985
0.007721
0.008921
0.009421
0.008744
0.007885
0.008857
0.011896
0.013166
0.010788
0.010186
0.012310
0.013234
0.012403
0.011673
0.012818
0.012763
0.010603
0.010299
0.011199
0.011033
0.009620
0.007794
0.007105
0.006812
0.006497
0.006846
0.006299
0.005125
0.004558
0.003603
0.001933
0.001333
0.002505
0.002073
-0.000428
-0.000950
0.001202
0.002768
0.002047
0.002084
0.004045
0.003490
0.000822
0.001250
0.003172
0.002945
0.002648
0.003163
0.002024
0.000403
0.001315
0.002990
0.003077
0.003349
0.004009
0.003775
0.003868
0.004888
0.006258
0.006799
0.005818
0.005410
0.005751
0.005357
0.004813
0.003695
0.001858
0.000119
-0.001740
-0.002738
-0.003489
-0.006376
-0.008580
-0.007280
-0.007199
-0.010647
-0.012836
-0.012243
-0.011181
-0.010371
-0.010046
-0.012042
-0.014959
-0.013660
-0.010382
-0.011431
-0.013066
-0.009880
-0.008438
-0.012568
-0.015008
-0.012875
-0.011575
-0.014346
-0.016947
-0.016865
-0.017097
-0.019084
-0.020943
-0.020232
-0.019443
-0.021449
-0.022746
-0.021434
-0.019986
-0.019988
-0.020047
-0.018042
-0.016448
-0.017271
-0.017104
-0.014420
-0.013267
-0.014356
-0.013286
-0.011350
-0.011289
-0.011204
-0.010877
-0.009809
-0.008009
-0.007603
-0.005950
-0.002148
-0.000818
-0.001974
-0.001376
0.001533
0.004072
0.004836
0.004321
0.004297
0.005670
0.007149
0.007476
0.007584
0.008822
0.009430
0.008210
0.007685
0.008519
0.008715
0.008683
0.009661
0.009914
0.008977
0.008850
0.010264
0.011999
0.010812
0.008213
0.008373
0.008318
0.006361
0.005311
0.005332
0.005537
0.004955
0.003900
0.003145
0.002018
0.001480
0.002275
0.002157
0.000964
0.001043
0.002059
0.003020
0.002760
0.000041
-0.002234
-0.000353
0.002952
0.002171
-0.001113
-0.001008
0.002005
0.002152
-0.000026
0.000824
0.003680
0.004383
0.002547
0.000666
0.000550
0.001186
0.000525
-0.002005
-0.003388
-0.002309
-0.002519
-0.004160
-0.004402
-0.003059
-0.001817
-0.002802
-0.004571
-0.004897
-0.004253
-0.003315
-0.003304
-0.004471
-0.004533
-0.002367
-0.000825
-0.002476
-0.003965
-0.001178
0.002241
0.002532
0.003108
0.005839
0.007657
0.006945
0.006375
0.006461
0.005406
0.005383
0.006852
0.007351
0.006670
0.006272
0.007133
0.007745
0.006793
0.005218
0.004020
0.004253
0.006343
0.007605
0.006199
0.004692
0.004750
0.005564
0.005811
0.005274
0.004764
0.003648
0.002391
0.002342
0.002871
0.002539
0.001970
0.002014
0.002217
0.003333
0.003996
0.002942
0.002175
0.002959
0.005087
0.005718
0.003532
0.003083
0.005597
0.006272
0.004755
0.004686
0.005201
0.004372
0.003383
0.002843
0.002383
0.001187
-0.001315
-0.003101
-0.003346
-0.004352
-0.005763
-0.006684
-0.007914
-0.008090
-0.006873
-0.007356
-0.009875
-0.010734
-0.009773
-0.009647
-0.010103
-0.009264
-0.008171
-0.007559
-0.007537
-0.007719
-0.005895
-0.003415
-0.002567
-0.001955
-0.000224
0.001874
0.002417
0.001901
0.002657
0.003478
0.002663
0.002254
0.003454
0.003661
0.002191
0.002024
0.002579
0.001618
0.001246
0.001912
0.001393
0.001276
0.002852
0.003947
0.003375
0.002682
0.003473
0.004243
0.003418
0.003192
0.003913
0.002913
0.001685
0.001803
0.001748
0.000900
-0.001221
-0.003037
-0.003666
-0.005828
-0.007507
-0.006057
-0.005403
-0.007101
-0.008154
-0.007262
-0.007223
-0.008710
-0.008441
-0.007875
-0.008813
-0.008500
-0.007331
-0.007774
-0.008778
-0.008879
-0.007558
-0.005984
-0.006112
-0.006360
-0.005061
-0.003357
-0.002514
-0.000995
0.001617
0.002951
0.003123
0.002685
0.002923
0.004758
0.007196
0.008571
0.007008
0.005645
0.006089
0.006507
0.007240
0.004927
0.000613
0.001614
0.004553
0.003863
0.002763
0.002661
0.001971
0.001828
0.002163
0.001960
0.002197
0.002760
0.004044
0.005331
0.003921
0.001104
0.001003
0.003324
0.003285
0.000347
-0.001691
-0.000877
0.001079
0.000495
-0.002539
-0.003508
-0.002557
-0.002505
-0.002859
-0.003527
-0.004784
-0.005554
-0.004461
-0.003201
-0.005122
-0.008783
-0.009043
-0.005547
-0.002930
-0.003205
-0.005223
-0.005762
-0.003044
-0.000820
-0.000771
0.000161
0.002778
0.004106
0.002773
0.002807
0.005627
0.006371
0.003998
0.002509
0.002490
0.002077
0.001910
0.001949
0.000656
-0.000854
-0.000235
0.001712
0.001122
-0.001594
-0.001077
0.001793
0.002707
0.002278
0.001455
0.000961
0.002079
0.003349
0.003133
0.002227
0.001908
0.002236
0.002308
0.001716
0.002309
0.004496
0.005513
0.005290
0.005723
0.006792
0.007630
0.007768
0.007331
0.006929
0.006768
0.006172
0.005067
0.004078
0.002733
0.000985
-0.000298
-0.001427
-0.002452
-0.002544
-0.003347
-0.005020
-0.004978
-0.004684
-0.006058
-0.006932
-0.006284
-0.006328
-0.007652
-0.009417
-0.010127
-0.008764
-0.007695
-0.008837
-0.010151
-0.009047
-0.007357
-0.007046
-0.006067
-0.004349
-0.003927
-0.003931
-0.003117
-0.001333
0.001024
0.001471
0.000315
0.001118
0.003161
0.003564
0.002916
0.003511
0.005605
0.006567
0.004891
0.003441
0.004180
0.004814
0.004151
0.003150
0.002307
0.002525
0.003114
0.002180
0.000903
0.000270
-0.000298
-0.000573
-0.001265
-0.002293
-0.002891
-0.003887
-0.004784
-0.005088
-0.006373
-0.008272
-0.008676
-0.008689
-0.010026
-0.010632
-0.009837
-0.009745
-0.010446
-0.011034
-0.010803
-0.009846
-0.009837
-0.010885
-0.011174
-0.010323
-0.009463
-0.008837
-0.008244
-0.007993
-0.008321
-0.008028
-0.006298
-0.005535
-0.006203
-0.005328
-0.003093
-0.002219
-0.002153
-0.001297
-0.000259
0.000810
0.001836
0.002490
0.002984
0.003299
0.003469
0.003847
0.004656
0.004868
0.004520
0.005194
0.005969
0.005968
0.005935
0.005694
0.005297
0.005172
0.005628
0.006455
0.006672
0.006259
0.005779
0.005073
0.004587
0.005084
0.005736
0.004714
0.003205
0.004196
0.005748
0.005354
0.005283
0.006047
0.005557
0.004549
0.004689
0.004877
0.003975
0.002908
0.002545
0.002450
0.001666
0.000702
0.000046
-0.000575
-0.000499
-0.000230
-0.000402
-0.000097
0.000564
0.001043
0.001031
0.000867
0.001511
0.002559
0.003645
0.004622
0.004809
0.005112
0.006453
0.007362
0.007258
0.007162
0.007187
0.007125
0.007086
0.006392
0.005258
0.005527
0.006337
0.005824
0.004784
0.003981
0.003476
0.003469
0.003534
0.003480
0.003597
0.003200
0.002206
0.002259
0.003588
0.004091
0.003289
0.002841
0.002754
0.002731
0.002895
0.002793
0.002539
0.002236
0.001844
0.001313
0.000572
-0.000362
-0.000763
-0.000598
-0.001286
-0.002145
-0.001866
-0.001445
-0.002039
-0.002771
-0.002334
-0.001736
-0.002151
-0.002776
-0.002695
-0.002210
-0.002344
-0.002918
-0.002711
-0.002189
-0.002264
-0.002828
-0.003181
-0.002509
-0.001735
-0.002029
-0.002709
-0.002679
-0.002116
-0.001825
-0.001976
-0.002058
-0.001442
-0.000628
-0.000737
-0.001381
-0.001147
-0.000112
0.000327
-0.000001
0.000057
0.000397
0.000362
0.000384
0.000539
0.000563
0.000683
0.000897
0.000980
0.000938
0.000804
0.000857
0.001168
0.001241
0.000933
0.000700
0.000887
0.001274
0.001127
0.000487
0.000481
0.000942
0.000730
0.000353
0.000513
0.000426
0.000123
0.000201
0.000101
-0.000433
-0.000731
-0.000729
-0.000972
-0.001216
-0.001368
-0.001691
-0.001658
-0.001328
-0.001325
-0.001401
-0.001313
-0.001395
-0.001410
-0.001092
-0.000830
-0.000771
-0.000755
-0.000629
-0.000418
-0.000335
-0.000402
-0.000442
-0.000393
-0.000351
-0.000426
-0.000518
-0.000427
-0.000327
-0.000421
-0.000508
-0.000389
-0.000249
-0.000280
-0.000356
-0.000302
-0.000229
-0.000255
-0.000251
-0.000214
-0.000226
-0.000247
-0.000242
-0.000232
-0.000251
-0.000324
-0.000407
-0.000413
-0.000376
-0.000425
-0.000462
-0.000445
-0.000496
-0.000484
-0.000384
-0.000383
-0.000441
-0.000418
-0.000374
-0.000369
-0.000367
-0.000400
-0.000420
-0.000362
-0.000289
-0.000280
-0.000303
-0.000298
-0.000284
-0.000250
-0.000204
-0.000201
-0.000225
-0.000224
-0.000186
-0.000150
-0.000129
-0.000124
-0.000142
-0.000151
-0.000126
-0.000094
-0.000095
-0.000123
-0.000131
-0.000113
-0.000095
-0.000093
-0.000107
-0.000111
-0.000098
-0.000093
-0.000099
-0.000094
-0.000080
-0.000080
-0.000088
-0.000078
-0.000060
-0.000059
-0.000062
-0.000055
-0.000049
-0.000045
-0.000040
-0.000031
-0.000026
-0.000026
-0.000028
-0.000026
-0.000019
-0.000011
-0.000009
-0.000010
-0.000010
-0.000005
0.000001
-0.000001
-0.000005
-0.000004
-0.000003
-0.000005
-0.000008
-0.000009
-0.000010
-0.000010
-0.000010
-0.000010
-0.000010
-0.000010
-0.000010
-0.000010
-0.000009
-0.000009
-0.000009
-0.000009
-0.000009
-0.000009
-0.000009
-0.000009
-0.000009
-0.000009
-0.000009
-0.000008
-0.000008
-0.000008
-0.000006
-0.000006
-0.000005
-0.000005
-0.000004
-0.000003
-0.000003
-0.000001
-0.000000
0.000000
0.000001
0.000001
0.000001
0.000003
0.000003
0.000003
0.000004
0.000004
0.000004
0.000004
0.000005
0.000005
