-0.000849
-0.000887
-0.000816
-0.000747
-0.000779
-0.000901
-0.001050
-0.001182
-0.001267
-0.001241
-0.001042
-0.000705
-0.000384
-0.000236
-0.000315
-0.000560
-0.000884
-0.001198
-0.001407
-0.001434
-0.001298
-0.001122
-0.001033
-0.001044
-0.001074
-0.001050
-0.000977
-0.000904
-0.000842
-0.000728
-0.000494
-0.000179
0.000035
-0.000026
-0.000313
-0.000538
-0.000473
-0.000238
-0.000205
-0.000571
-0.001086
-0.001281
-0.000938
-0.000293
0.000214
0.000333
0.000170
0.000003
-0.000018
0.000009
-0.000090
-0.000349
-0.000683
-0.001076
-0.001597
-0.002160
-0.002423
-0.002140
-0.001602
-0.001453
-0.001891
-0.002141
-0.000984
0.002069
0.006169
0.009756
0.011798
0.012391
0.012212
0.011545
0.010011
0.007235
0.003561
-0.000129
-0.003276
-0.006021
-0.008560
-0.010399
-0.010677
-0.009282
-0.007237
-0.005672
-0.004599
-0.003093
-0.000622
0.002212
0.004343
0.005226
0.004800
0.002941
-0.000293
-0.003773
-0.005433
-0.003917
0.000034
0.004306
0.007419
0.009406
0.010764
0.011190
0.009741
0.005962
0.000406
-0.005852
-0.011860
-0.016928
-0.020427
-0.021634
-0.019811
-0.014574
-0.006423
0.003151
0.012392
0.020194
0.026149
0.029778
0.030219
0.027038
0.021161
0.014573
0.008996
0.004985
0.002164
0.000002
-0.001743
-0.003009
-0.003558
-0.003181
-0.001895
0.000063
0.002524
0.005558
0.009190
0.012985
0.016136
0.018067
0.018824
0.018721
0.017699
0.015290
0.011415
0.007042
0.003761
0.002522
0.002886
0.003627
0.003969
0.004106
0.004558
0.005290
0.005649
0.005114
0.003914
0.002799
0.002206
0.001818
0.001070
-0.000028
-0.000844
-0.000910
-0.000283
0.001210
0.004581
0.010611
0.018135
0.024382
0.027561
0.028310
0.027675
0.024482
0.016475
0.004276
-0.007551
-0.014607
-0.016779
-0.016895
-0.016109
-0.012687
-0.005447
0.003842
0.012682
0.020749
0.028733
0.035373
0.038167
0.036969
0.034324
0.031121
0.024248
0.010810
-0.006371
-0.020066
-0.025569
-0.024310
-0.020240
-0.014952
-0.007870
0.000510
0.008148
0.013503
0.018577
0.023732
0.028004
0.029682
0.028047
0.023329
0.015895
0.006580
-0.002745
-0.010099
-0.014830
-0.017336
-0.017579
-0.014957
-0.009869
-0.004358
-0.000514
0.001286
0.002077
0.002790
0.003694
0.004898
0.006433
0.007674
0.007470
0.005358
0.002367
0.000232
-0.000001
0.001620
0.004648
0.008673
0.012930
0.016030
0.016702
0.014868
0.011602
0.007862
0.003618
-0.001363
-0.006024
-0.007920
-0.005003
0.002543
0.012380
0.021784
0.029197
0.034238
0.036719
0.036136
0.032324
0.026430
0.020713
0.016822
0.014325
0.011446
0.007464
0.003799
0.002277
0.002909
0.004292
0.005892
0.008617
0.012735
0.016451
0.017646
0.016418
0.014728
0.013785
0.013142
0.012515
0.013026
0.015717
0.019808
0.023575
0.026363
0.028219
0.027691
0.021787
0.009309
-0.006566
-0.020190
-0.027890
-0.029944
-0.028647
-0.025672
-0.021567
-0.016635
-0.011188
-0.005187
0.001552
0.008654
0.015155
0.020251
0.023759
0.025834
0.026757
0.027119
0.027591
0.028058
0.027394
0.024768
0.021032
0.018075
0.016737
0.016114
0.015281
0.014854
0.015961
0.018193
0.019966
0.021167
0.024049
0.030222
0.037344
0.040380
0.036611
0.028465
0.020802
0.016221
0.013911
0.012486
0.012297
0.014373
0.018165
0.021493
0.022594
0.021448
0.019017
0.015877
0.011954
0.007200
0.002116
-0.002345
-0.005178
-0.005788
-0.004280
-0.001086
0.003925
0.011619
0.022137
0.033220
0.040920
0.042764
0.039842
0.034973
0.029055
0.020466
0.008408
-0.004514
-0.014366
-0.019964
-0.023219
-0.025385
-0.024780
-0.019447
-0.010775
-0.002613
0.003086
0.008075
0.014868
0.023451
0.031816
0.038714
0.044495
0.049585
0.053408
0.055040
0.054118
0.050817
0.045619
0.039380
0.033134
0.027606
0.023361
0.021330
0.022227
0.024995
0.026885
0.026007
0.023199
0.020258
0.016884
0.010986
0.002247
-0.006208
-0.010647
-0.010294
-0.007159
-0.003185
0.001176
0.006090
0.011557
0.017575
0.023618
0.027533
0.026338
0.019135
0.008486
-0.002035
-0.010937
-0.018408
-0.023787
-0.025343
-0.022819
-0.018392
-0.014222
-0.010272
-0.005741
-0.001675
-0.000491
-0.003045
-0.007613
-0.012133
-0.016283
-0.020813
-0.025720
-0.029856
-0.031784
-0.030395
-0.025214
-0.017000
-0.007880
-0.000133
0.005200
0.008124
0.008550
0.006442
0.003146
0.001430
0.003377
0.008675
0.015454
0.022275
0.028684
0.034313
0.038420
0.040288
0.039400
0.035291
0.028157
0.019715
0.012365
0.006831
0.001412
-0.005612
-0.013417
-0.019473
-0.022435
-0.022772
-0.020460
-0.013774
-0.001571
0.014087
0.028888
0.039736
0.046487
0.050626
0.053322
0.054724
0.053944
0.049460
0.040623
0.029229
0.018498
0.009758
0.001259
-0.008648
-0.018303
-0.024437
-0.026418
-0.026580
-0.026174
-0.023344
-0.016270
-0.006393
0.003333
0.012173
0.021585
0.032112
0.042413
0.051183
0.057867
0.061170
0.059172
0.051995
0.042370
0.032103
0.019767
0.004141
-0.011239
-0.019878
-0.018921
-0.011559
-0.002214
0.008367
0.021656
0.036819
0.050179
0.058965
0.063655
0.066175
0.067211
0.066126
0.062698
0.057776
0.052290
0.046138
0.038392
0.028489
0.017037
0.005246
-0.006340
-0.018065
-0.029846
-0.040194
-0.047354
-0.051214
-0.053022
-0.052789
-0.047844
-0.035009
-0.014298
0.009990
0.031942
0.047518
0.055585
0.056414
0.050368
0.038641
0.024655
0.013238
0.007372
0.006049
0.005989
0.005166
0.003828
0.002418
-0.000095
-0.005551
-0.015398
-0.030362
-0.049564
-0.068970
-0.082495
-0.086773
-0.084027
-0.078330
-0.069951
-0.056187
-0.037558
-0.019475
-0.006258
0.003242
0.011202
0.014540
0.007320
-0.010946
-0.033360
-0.052911
-0.068405
-0.081659
-0.092141
-0.097776
-0.099335
-0.100217
-0.101807
-0.102051
-0.099559
-0.096444
-0.095343
-0.095400
-0.093546
-0.089163
-0.085246
-0.084685
-0.087133
-0.090367
-0.093516
-0.097594
-0.103194
-0.109005
-0.112984
-0.114532
-0.115022
-0.116373
-0.119293
-0.123016
-0.126692
-0.130812
-0.136761
-0.144687
-0.152153
-0.155975
-0.155273
-0.151936
-0.147639
-0.141817
-0.133609
-0.124927
-0.119559
-0.119263
-0.122794
-0.129538
-0.142012
-0.162473
-0.187954
-0.210933
-0.225516
-0.231335
-0.231313
-0.227459
-0.219987
-0.209208
-0.196431
-0.183328
-0.171501
-0.162428
-0.156718
-0.153827
-0.153671
-0.158374
-0.170719
-0.190186
-0.211874
-0.230259
-0.243443
-0.252486
-0.257292
-0.254816
-0.242248
-0.221166
-0.197351
-0.175881
-0.156670
-0.135413
-0.109443
-0.081876
-0.059113
-0.044064
-0.033174
-0.020833
-0.005659
0.009023
0.020340
0.029404
0.039046
0.049813
0.059857
0.068181
0.076114
0.085235
0.094949
0.102953
0.107340
0.107662
0.104274
0.097365
0.086893
0.072985
0.056143
0.037177
0.016984
-0.003563
-0.023463
-0.041588
-0.057057
-0.069730
-0.079879
-0.087129
-0.090127
-0.087860
-0.081265
-0.072767
-0.064095
-0.055056
-0.044793
-0.033635
-0.023010
-0.013738
-0.005233
0.003345
0.011572
0.017723
0.020112
0.018468
0.014275
0.009787
0.006239
0.002770
-0.002571
-0.010500
-0.019507
-0.027459
-0.033624
-0.038389
-0.041360
-0.040954
-0.036345
-0.029014
-0.021731
-0.016338
-0.012938
-0.010623
-0.008067
-0.003678
0.003616
0.013176
0.022835
0.030714
0.036511
0.040794
0.043783
0.045635
0.047400
0.050592
0.055402
0.060145
0.062997
0.063795
0.063779
0.063955
0.064362
0.064629
0.064614
0.064295
0.063831
0.063856
0.065060
0.066680
0.066123
0.061374
0.053908
0.047727
0.044679
0.041748
0.034570
0.023025
0.011259
0.001900
-0.007230
-0.019111
-0.032547
-0.044169
-0.054266
-0.066547
-0.081316
-0.093205
-0.098369
-0.100473
-0.104700
-0.107685
-0.099500
-0.076845
-0.048677
-0.025286
-0.006230
0.015574
0.040274
0.058767
0.064875
0.063633
0.063853
0.066692
0.066426
0.060281
0.051974
0.045346
0.039476
0.032094
0.024334
0.019116
0.016869
0.016045
0.017175
0.023413
0.036501
0.054182
0.072509
0.089473
0.105602
0.121914
0.138110
0.152350
0.162370
0.167144
0.167701
0.165356
0.158949
0.145025
0.122002
0.093595
0.066856
0.046787
0.033870
0.026354
0.023225
0.024013
0.027203
0.030504
0.032518
0.033011
0.031618
0.027645
0.021526
0.015304
0.010751
0.007478
0.003888
-0.000336
-0.003703
-0.004931
-0.004418
-0.003184
-0.001095
0.003036
0.009890
0.018903
0.028984
0.039324
0.049488
0.059297
0.068735
0.077410
0.083933
0.086709
0.085704
0.082999
0.080767
0.079107
0.076598
0.072702
0.068710
0.066035
0.064468
0.062806
0.060859
0.060212
0.062902
0.069510
0.078608
0.088087
0.097088
0.106297
0.116025
0.124601
0.129779
0.131703
0.132508
0.131757
0.124239
0.105033
0.076956
0.050310
0.033918
0.027894
0.026409
0.025917
0.028235
0.036349
0.050083
0.066669
0.083382
0.098176
0.109282
0.115988
0.119173
0.119296
0.114113
0.100211
0.077436
0.050659
0.026515
0.008989
-0.001609
-0.006865
-0.008723
-0.008896
-0.008132
-0.005711
-0.000512
0.007324
0.016486
0.026249
0.037076
0.049189
0.061639
0.073600
0.085687
0.098678
0.111250
0.120399
0.124300
0.123876
0.121004
0.116320
0.109674
0.102046
0.095626
0.091753
0.089613
0.087409
0.084486
0.081991
0.081586
0.083605
0.086419
0.087520
0.085659
0.081891
0.078335
0.075892
0.073595
0.070230
0.065952
0.061794
0.057895
0.052947
0.045450
0.035316
0.024256
0.014822
0.008796
0.006031
0.004766
0.003309
0.001265
-0.001056
-0.003977
-0.008271
-0.013701
-0.018814
-0.022673
-0.025947
-0.029450
-0.032233
-0.032274
-0.028999
-0.024071
-0.019389
-0.015267
-0.011067
-0.006781
-0.003119
-0.000339
0.002105
0.004689
0.007218
0.009254
0.010669
0.011599
0.012325
0.013371
0.015158
0.016995
0.016807
0.012808
0.005809
-0.000688
-0.003214
-0.001100
0.003697
0.009156
0.014921
0.021514
0.028783
0.036018
0.043325
0.051843
0.062090
0.072684
0.081394
0.087401
0.091955
0.096786
0.102403
0.108187
0.113639
0.118821
0.123593
0.127016
0.127972
0.126241
0.122689
0.118297
0.113148
0.106417
0.097311
0.085845
0.072887
0.059627
0.047080
0.035987
0.026781
0.019593
0.014342
0.010859
0.008847
0.007732
0.006871
0.006139
0.006233
0.008087
0.011850
0.016479
0.020313
0.021992
0.020984
0.017631
0.012857
0.007473
0.001323
-0.006803
-0.017938
-0.031383
-0.044745
-0.055827
-0.064432
-0.072022
-0.079844
-0.087861
-0.095395
-0.101978
-0.106967
-0.109108
-0.107654
-0.104106
-0.101570
-0.101824
-0.103699
-0.105279
-0.107236
-0.112474
-0.122163
-0.133300
-0.140902
-0.141940
-0.136378
-0.125154
-0.108872
-0.088787
-0.067542
-0.047821
-0.030515
-0.014866
-0.000215
0.013129
0.024593
0.034059
0.041512
0.046440
0.048106
0.046345
0.041759
0.035111
0.026718
0.016554
0.004827
-0.007707
-0.020122
-0.031936
-0.043058
-0.053032
-0.060674
-0.064977
-0.066269
-0.065934
-0.064714
-0.061808
-0.056021
-0.047394
-0.037110
-0.026014
-0.014125
-0.001706
0.010004
0.019667
0.026876
0.031598
0.033129
0.030541
0.024100
0.015237
0.004879
-0.007214
-0.020844
-0.034282
-0.045981
-0.056784
-0.068915
-0.082786
-0.096519
-0.109202
-0.122763
-0.138898
-0.155061
-0.165939
-0.169239
-0.168297
-0.167794
-0.168303
-0.166453
-0.159810
-0.149815
-0.139734
-0.131203
-0.123489
-0.115144
-0.105410
-0.094325
-0.082449
-0.070458
-0.058395
-0.045178
-0.029651
-0.012315
0.004490
0.018650
0.030204
0.040689
0.050730
0.059011
0.063882
0.065445
0.065542
0.065928
0.066969
0.068188
0.069730
0.072715
0.078052
0.085027
0.091305
0.094771
0.095438
0.095059
0.094455
0.091591
0.083134
0.068067
0.049055
0.029984
0.012753
-0.002981
-0.017800
-0.031346
-0.043014
-0.052859
-0.061623
-0.070429
-0.080179
-0.090571
-0.099697
-0.106043
-0.111245
-0.119483
-0.132896
-0.148328
-0.159801
-0.163969
-0.161963
-0.156412
-0.148480
-0.138260
-0.126510
-0.114547
-0.102916
-0.091397
-0.080234
-0.070575
-0.063636
-0.059957
-0.059305
-0.060823
-0.063282
-0.065779
-0.068467
-0.072084
-0.076763
-0.081735
-0.086292
-0.090700
-0.095928
-0.102686
-0.110768
-0.118982
-0.125676
-0.129746
-0.131432
-0.131992
-0.132146
-0.131093
-0.127199
-0.119609
-0.108877
-0.096231
-0.082520
-0.068129
-0.053627
-0.040263
-0.029329
-0.020870
-0.013335
-0.005026
0.004010
0.012076
0.017955
0.022297
0.026404
0.030231
0.032475
0.032439
0.030722
0.027889
0.023357
0.016265
0.006899
-0.003265
-0.012632
-0.020251
-0.026058
-0.031035
-0.036662
-0.043252
-0.048864
-0.050825
-0.048669
-0.044972
-0.042972
-0.043980
-0.047348
-0.052165
-0.058253
-0.066064
-0.076445
-0.090112
-0.106126
-0.121074
-0.131217
-0.136052
-0.138828
-0.142555
-0.146422
-0.147480
-0.145293
-0.143060
-0.143594
-0.145754
-0.146059
-0.142836
-0.137134
-0.129922
-0.120379
-0.107716
-0.093123
-0.078676
-0.064837
-0.050430
-0.034824
-0.018796
-0.003021
0.012986
0.029690
0.046356
0.062116
0.077622
0.094196
0.111484
0.127270
0.140188
0.151374
0.162589
0.173502
0.182195
0.187989
0.192259
0.196058
0.198423
0.198106
0.196067
0.194777
0.195329
0.196613
0.197810
0.199979
0.203960
0.207587
0.206801
0.199904
0.189232
0.177910
0.165849
0.150509
0.131337
0.111955
0.097230
0.088704
0.083737
0.078792
0.072586
0.065972
0.059706
0.053185
0.045292
0.035796
0.025597
0.015805
0.006833
-0.001630
-0.009836
-0.017315
-0.023195
-0.027168
-0.029802
-0.031570
-0.032014
-0.030875
-0.029851
-0.031960
-0.038133
-0.045711
-0.051723
-0.056981
-0.064367
-0.072907
-0.076561
-0.070958
-0.059115
-0.046919
-0.034270
-0.015300
0.011574
0.038718
0.058208
0.072245
0.088994
0.108632
0.120289
0.115698
0.101326
0.091908
0.093940
0.100405
0.101326
0.094721
0.086038
0.081279
0.083508
0.092828
0.105589
0.115015
0.116118
0.109805
0.099408
0.083858
0.058399
0.022985
-0.014347
-0.045135
-0.068690
-0.089250
-0.107254
-0.118273
-0.120760
-0.119988
-0.121843
-0.125655
-0.126057
-0.120544
-0.111891
-0.103685
-0.096436
-0.089053
-0.081721
-0.075498
-0.070316
-0.065134
-0.059746
-0.055005
-0.051137
-0.047168
-0.042584
-0.038621
-0.036996
-0.037805
-0.039701
-0.042053
-0.045695
-0.051000
-0.056173
-0.058865
-0.059128
-0.059108
-0.059469
-0.057573
-0.050487
-0.038847
-0.025973
-0.013607
-0.000517
0.014344
0.029384
0.042501
0.054223
0.066843
0.080956
0.094846
0.107312
0.119368
0.132306
0.145776
0.158828
0.171857
0.186128
0.201752
0.217521
0.232625
0.247280
0.261425
0.274019
0.284098
0.291731
0.297206
0.300000
0.299188
0.294617
0.286920
0.276721
0.264464
0.250739
0.236029
0.220079
0.202422
0.183767
0.166177
0.151304
0.138983
0.128095
0.118124
0.109312
0.101516
0.093994
0.086406
0.079216
0.072589
0.065679
0.057566
0.048557
0.039871
0.032121
0.024733
0.016957
0.008864
0.001047
-0.006286
-0.013498
-0.020934
-0.028456
-0.035578
-0.041838
-0.047057
-0.051342
-0.054982
-0.058069
-0.060172
-0.060351
-0.057677
-0.052052
-0.044659
-0.037446
-0.031608
-0.026555
-0.020703
-0.013384
-0.005525
0.001777
0.008670
0.015870
0.023012
0.028723
0.032388
0.034700
0.035906
0.034483
0.028685
0.019141
0.008857
0.000386
-0.006241
-0.012534
-0.019185
-0.025353
-0.030037
-0.033459
-0.036779
-0.040609
-0.044300
-0.047132
-0.050131
-0.055855
-0.065538
-0.076728
-0.084794
-0.087030
-0.084509
-0.079840
-0.074146
-0.067141
-0.059028
-0.050844
-0.043032
-0.035355
-0.028553
-0.024717
-0.025102
-0.028481
-0.032726
-0.037461
-0.043886
-0.052208
-0.060597
-0.067189
-0.072158
-0.077004
-0.082366
-0.087385
-0.091225
-0.094318
-0.097634
-0.101113
-0.103490
-0.103703
-0.102044
-0.099551
-0.096472
-0.092051
-0.085900
-0.079015
-0.072759
-0.067148
-0.060827
-0.052773
-0.043270
-0.032957
-0.021634
-0.008742
0.005368
0.019463
0.032768
0.045604
0.058424
0.070690
0.081197
0.089257
0.095168
0.099630
0.103029
0.105374
0.106570
0.106607
0.105637
0.104083
0.102624
0.101829
0.101768
0.102036
0.102232
0.102322
0.102349
0.101658
0.098749
0.092324
0.082611
0.071263
0.059844
0.048536
0.036562
0.023506
0.009697
-0.004587
-0.019585
-0.035314
-0.050816
-0.064702
-0.076448
-0.086573
-0.095601
-0.103272
-0.109069
-0.113149
-0.116287
-0.119009
-0.121158
-0.122396
-0.122834
-0.123021
-0.123427
-0.124064
-0.124418
-0.123921
-0.122537
-0.120943
-0.119631
-0.117975
-0.114603
-0.108976
-0.102031
-0.094679
-0.086192
-0.074998
-0.061101
-0.046735
-0.034100
-0.023264
-0.012999
-0.003028
0.005645
0.012430
0.017909
0.022568
0.025704
0.026389
0.024952
0.022796
0.020943
0.019447
0.018093
0.017001
0.016455
0.016708
0.018086
0.020804
0.024337
0.027374
0.028748
0.028251
0.026328
0.023200
0.018531
0.011850
0.003078
-0.007247
-0.018185
-0.029075
-0.040143
-0.052142
-0.065086
-0.077710
-0.088658
-0.097954
-0.106596
-0.114891
-0.121927
-0.126813
-0.129574
-0.130261
-0.127861
-0.121006
-0.109655
-0.095537
-0.080819
-0.066743
-0.053445
-0.040458
-0.027247
-0.013762
-0.000787
0.010501
0.019487
0.026430
0.031733
0.035278
0.036687
0.035934
0.033455
0.029983
0.026572
0.024426
0.024138
0.025175
0.026604
0.028217
0.030463
0.033298
0.035733
0.036782
0.036387
0.035088
0.033211
0.030765
0.027813
0.024542
0.021068
0.017603
0.014597
0.012304
0.010399
0.008551
0.007438
0.008572
0.012875
0.019702
0.027378
0.034441
0.040377
0.045681
0.051428
0.058249
0.065346
0.070876
0.073708
0.074206
0.072833
0.068670
0.060560
0.049528
0.038622
0.029733
0.021682
0.012380
0.001911
-0.007894
-0.016557
-0.025864
-0.037075
-0.048616
-0.057786
-0.064210
-0.070240
-0.077835
-0.086298
-0.093725
-0.099810
-0.105976
-0.113083
-0.120171
-0.126214
-0.131899
-0.138664
-0.146253
-0.152601
-0.156398
-0.158692
-0.161146
-0.163592
-0.164494
-0.163400
-0.161386
-0.158691
-0.153385
-0.143558
-0.130101
-0.115996
-0.102811
-0.089199
-0.073292
-0.055606
-0.038592
-0.023568
-0.009083
0.007214
0.025451
0.042749
0.055658
0.063203
0.067382
0.070845
0.074538
0.077672
0.079418
0.080053
0.080326
0.080536
0.080506
0.080175
0.079632
0.078878
0.077873
0.076795
0.075925
0.075123
0.073844
0.071564
0.068083
0.063367
0.057520
0.050971
0.044330
0.037774
0.030902
0.023524
0.016421
0.010858
0.007309
0.005076
0.003432
0.002817
0.004448
0.008676
0.014161
0.019048
0.022897
0.026956
0.032279
0.037951
0.041734
0.042487
0.041299
0.039873
0.038323
0.035309
0.030192
0.024155
0.018760
0.014040
0.008752
0.002351
-0.004062
-0.008935
-0.011854
-0.013592
-0.014904
-0.015806
-0.015927
-0.015104
-0.013467
-0.011252
-0.008771
-0.006400
-0.004368
-0.002629
-0.001072
0.000182
0.000915
0.001191
0.001374
0.001662
0.001863
0.001817
0.001870
0.002622
0.004275
0.006549
0.009342
0.013071
0.018041
0.023718
0.029105
0.033875
0.038648
0.043937
0.049238
0.053605
0.056917
0.059967
0.063271
0.066262
0.068070
0.068604
0.068473
0.067846
0.066004
0.062083
0.056044
0.048760
0.041358
0.034448
0.027764
0.020477
0.012191
0.003786
-0.003069
-0.007569
-0.010689
-0.014022
-0.017899
-0.021225
-0.023166
-0.024301
-0.025722
-0.027540
-0.028929
-0.029453
-0.029611
-0.029880
-0.029787
-0.028381
-0.025427
-0.021713
-0.018168
-0.014923
-0.011364
-0.006923
-0.001658
0.003863
0.009086
0.013770
0.017849
0.021194
0.023615
0.024986
0.025160
0.023802
0.020588
0.015697
0.009894
0.003915
-0.002024
-0.007873
-0.013070
-0.016702
-0.018448
-0.018920
-0.018789
-0.017897
-0.015653
-0.012150
-0.008288
-0.004670
-0.000899
0.003661
0.008778
0.013545
0.017527
0.021129
0.024638
0.027458
0.028744
0.028495
0.027435
0.025811
0.022910
0.018078
0.011851
0.005588
0.000047
-0.005268
-0.011234
-0.017907
-0.024367
-0.029612
-0.033363
-0.035996
-0.037888
-0.038989
-0.039027
-0.037985
-0.036120
-0.033416
-0.029193
-0.022596
-0.013618
-0.003406
0.006583
0.015588
0.023636
0.030940
0.037621
0.043919
0.050174
0.056298
0.061570
0.065204
0.067185
0.068328
0.069434
0.070571
0.071050
0.070075
0.067524
0.064076
0.060621
0.057437
0.053942
0.049303
0.043182
0.035939
0.028298
0.020876
0.013697
0.006032
-0.002927
-0.012810
-0.021792
-0.028194
-0.032205
-0.035218
-0.037451
-0.037322
-0.033829
-0.028534
-0.023951
-0.020365
-0.015720
-0.008796
-0.001090
0.005211
0.009942
0.014457
0.019130
0.022845
0.024960
0.026393
0.028149
0.029723
0.029758
0.027796
0.024630
0.021194
0.017786
0.014293
0.010561
0.006472
0.002071
-0.002389
-0.006943
-0.012377
-0.019533
-0.027948
-0.035768
-0.041464
-0.045272
-0.048493
-0.051725
-0.054383
-0.055840
-0.056318
-0.056425
-0.056370
-0.056012
-0.055373
-0.054621
-0.053626
-0.051968
-0.049484
-0.046512
-0.043396
-0.039934
-0.035602
-0.030322
-0.024773
-0.019755
-0.015323
-0.010793
-0.005688
-0.000443
0.004074
0.007613
0.010746
0.013942
0.016834
0.018717
0.019557
0.020024
0.020512
0.020589
0.019636
0.017741
0.015605
0.013719
0.012030
0.010408
0.009060
0.008272
0.008004
0.008013
0.008251
0.008855
0.009749
0.010543
0.010965
0.011198
0.011643
0.012414
0.013235
0.013781
0.013953
0.013799
0.013294
0.012339
0.010904
0.009106
0.007128
0.005094
0.003035
0.000958
-0.001062
-0.002887
-0.004453
-0.005863
-0.007259
-0.008605
-0.009677
-0.010337
-0.010750
-0.011244
-0.011993
-0.012918
-0.013889
-0.014909
-0.016039
-0.017180
-0.018053
-0.018469
-0.018603
-0.018886
-0.019535
-0.020264
-0.020591
-0.020407
-0.019985
-0.019361
-0.017968
-0.015201
-0.011223
-0.006840
-0.002581
0.001744
0.006428
0.011180
0.015366
0.018702
0.021380
0.023565
0.025162
0.026021
0.025993
0.024717
0.021773
0.017340
0.012395
0.007913
0.004016
0.000216
-0.003615
-0.006951
-0.009309
-0.010786
-0.011700
-0.012003
-0.011456
-0.010191
-0.008711
-0.007288
-0.005717
-0.003830
-0.001962
-0.000646
0.000041
0.000517
0.001086
0.001559
0.001574
0.001042
0.000065
-0.001419
-0.003606
-0.006468
-0.009679
-0.012953
-0.016185
-0.019145
-0.021343
-0.022522
-0.023129
-0.023891
-0.024916
-0.025587
-0.025476
-0.024963
-0.024675
-0.024598
-0.024203
-0.023355
-0.022597
-0.022435
-0.022751
-0.023208
-0.023889
-0.025175
-0.027130
-0.029442
-0.031997
-0.035098
-0.038914
-0.042945
-0.046330
-0.048648
-0.050181
-0.051361
-0.052154
-0.052095
-0.050850
-0.048590
-0.045717
-0.042338
-0.038202
-0.033263
-0.028137
-0.023673
-0.020003
-0.016290
-0.011683
-0.006352
-0.001277
0.002892
0.006400
0.009726
0.012833
0.015380
0.017412
0.019395
0.021575
0.023732
0.025652
0.027470
0.029336
0.031040
0.032278
0.033118
0.033834
0.034337
0.034194
0.033259
0.031886
0.030198
0.027493
0.022841
0.016307
0.009143
0.002578
-0.003352
-0.009495
-0.016267
-0.022965
-0.028451
-0.032269
-0.034903
-0.037064
-0.038893
-0.039838
-0.039121
-0.036310
-0.031709
-0.026349
-0.021390
-0.017219
-0.013094
-0.007971
-0.001808
0.004170
0.008690
0.011735
0.014345
0.017270
0.020228
0.022558
0.024086
0.025009
0.025236
0.024411
0.022636
0.020670
0.019166
0.017990
0.016594
0.014886
0.013337
0.012252
0.011353
0.010264
0.009148
0.008528
0.008568
0.008879
0.009145
0.009658
0.010990
0.013293
0.016186
0.019362
0.023014
0.027464
0.032610
0.037956
0.043147
0.048156
0.052921
0.057092
0.060335
0.062718
0.064560
0.065976
0.066807
0.066929
0.066446
0.065426
0.063753
0.061318
0.058337
0.055289
0.052541
0.050187
0.048131
0.046218
0.044279
0.042222
0.040142
0.038240
0.036595
0.035109
0.033708
0.032481
0.031533
0.030810
0.030182
0.029635
0.029244
0.028982
0.028724
0.028423
0.028134
0.027803
0.027232
0.026394
0.025550
0.024853
0.023928
0.022206
0.019692
0.017084
0.014933
0.012976
0.010548
0.007498
0.004320
0.001426
-0.001308
-0.004167
-0.007116
-0.009985
-0.012870
-0.016015
-0.019362
-0.022571
-0.025517
-0.028444
-0.031488
-0.034316
-0.036458
-0.037881
-0.038942
-0.039846
-0.040383
-0.040287
-0.039640
-0.038762
-0.037821
-0.036693
-0.035220
-0.033470
-0.031703
-0.030139
-0.028810
-0.027594
-0.026380
-0.025184
-0.024113
-0.023218
-0.022367
-0.021293
-0.019823
-0.018044
-0.016237
-0.014637
-0.013333
-0.012392
-0.011982
-0.012209
-0.012892
-0.013671
-0.014407
-0.015331
-0.016679
-0.018305
-0.019810
-0.020996
-0.021979
-0.022839
-0.023393
-0.023424
-0.022962
-0.022179
-0.021101
-0.019633
-0.017829
-0.015964
-0.014288
-0.012865
-0.011690
-0.010800
-0.010166
-0.009614
-0.008969
-0.008240
-0.007552
-0.006938
-0.006317
-0.005642
-0.004936
-0.004149
-0.003158
-0.001953
-0.000746
0.000216
0.000880
0.001356
0.001698
0.001841
0.001755
0.001531
0.001236
0.000776
0.000001
-0.001086
-0.002324
-0.003653
-0.005245
-0.007299
-0.009705
-0.012047
-0.013979
-0.015527
-0.016924
-0.018187
-0.019024
-0.019158
-0.018645
-0.017748
-0.016554
-0.014870
-0.012530
-0.009690
-0.006725
-0.003893
-0.001194
0.001461
0.004060
0.006514
0.008802
0.010993
0.013138
0.015181
0.017033
0.018656
0.020070
0.021260
0.022177
0.022809
0.023218
0.023445
0.023410
0.022984
0.022158
0.021090
0.019938
0.018701
0.017279
0.015698
0.014174
0.012938
0.012038
0.011370
0.010857
0.010540
0.010463
0.010551
0.010716
0.011042
0.011748
0.012916
0.014339
0.015752
0.017150
0.018705
0.020431
0.022120
0.023672
0.025269
0.027043
0.028753
0.030056
0.030992
0.031888
0.032781
0.033310
0.033291
0.032983
0.032505
0.031339
0.028937
0.025665
0.022574
0.020133
0.017754
0.014814
0.011660
0.009117
0.007358
0.005843
0.004310
0.003145
0.002638
0.002430
0.002033
0.001542
0.001388
0.001597
0.001765
0.001664
0.001457
0.001275
0.001014
0.000702
0.000660
0.001017
0.001293
0.000840
-0.000416
-0.001993
-0.003565
-0.005331
-0.007602
-0.010321
-0.013200
-0.016114
-0.019096
-0.022016
-0.024502
-0.026278
-0.027427
-0.028246
-0.028902
-0.029302
-0.029286
-0.028894
-0.028431
-0.028234
-0.028351
-0.028499
-0.028378
-0.028017
-0.027676
-0.027422
-0.026925
-0.025768
-0.023874
-0.021528
-0.018986
-0.016223
-0.013078
-0.009603
-0.006200
-0.003400
-0.001510
-0.000444
0.000056
0.000021
-0.000833
-0.002693
-0.005198
-0.007612
-0.009497
-0.011066
-0.012767
-0.014690
-0.016586
-0.018337
-0.020104
-0.021977
-0.023730
-0.025093
-0.026097
-0.026938
-0.027601
-0.027806
-0.027317
-0.026151
-0.024463
-0.022435
-0.020292
-0.018305
-0.016657
-0.015385
-0.014516
-0.014138
-0.014248
-0.014638
-0.015114
-0.015778
-0.016867
-0.018304
-0.019601
-0.020382
-0.020852
-0.021576
-0.022784
-0.024100
-0.025007
-0.025447
-0.025822
-0.026445
-0.027163
-0.027593
-0.027608
-0.027430
-0.027253
-0.026955
-0.026304
-0.025364
-0.024488
-0.023882
-0.023347
-0.022572
-0.021560
-0.020631
-0.020015
-0.019596
-0.019051
-0.018101
-0.016598
-0.014543
-0.012124
-0.009608
-0.007025
-0.004031
-0.000275
0.004087
0.008438
0.012305
0.015734
0.018926
0.021702
0.023590
0.024372
0.024247
0.023358
0.021466
0.018406
0.014725
0.011512
0.009456
0.008292
0.007349
0.006467
0.006166
0.006964
0.008833
0.011388
0.014378
0.017834
0.021820
0.026225
0.030747
0.034939
0.038354
0.040819
0.042598
0.044087
0.045305
0.045843
0.045414
0.044232
0.042681
0.040738
0.038051
0.034596
0.030952
0.027772
0.025146
0.022714
0.020279
0.018060
0.016330
0.015048
0.014004
0.013206
0.012875
0.013069
0.013496
0.013806
0.013949
0.014090
0.014227
0.014078
0.013428
0.012390
0.011174
0.009696
0.007686
0.005174
0.002649
0.000571
-0.001111
-0.002792
-0.004659
-0.006524
-0.008172
-0.009631
-0.011005
-0.012246
-0.013213
-0.013864
-0.014217
-0.014201
-0.013715
-0.012840
-0.011829
-0.010811
-0.009684
-0.008407
-0.007296
-0.006812
-0.007028
-0.007548
-0.008059
-0.008853
-0.010463
-0.012799
-0.014943
-0.016053
-0.016260
-0.016273
-0.016197
-0.015212
-0.012675
-0.009094
-0.005511
-0.002145
0.001753
0.006585
0.011546
0.015453
0.018060
0.020041
0.021831
0.023090
0.023380
0.022876
0.022058
0.021050
0.019656
0.017918
0.016252
0.014990
0.014099
0.013413
0.012896
0.012561
0.012357
0.012290
0.012476
0.012838
0.012915
0.012275
0.011080
0.009914
0.008945
0.007590
0.005241
0.002126
-0.000941
-0.003603
-0.006387
-0.009932
-0.014079
-0.017993
-0.021040
-0.023232
-0.024870
-0.026051
-0.026688
-0.026793
-0.026514
-0.025958
-0.025119
-0.023968
-0.022470
-0.020568
-0.018272
-0.015755
-0.013209
-0.010581
-0.007604
-0.004179
-0.000589
0.002765
0.005701
0.008212
0.010190
0.011476
0.012179
0.012697
0.013282
0.013782
0.013970
0.014017
0.014379
0.015227
0.016240
0.017033
0.017574
0.018036
0.018374
0.018312
0.017716
0.016771
0.015729
0.014643
0.013439
0.012076
0.010517
0.008678
0.006606
0.004598
0.002906
0.001297
-0.000806
-0.003581
-0.006405
-0.008422
-0.009406
-0.009846
-0.010201
-0.010390
-0.010083
-0.009252
-0.008190
-0.007107
-0.005981
-0.004826
-0.003866
-0.003335
-0.003194
-0.003201
-0.003243
-0.003490
-0.004177
-0.005276
-0.006445
-0.007301
-0.007713
-0.007788
-0.007625
-0.007189
-0.006481
-0.005699
-0.005055
-0.004474
-0.003651
-0.002467
-0.001183
-0.000105
0.000776
0.001655
0.002518
0.003141
0.003500
0.003883
0.004463
0.004970
0.004998
0.004552
0.003985
0.003416
0.002470
0.000765
-0.001520
-0.003741
-0.005401
-0.006477
-0.007181
-0.007602
-0.007680
-0.007382
-0.006750
-0.005790
-0.004460
-0.002798
-0.000981
0.000782
0.002400
0.003878
0.005184
0.006205
0.006849
0.007146
0.007182
0.006950
0.006341
0.005363
0.004319
0.003619
0.003357
0.003166
0.002628
0.001757
0.000925
0.000333
-0.000247
-0.001124
-0.002272
-0.003447
-0.004567
-0.005738
-0.006934
-0.007940
-0.008707
-0.009498
-0.010500
-0.011488
-0.012117
-0.012432
-0.012781
-0.013217
-0.013357
-0.012936
-0.012238
-0.011685
-0.011214
-0.010377
-0.009012
-0.007465
-0.006081
-0.004814
-0.003531
-0.002430
-0.001818
-0.001588
-0.001322
-0.000930
-0.000816
-0.001211
-0.001656
-0.001497
-0.000765
-0.000180
-0.000250
-0.000719
-0.001060
-0.001200
-0.001503
-0.002224
-0.003296
-0.004601
-0.006097
-0.007637
-0.008963
-0.010047
-0.011197
-0.012646
-0.014177
-0.015430
-0.016493
-0.017897
-0.019993
-0.022550
-0.025064
-0.027297
-0.029357
-0.031343
-0.033069
-0.034172
-0.034441
-0.034030
-0.033334
-0.032589
-0.031601
-0.029991
-0.027741
-0.025308
-0.023063
-0.020790
-0.018026
-0.014845
-0.011950
-0.009855
-0.008267
-0.006539
-0.004553
-0.002826
-0.001768
-0.001209
-0.000791
-0.000497
-0.000494
-0.000659
-0.000598
-0.000170
0.000348
0.000760
0.001350
0.002525
0.004205
0.005858
0.007131
0.008192
0.009341
0.010551
0.011549
0.012221
0.012672
0.012938
0.012880
0.012433
0.011752
0.011004
0.010135
0.008997
0.007631
0.006237
0.004885
0.003427
0.001826
0.000378
-0.000525
-0.000864
-0.001035
-0.001363
-0.001706
-0.001662
-0.001103
-0.000336
0.000272
0.000676
0.001036
0.001356
0.001449
0.001246
0.000935
0.000698
0.000452
0.000006
-0.000617
-0.001179
-0.001525
-0.001737
-0.001956
-0.002189
-0.002320
-0.002234
-0.001867
-0.001236
-0.000487
0.000184
0.000757
0.001440
0.002383
0.003429
0.004297
0.004980
0.005747
0.006730
0.007714
0.008461
0.009101
0.009999
0.011313
0.012848
0.014372
0.015908
0.017672
0.019791
0.022156
0.024490
0.026523
0.028158
0.029483
0.030590
0.031379
0.031643
0.031366
0.030826
0.030287
0.029685
0.028763
0.027466
0.026036
0.024656
0.023181
0.021344
0.019131
0.016800
0.014566
0.012432
0.010371
0.008528
0.007108
0.006087
0.005208
0.004307
0.003547
0.003232
0.003413
0.003798
0.004076
0.004236
0.004514
0.005069
0.005835
0.006666
0.007489
0.008305
0.009098
0.009839
0.010495
0.010960
0.011069
0.010760
0.010191
0.009590
0.009025
0.008424
0.007847
0.007555
0.007729
0.008215
0.008676
0.008976
0.009271
0.009744
0.010342
0.010881
0.011318
0.011850
0.012685
0.013781
0.014852
0.015706
0.016516
0.017678
0.019339
0.021180
0.022751
0.023916
0.024831
0.025514
0.025653
0.024970
0.023607
0.022000
0.020413
0.018781
0.017003
0.015210
0.013629
0.012279
0.010922
0.009314
0.007437
0.005473
0.003583
0.001748
-0.000171
-0.002197
-0.004098
-0.005558
-0.006495
-0.007135
-0.007709
-0.008135
-0.008112
-0.007505
-0.006500
-0.005368
-0.004203
-0.002972
-0.001717
-0.000579
0.000370
0.001191
0.001945
0.002607
0.003121
0.003462
0.003578
0.003348
0.002707
0.001757
0.000656
-0.000606
-0.002173
-0.004051
-0.005986
-0.007697
-0.009162
-0.010575
-0.012100
-0.013782
-0.015662
-0.017757
-0.019888
-0.021703
-0.023032
-0.024118
-0.025349
-0.026791
-0.028161
-0.029232
-0.030072
-0.030811
-0.031358
-0.031536
-0.031391
-0.031165
-0.030956
-0.030597
-0.029935
-0.029086
-0.028275
-0.027565
-0.026835
-0.026005
-0.025093
-0.024070
-0.022819
-0.021329
-0.019807
-0.018455
-0.017163
-0.015587
-0.013554
-0.011284
-0.009154
-0.007338
-0.005792
-0.004532
-0.003724
-0.003457
-0.003565
-0.003832
-0.004306
-0.005218
-0.006567
-0.007959
-0.008990
-0.009711
-0.010502
-0.011526
-0.012467
-0.012891
-0.012735
-0.012306
-0.011861
-0.011336
-0.010524
-0.009377
-0.008072
-0.006821
-0.005710
-0.004693
-0.003722
-0.002843
-0.002203
-0.001918
-0.001951
-0.002167
-0.002518
-0.003132
-0.004107
-0.005288
-0.006345
-0.007112
-0.007714
-0.008324
-0.008895
-0.009255
-0.009372
-0.009377
-0.009288
-0.008889
-0.007956
-0.006540
-0.004905
-0.003277
-0.001721
-0.000239
0.001127
0.002283
0.003115
0.003524
0.003542
0.003379
0.003239
0.003061
0.002565
0.001640
0.000534
-0.000487
-0.001519
-0.002855
-0.004451
-0.005853
-0.006749
-0.007378
-0.008201
-0.009299
-0.010309
-0.010919
-0.011185
-0.011315
-0.011389
-0.011398
-0.011426
-0.011595
-0.011904
-0.012255
-0.012633
-0.013098
-0.013604
-0.013981
-0.014128
-0.014113
-0.013970
-0.013558
-0.012742
-0.011639
-0.010495
-0.009338
-0.007922
-0.006094
-0.004051
-0.002141
-0.000494
0.000986
0.002337
0.003427
0.004156
0.004574
0.004743
0.004591
0.004051
0.003247
0.002404
0.001590
0.000669
-0.000466
-0.001740
-0.002962
-0.003936
-0.004470
-0.004423
-0.003846
-0.002965
-0.001896
-0.000493
0.001375
0.003480
0.005394
0.007023
0.008698
0.010637
0.012523
0.013858
0.014615
0.015250
0.016061
0.016796
0.017042
0.016801
0.016488
0.016430
0.016577
0.016701
0.016733
0.016788
0.016982
0.017330
0.017775
0.018234
0.018629
0.018942
0.019239
0.019588
0.019915
0.020020
0.019781
0.019316
0.018856
0.018443
0.017847
0.016835
0.015497
0.014188
0.013155
0.012317
0.011471
0.010596
0.009829
0.009208
0.008604
0.007977
0.007534
0.007500
0.007784
0.008041
0.008029
0.007796
0.007507
0.007237
0.007004
0.006842
0.006737
0.006577
0.006322
0.006173
0.006383
0.006892
0.007354
0.007605
0.007923
0.008659
0.009719
0.010657
0.011256
0.011749
0.012351
0.012784
0.012521
0.011436
0.009966
0.008565
0.007193
0.005496
0.003332
0.000919
-0.001513
-0.003973
-0.006532
-0.009068
-0.011368
-0.013419
-0.015340
-0.017051
-0.018228
-0.018745
-0.018947
-0.019264
-0.019633
-0.019579
-0.018909
-0.018019
-0.017356
-0.016796
-0.015851
-0.014390
-0.012808
-0.011446
-0.010176
-0.008702
-0.007042
-0.005454
-0.004039
-0.002684
-0.001353
-0.000193
0.000694
0.001360
0.001830
0.002007
0.001866
0.001576
0.001285
0.000918
0.000348
-0.000349
-0.000985
-0.001537
-0.002082
-0.002504
-0.002516
-0.002045
-0.001349
-0.000622
0.000312
0.001706
0.003441
0.005112
0.006510
0.007759
0.008940
0.009843
0.010231
0.010179
0.009981
0.009785
0.009496
0.008972
0.008187
0.007153
0.005884
0.004483
0.003162
0.002047
0.001003
-0.000232
-0.001751
-0.003356
-0.004767
-0.005875
-0.006769
-0.007565
-0.008243
-0.008679
-0.008805
-0.008715
-0.008588
-0.008480
-0.008276
-0.007900
-0.007507
-0.007340
-0.007365
-0.007218
-0.006631
-0.005789
-0.005096
-0.004622
-0.003993
-0.002873
-0.001366
0.000204
0.001751
0.003463
0.005418
0.007388
0.009105
0.010558
0.011937
0.013332
0.014606
0.015533
0.016018
0.016185
0.016278
0.016429
0.016500
0.016219
0.015504
0.014609
0.013872
0.013400
0.013085
0.012859
0.012781
0.012879
0.013052
0.013190
0.013292
0.013406
0.013533
0.013648
0.013734
0.013734
0.013559
0.013236
0.012937
0.012722
0.012332
0.011446
0.010138
0.008896
0.008084
0.007535
0.006814
0.005730
0.004449
0.003174
0.001943
0.000748
-0.000351
-0.001309
-0.002180
-0.002983
-0.003611
-0.003939
-0.004000
-0.003898
-0.003619
-0.003082
-0.002375
-0.001778
-0.001488
-0.001441
-0.001501
-0.001700
-0.002146
-0.002801
-0.003537
-0.004397
-0.005577
-0.007035
-0.008317
-0.008964
-0.009032
-0.008990
-0.009144
-0.009315
-0.009165
-0.008636
-0.007944
-0.007243
-0.006502
-0.005656
-0.004751
-0.003880
-0.003088
-0.002365
-0.001653
-0.000847
0.000101
0.001030
0.001663
0.001934
0.002116
0.002450
0.002716
0.002414
0.001390
0.000114
-0.000819
-0.001295
-0.001637
-0.002021
-0.002200
-0.001838
-0.000914
0.000341
0.001779
0.003403
0.005124
0.006667
0.007829
0.008706
0.009520
0.010280
0.010726
0.010637
0.010058
0.009190
0.008199
0.007164
0.006143
0.005117
0.003966
0.002648
0.001366
0.000397
-0.000273
-0.000939
-0.001704
-0.002243
-0.002237
-0.001903
-0.001773
-0.001989
-0.002142
-0.001919
-0.001598
-0.001644
-0.002017
-0.002244
-0.002112
-0.001974
-0.002255
-0.002932
-0.003674
-0.004343
-0.005105
-0.006140
-0.007422
-0.008817
-0.010257
-0.011751
-0.013324
-0.014990
-0.016724
-0.018425
-0.019970
-0.021315
-0.022503
-0.023554
-0.024375
-0.024848
-0.024933
-0.024703
-0.024277
-0.023788
-0.023328
-0.022874
-0.022229
-0.021121
-0.019387
-0.017117
-0.014592
-0.012096
-0.009710
-0.007303
-0.004769
-0.002276
-0.000224
0.001142
0.001983
0.002630
0.003158
0.003333
0.003031
0.002520
0.002189
0.002101
0.001989
0.001669
0.001293
0.001138
0.001275
0.001528
0.001684
0.001608
0.001259
0.000692
0.000062
-0.000498
-0.001020
-0.001645
-0.002415
-0.003203
-0.003892
-0.004496
-0.005034
-0.005401
-0.005494
-0.005428
-0.005454
-0.005622
-0.005686
-0.005472
-0.005213
-0.005374
-0.006118
-0.007101
-0.007864
-0.008355
-0.008942
-0.009950
-0.011278
-0.012563
-0.013630
-0.014655
-0.015848
-0.017107
-0.018129
-0.018800
-0.019294
-0.019755
-0.020014
-0.019812
-0.019201
-0.018544
-0.018066
-0.017591
-0.016807
-0.015639
-0.014252
-0.012760
-0.011138
-0.009423
-0.007843
-0.006604
-0.005673
-0.004841
-0.003999
-0.003240
-0.002682
-0.002279
-0.001848
-0.001287
-0.000659
-0.000075
0.000485
0.001147
0.001961
0.002816
0.003589
0.004286
0.004919
0.005318
0.005214
0.004557
0.003581
0.002479
0.001174
-0.000416
-0.002002
-0.003081
-0.003472
-0.003463
-0.003341
-0.002981
-0.002073
-0.000595
0.001160
0.002974
0.004890
0.007021
0.009364
0.011864
0.014469
0.017004
0.019180
0.020852
0.022193
0.023432
0.024514
0.025201
0.025474
0.025593
0.025684
0.025489
0.024680
0.023356
0.022033
0.021147
0.020666
0.020219
0.019523
0.018665
0.017997
0.017768
0.017851
0.017878
0.017677
0.017503
0.017719
0.018309
0.018880
0.019170
0.019342
0.019652
0.020028
0.020234
0.020345
0.020758
0.021629
0.022564
0.023050
0.023049
0.022958
0.023058
0.023246
0.023284
0.023121
0.022830
0.022400
0.021750
0.020903
0.020028
0.019252
0.018498
0.017541
0.016212
0.014567
0.012892
0.011519
0.010598
0.010025
0.009593
0.009181
0.008807
0.008573
0.008569
0.008809
0.009194
0.009584
0.009937
0.010329
0.010817
0.011300
0.011621
0.011761
0.011815
0.011837
0.011799
0.011737
0.011734
0.011727
0.011473
0.010822
0.009941
0.009096
0.008291
0.007307
0.006093
0.004907
0.004014
0.003363
0.002690
0.001853
0.000938
0.000082
-0.000699
-0.001488
-0.002345
-0.003240
-0.004081
-0.004791
-0.005381
-0.005944
-0.006551
-0.007163
-0.007677
-0.008039
-0.008287
-0.008462
-0.008517
-0.008336
-0.007858
-0.007204
-0.006644
-0.006390
-0.006416
-0.006526
-0.006615
-0.006786
-0.007178
-0.007787
-0.008561
-0.009571
-0.010895
-0.012332
-0.013482
-0.014201
-0.014782
-0.015519
-0.016231
-0.016484
-0.016216
-0.015865
-0.015782
-0.015760
-0.015316
-0.014273
-0.012855
-0.011281
-0.009517
-0.007480
-0.005277
-0.003118
-0.001090
0.000835
0.002624
0.004135
0.005276
0.006097
0.006690
0.007079
0.007261
0.007283
0.007208
0.007009
0.006615
0.006086
0.005638
0.005448
0.005445
0.005403
0.005183
0.004815
0.004330
0.003663
0.002772
0.001757
0.000718
-0.000417
-0.001769
-0.003228
-0.004447
-0.005163
-0.005401
-0.005296
-0.004861
-0.004028
-0.002831
-0.001383
0.000256
0.002019
0.003686
0.005010
0.006004
0.006907
0.007772
0.008318
0.008370
0.008238
0.008397
0.008858
0.009146
0.008917
0.008321
0.007653
0.006920
0.005983
0.004943
0.004084
0.003494
0.002985
0.002436
0.001985
0.001794
0.001818
0.001883
0.001877
0.001725
0.001363
0.000871
0.000530
0.000503
0.000553
0.000290
-0.000277
-0.000695
-0.000652
-0.000357
-0.000178
-0.000108
0.000127
0.000532
0.000733
0.000470
-0.000066
-0.000530
-0.000902
-0.001445
-0.002254
-0.003059
-0.003548
-0.003754
-0.004011
-0.004563
-0.005274
-0.005745
-0.005716
-0.005301
-0.004852
-0.004569
-0.004349
-0.004031
-0.003686
-0.003560
-0.003746
-0.004099
-0.004482
-0.004957
-0.005637
-0.006466
-0.007254
-0.007912
-0.008537
-0.009300
-0.010314
-0.011603
-0.013040
-0.014347
-0.015290
-0.015920
-0.016509
-0.017187
-0.017753
-0.017940
-0.017779
-0.017546
-0.017422
-0.017325
-0.017087
-0.016672
-0.016166
-0.015689
-0.015336
-0.015137
-0.015001
-0.014782
-0.014441
-0.014078
-0.013777
-0.013487
-0.013114
-0.012674
-0.012249
-0.011890
-0.011653
-0.011681
-0.012081
-0.012735
-0.013358
-0.013798
-0.014173
-0.014678
-0.015345
-0.016058
-0.016691
-0.017169
-0.017436
-0.017478
-0.017347
-0.017093
-0.016710
-0.016177
-0.015513
-0.014717
-0.013715
-0.012489
-0.011202
-0.010059
-0.009039
-0.007877
-0.006402
-0.004778
-0.003364
-0.002405
-0.001882
-0.001593
-0.001314
-0.000957
-0.000665
-0.000718
-0.001262
-0.002152
-0.003106
-0.003955
-0.004685
-0.005303
-0.005815
-0.006284
-0.006780
-0.007211
-0.007397
-0.007355
-0.007394
-0.007775
-0.008354
-0.008707
-0.008615
-0.008282
-0.008029
-0.007887
-0.007598
-0.006970
-0.006115
-0.005294
-0.004607
-0.003912
-0.003042
-0.002024
-0.001040
-0.000207
0.000492
0.001080
0.001480
0.001586
0.001371
0.000870
0.000087
-0.000951
-0.002100
-0.003154
-0.004070
-0.005029
-0.006204
-0.007515
-0.008673
-0.009483
-0.009995
-0.010366
-0.010645
-0.010737
-0.010562
-0.010143
-0.009550
-0.008790
-0.007809
-0.006576
-0.005118
-0.003440
-0.001498
0.000676
0.002874
0.004832
0.006511
0.008131
0.009847
0.011485
0.012724
0.013556
0.014373
0.015534
0.016945
0.018191
0.019048
0.019689
0.020395
0.021195
0.021879
0.022302
0.022525
0.022684
0.022775
0.022681
0.022311
0.021678
0.020830
0.019795
0.018618
0.017382
0.016173
0.015050
0.014120
0.013528
0.013279
0.013092
0.012610
0.011820
0.011083
0.010654
0.010293
0.009540
0.008311
0.006964
0.005744
0.004489
0.003019
0.001567
0.000525
-0.000098
-0.000626
-0.001120
-0.001213
-0.000686
0.000080
0.000508
0.000513
0.000508
0.000772
0.001135
0.001332
0.001411
0.001623
0.002069
0.002634
0.003210
0.003828
0.004554
0.005338
0.005978
0.006206
0.005881
0.005131
0.004209
0.003170
0.001794
-0.000027
-0.001951
-0.003441
-0.004305
-0.004774
-0.005027
-0.004963
-0.004524
-0.003970
-0.003565
-0.003197
-0.002630
-0.002056
-0.001976
-0.002492
-0.003082
-0.003312
-0.003472
-0.004164
-0.005441
-0.006741
-0.007684
-0.008524
-0.009645
-0.010944
-0.012007
-0.012716
-0.013304
-0.013864
-0.014181
-0.014149
-0.014051
-0.014150
-0.014222
-0.013818
-0.012927
-0.012041
-0.011496
-0.011047
-0.010278
-0.009200
-0.008178
-0.007382
-0.006606
-0.005655
-0.004623
-0.003693
-0.002869
-0.002075
-0.001371
-0.000868
-0.000526
-0.000226
0.000012
0.000090
0.000125
0.000437
0.001120
0.001826
0.002168
0.002247
0.002531
0.003225
0.003978
0.004336
0.004308
0.004285
0.004465
0.004563
0.004172
0.003256
0.002093
0.000845
-0.000611
-0.002355
-0.004144
-0.005652
-0.006889
-0.008167
-0.009641
-0.011078
-0.012176
-0.012915
-0.013467
-0.013863
-0.013989
-0.013855
-0.013651
-0.013476
-0.013196
-0.012672
-0.012005
-0.011406
-0.010908
-0.010369
-0.009749
-0.009215
-0.008936
-0.008871
-0.008860
-0.008860
-0.009000
-0.009353
-0.009758
-0.009933
-0.009781
-0.009520
-0.009463
-0.009689
-0.010006
-0.010238
-0.010420
-0.010641
-0.010811
-0.010751
-0.010467
-0.010187
-0.010056
-0.009939
-0.009604
-0.008984
-0.008160
-0.007172
-0.005985
-0.004639
-0.003268
-0.001951
-0.000616
0.000823
0.002316
0.003685
0.004760
0.005506
0.006077
0.006754
0.007720
0.008867
0.009876
0.010575
0.011118
0.011742
0.012421
0.012910
0.013112
0.013193
0.013321
0.013431
0.013388
0.013252
0.013208
0.013301
0.013392
0.013408
0.013446
0.013593
0.013773
0.013890
0.014016
0.014271
0.014576
0.014697
0.014560
0.014344
0.014205
0.014033
0.013619
0.012945
0.012161
0.011311
0.010296
0.009161
0.008210
0.007691
0.007481
0.007267
0.007018
0.007022
0.007437
0.007992
0.008327
0.008480
0.008803
0.009413
0.009997
0.010269
0.010397
0.010745
0.011309
0.011691
0.011683
0.011563
0.011682
0.011932
0.011921
0.011549
0.011101
0.010738
0.010187
0.009129
0.007684
0.006272
0.005059
0.003853
0.002546
0.001402
0.000758
0.000611
0.000696
0.000872
0.001240
0.001899
0.002772
0.003740
0.004792
0.005953
0.007142
0.008200
0.009035
0.009651
0.010070
0.010291
0.010335
0.010255
0.010088
0.009833
0.009462
0.008964
0.008382
0.007835
0.007453
0.007205
0.006853
0.006226
0.005555
0.005373
0.005960
0.006989
0.007878
0.008462
0.009106
0.010141
0.011403
0.012463
0.013168
0.013730
0.014319
0.014788
0.014880
0.014594
0.014198
0.013936
0.013809
0.013645
0.013324
0.012925
0.012682
0.012781
0.013177
0.013604
0.013819
0.013822
0.013832
0.014044
0.014444
0.014854
0.015087
0.015049
0.014761
0.014295
0.013713
0.013036
0.012268
0.011463
0.010695
0.010007
0.009395
0.008875
0.008484
0.008184
0.007815
0.007233
0.006488
0.005805
0.005361
0.005126
0.004901
0.004519
0.003954
0.003314
0.002726
0.002211
0.001664
0.000990
0.000231
-0.000483
-0.001152
-0.001977
-0.003118
-0.004442
-0.005634
-0.006583
-0.007529
-0.008737
-0.010101
-0.011208
-0.011795
-0.012012
-0.012184
-0.012415
-0.012525
-0.012357
-0.011977
-0.011537
-0.011064
-0.010494
-0.009871
-0.009396
-0.009198
-0.009181
-0.009135
-0.008994
-0.008867
-0.008822
-0.008750
-0.008496
-0.008081
-0.007703
-0.007500
-0.007409
-0.007274
-0.007063
-0.006904
-0.006903
-0.007007
-0.007060
-0.006993
-0.006915
-0.007003
-0.007305
-0.007674
-0.007898
-0.007937
-0.007995
-0.008306
-0.008816
-0.009168
-0.009081
-0.008686
-0.008367
-0.008273
-0.008145
-0.007714
-0.007105
-0.006675
-0.006501
-0.006266
-0.005724
-0.005066
-0.004678
-0.004646
-0.004695
-0.004550
-0.004185
-0.003689
-0.003088
-0.002377
-0.001609
-0.000832
-0.000003
0.000942
0.001982
0.003042
0.004080
0.005046
0.005791
0.006185
0.006290
0.006285
0.006182
0.005768
0.004924
0.003898
0.003107
0.002715
0.002530
0.002309
0.002042
0.001895
0.001961
0.002139
0.002258
0.002242
0.002174
0.002190
0.002299
0.002345
0.002177
0.001843
0.001542
0.001370
0.001209
0.000908
0.000494
0.000123
-0.000127
-0.000324
-0.000546
-0.000791
-0.001023
-0.001246
-0.001480
-0.001714
-0.001900
-0.001977
-0.001906
-0.001730
-0.001604
-0.001670
-0.001879
-0.002031
-0.002041
-0.002103
-0.002442
-0.002978
-0.003399
-0.003580
-0.003748
-0.004130
-0.004602
-0.004846
-0.004805
-0.004779
-0.005017
-0.005389
-0.005567
-0.005437
-0.005190
-0.005046
-0.005033
-0.005074
-0.005153
-0.005316
-0.005532
-0.005701
-0.005803
-0.005952
-0.006244
-0.006595
-0.006810
-0.006803
-0.006664
-0.006462
-0.006096
-0.005427
-0.004521
-0.003598
-0.002737
-0.001775
-0.000634
0.000374
0.000781
0.000490
-0.000115
-0.000670
-0.001288
-0.002359
-0.003989
-0.005856
-0.007613
-0.009225
-0.010799
-0.012273
-0.013443
-0.014239
-0.014752
-0.014998
-0.014832
-0.014173
-0.013193
-0.012139
-0.011085
-0.009953
-0.008751
-0.007610
-0.006619
-0.005759
-0.005060
-0.004667
-0.004670
-0.004958
-0.005360
-0.005858
-0.006515
-0.007247
-0.007857
-0.008277
-0.008594
-0.008760
-0.008487
-0.007637
-0.006590
-0.005918
-0.005657
-0.005144
-0.003777
-0.001795
-0.000041
0.000978
0.001549
0.002209
0.002991
0.003444
0.003276
0.002686
0.001982
0.001111
-0.000224
-0.002076
-0.004080
-0.005792
-0.007054
-0.007967
-0.008656
-0.009130
-0.009331
-0.009169
-0.008520
-0.007273
-0.005438
-0.003208
-0.000937
0.000987
0.002365
0.003368
0.004395
0.005619
0.006697
0.007122
0.006854
0.006405
0.006216
0.006156
0.005839
0.005258
0.004814
0.004701
0.004612
0.004174
0.003463
0.002845
0.002467
0.002131
0.001631
0.000982
0.000255
-0.000587
-0.001569
-0.002569
-0.003470
-0.004357
-0.005408
-0.006605
-0.007685
-0.008398
-0.008730
-0.008816
-0.008776
-0.008650
-0.008433
-0.008091
-0.007590
-0.006980
-0.006418
-0.006055
-0.005893
-0.005795
-0.005645
-0.005431
-0.005219
-0.005090
-0.005101
-0.005218
-0.005261
-0.005043
-0.004567
-0.004042
-0.003609
-0.003145
-0.002440
-0.001536
-0.000739
-0.000260
0.000022
0.000335
0.000655
0.000709
0.000345
-0.000258
-0.000812
-0.001245
-0.001718
-0.002332
-0.002956
-0.003355
-0.003432
-0.003294
-0.003113
-0.002976
-0.002853
-0.002656
-0.002328
-0.001920
-0.001567
-0.001362
-0.001238
-0.001027
-0.000676
-0.000325
-0.000137
-0.000058
0.000118
0.000457
0.000753
0.000773
0.000545
0.000282
0.000066
-0.000257
-0.000830
-0.001572
-0.002348
-0.003220
-0.004353
-0.005664
-0.006787
-0.007482
-0.007933
-0.008492
-0.009230
-0.009913
-0.010403
-0.010841
-0.011380
-0.011916
-0.012253
-0.012405
-0.012547
-0.012711
-0.012713
-0.012412
-0.011867
-0.011205
-0.010460
-0.009645
-0.008821
-0.007975
-0.006931
-0.005573
-0.004106
-0.002892
-0.001984
-0.001024
0.000308
0.001893
0.003366
0.004567
0.005614
0.006569
0.007291
0.007716
0.008057
0.008539
0.009030
0.009149
0.008765
0.008214
0.007903
0.007825
0.007602
0.006966
0.006028
0.005065
0.004191
0.003343
0.002508
0.001778
0.001189
0.000630
-0.000002
-0.000621
-0.001040
-0.001209
-0.001280
-0.001411
-0.001587
-0.001703
-0.001751
-0.001824
-0.001934
-0.001984
-0.001973
-0.002104
-0.002540
-0.003104
-0.003405
-0.003317
-0.003137
-0.003146
-0.003185
-0.002872
-0.002167
-0.001415
-0.000791
-0.000001
0.001274
0.002857
0.004286
0.005442
0.006653
0.008139
0.009678
0.010933
0.011891
0.012735
0.013464
0.013899
0.014007
0.013954
0.013814
0.013449
0.012775
0.011926
0.011065
0.010196
0.009343
0.008756
0.008676
0.008957
0.009145
0.009007
0.008782
0.008808
0.009053
0.009189
0.009023
0.008690
0.008402
0.008172
0.007860
0.007397
0.006871
0.006420
0.006087
0.005781
0.005382
0.004893
0.004491
0.004357
0.004455
0.004510
0.004290
0.003871
0.003562
0.003571
0.003806
0.004038
0.004179
0.004337
0.004619
0.004994
0.005366
0.005719
0.006135
0.006664
0.007256
0.007850
0.008474
0.009179
0.009882
0.010354
0.010456
0.010338
0.010296
0.010426
0.010535
0.010431
0.010219
0.010170
0.010361
0.010588
0.010676
0.010718
0.010916
0.011277
0.011577
0.011611
0.011353
0.010908
0.010405
0.009965
0.009639
0.009345
0.008948
0.008489
0.008218
0.008310
0.008639
0.008940
0.009164
0.009517
0.010131
0.010876
0.011555
0.012160
0.012801
0.013487
0.014092
0.014527
0.014814
0.014986
0.015000
0.014814
0.014464
0.014026
0.013530
0.012948
0.012235
0.011387
0.010478
0.009634
0.008892
0.008085
0.007000
0.005716
0.004634
0.004069
0.003859
0.003554
0.002975
0.002403
0.002175
0.002272
0.002404
0.002387
0.002251
0.002076
0.001876
0.001656
0.001429
0.001141
0.000714
0.000194
-0.000272
-0.000655
-0.001096
-0.001641
-0.002071
-0.002201
-0.002247
-0.002657
-0.003545
-0.004529
-0.005235
-0.005755
-0.006454
-0.007409
-0.008314
-0.008909
-0.009261
-0.009536
-0.009692
-0.009591
-0.009322
-0.009165
-0.009218
-0.009220
-0.008883
-0.008300
-0.007865
-0.007799
-0.007875
-0.007703
-0.007194
-0.006625
-0.006241
-0.005955
-0.005498
-0.004792
-0.004061
-0.003546
-0.003241
-0.002951
-0.002547
-0.002091
-0.001748
-0.001619
-0.001674
-0.001787
-0.001841
-0.001837
-0.001887
-0.002074
-0.002334
-0.002535
-0.002638
-0.002733
-0.002871
-0.002977
-0.002980
-0.002955
-0.003035
-0.003208
-0.003313
-0.003254
-0.003104
-0.002951
-0.002726
-0.002281
-0.001611
-0.000893
-0.000287
0.000223
0.000760
0.001359
0.001911
0.002273
0.002389
0.002330
0.002226
0.002163
0.002091
0.001864
0.001404
0.000823
0.000340
0.000050
-0.000187
-0.000622
-0.001406
-0.002493
-0.003713
-0.004867
-0.005832
-0.006652
-0.007502
-0.008507
-0.009567
-0.010455
-0.011064
-0.011495
-0.011843
-0.012048
-0.012038
-0.011916
-0.011836
-0.011720
-0.011293
-0.010463
-0.009516
-0.008817
-0.008357
-0.007787
-0.006883
-0.005798
-0.004828
-0.004033
-0.003266
-0.002492
-0.001901
-0.001634
-0.001547
-0.001395
-0.001214
-0.001328
-0.001902
-0.002629
-0.003057
-0.003152
-0.003324
-0.003864
-0.004533
-0.004881
-0.004811
-0.004613
-0.004476
-0.004250
-0.003756
-0.003098
-0.002479
-0.001880
-0.001148
-0.000315
0.000423
0.001017
0.001597
0.002125
0.002308
0.002021
0.001593
0.001379
0.001207
0.000602
-0.000461
-0.001369
-0.001600
-0.001323
-0.001067
-0.000983
-0.000753
-0.000156
0.000636
0.001358
0.001963
0.002521
0.003020
0.003463
0.003978
0.004624
0.005178
0.005360
0.005231
0.005142
0.005250
0.005293
0.004970
0.004351
0.003761
0.003360
0.003039
0.002685
0.002328
0.002013
0.001704
0.001426
0.001373
0.001711
0.002324
0.002870
0.003138
0.003239
0.003407
0.003719
0.004048
0.004248
0.004290
0.004254
0.004265
0.004423
0.004708
0.004938
0.004922
0.004684
0.004434
0.004284
0.004120
0.003853
0.003645
0.003673
0.003759
0.003505
0.002829
0.002115
0.001680
0.001360
0.000842
0.000206
-0.000207
-0.000376
-0.000658
-0.001187
-0.001578
-0.001470
-0.001071
-0.000842
-0.000768
-0.000344
0.000678
0.001880
0.002666
0.002942
0.003061
0.003248
0.003340
0.003105
0.002582
0.001974
0.001354
0.000646
-0.000133
-0.000800
-0.001238
-0.001586
-0.002043
-0.002544
-0.002802
-0.002715
-0.002534
-0.002483
-0.002376
-0.001844
-0.000891
0.000050
0.000719
0.001393
0.002456
0.003793
0.004900
0.005509
0.005818
0.006054
0.006122
0.005845
0.005344
0.004922
0.004685
0.004469
0.004144
0.003798
0.003571
0.003447
0.003283
0.002963
0.002478
0.001923
0.001457
0.001180
0.000993
0.000676
0.000189
-0.000184
-0.000159
0.000127
0.000224
-0.000042
-0.000264
0.000074
0.000905
0.001607
0.001732
0.001510
0.001478
0.001774
0.002024
0.001903
0.001553
0.001347
0.001419
0.001595
0.001719
0.001855
0.002136
0.002552
0.002973
0.003298
0.003538
0.003788
0.004129
0.004520
0.004774
0.004703
0.004326
0.003878
0.003547
0.003283
0.002916
0.002402
0.001844
0.001306
0.000737
-0.000056
-0.000816
-0.001532
-0.002152
-0.002642
-0.002970
-0.003166
-0.003341
-0.003554
-0.003710
-0.003657
-0.003401
-0.003104
-0.002868
-0.002594
-0.002126
-0.001490
-0.000875
-0.000419
-0.000064
0.000300
0.000643
0.000834
0.000848
0.000828
0.000887
0.000941
0.000853
0.000685
0.000648
0.000791
0.000892
0.000762
0.000554
0.000594
0.000944
0.001294
0.001327
0.001060
0.000728
0.000435
0.000073
-0.000454
-0.001083
-0.001689
-0.002242
-0.002788
-0.003342
-0.003859
-0.004288
-0.004589
-0.004706
-0.004608
-0.004362
-0.004113
-0.003924
-0.003703
-0.003348
-0.002932
-0.002656
-0.002612
-0.002680
-0.002723
-0.002778
-0.002973
-0.003309
-0.003637
-0.003858
-0.004036
-0.004276
-0.004587
-0.004896
-0.005136
-0.005248
-0.005175
-0.004941
-0.004700
-0.004609
-0.004647
-0.004654
-0.004551
-0.004434
-0.004434
-0.004578
-0.004809
-0.005083
-0.005357
-0.005565
-0.005674
-0.005753
-0.005915
-0.006179
-0.006444
-0.006595
-0.006593
-0.006462
-0.006244
-0.005984
-0.005706
-0.005389
-0.005020
-0.004660
-0.004427
-0.004367
-0.004414
-0.004498
-0.004631
-0.004841
-0.005072
-0.005251
-0.005422
-0.005713
-0.006113
-0.006416
-0.006448
-0.006310
-0.006257
-0.006369
-0.006452
-0.006325
-0.006070
-0.005921
-0.005937
-0.005941
-0.005778
-0.005531
-0.005392
-0.005397
-0.005396
-0.005255
-0.005004
-0.004758
-0.004560
-0.004376
-0.004171
-0.003946
-0.003698
-0.003416
-0.003115
-0.002837
-0.002590
-0.002346
-0.002109
-0.001941
-0.001878
-0.001853
-0.001768
-0.001631
-0.001564
-0.001648
-0.001831
-0.002013
-0.002174
-0.002374
-0.002631
-0.002901
-0.003151
-0.003412
-0.003699
-0.003955
-0.004116
-0.004218
-0.004356
-0.004557
-0.004722
-0.004742
-0.004612
-0.004423
-0.004259
-0.004140
-0.004040
-0.003914
-0.003721
-0.003458
-0.003178
-0.002947
-0.002760
-0.002548
-0.002265
-0.001965
-0.001739
-0.001605
-0.001490
-0.001343
-0.001226
-0.001250
-0.001421
-0.001593
-0.001619
-0.001517
-0.001437
-0.001474
-0.001553
-0.001528
-0.001367
-0.001163
-0.000997
-0.000843
-0.000643
-0.000400
-0.000166
0.000048
0.000254
0.000440
0.000572
0.000663
0.000775
0.000931
0.001075
0.001160
0.001220
0.001318
0.001451
0.001564
0.001653
0.001784
0.001987
0.002215
0.002412
0.002595
0.002806
0.003020
0.003159
0.003192
0.003180
0.003198
0.003253
0.003296
0.003309
0.003314
0.003335
0.003364
0.003386
0.003398
0.003413
0.003434
0.003455
0.003470
0.003484
0.003500
0.003517
0.003532
0.003546
0.003560
0.003574
0.003587
0.003600
0.003612
0.003624
0.003635
0.003646
0.003656
0.003666
0.003675
0.003684
0.003692
0.003700
0.003708
0.003715
0.003721
0.003727
0.003733
0.003737
0.003742
0.003746
0.003750
0.003753
0.003755
0.003757
0.003759
0.003760
0.003761
0.003761
0.003760
0.003759
0.003758
0.003756
0.003754
0.003751
0.003747
0.003744
0.003739
0.003735
0.003729
0.003724
0.003717
