-0.001225
-0.001222
-0.001219
-0.001215
-0.001212
-0.001208
-0.001205
-0.001201
-0.001198
-0.001195
-0.001192
-0.001188
-0.001185
-0.001181
-0.001178
-0.001174
-0.001171
-0.001168
-0.001165
-0.001161
-0.001158
-0.001155
-0.001152
-0.001148
-0.001146
-0.001143
-0.001140
-0.001138
-0.001134
-0.001131
-0.001129
-0.001126
-0.001123
-0.001119
-0.001116
-0.001114
-0.001111
-0.001106
-0.001102
-0.001099
-0.001096
-0.001093
-0.001089
-0.001086
-0.001085
-0.001086
-0.001086
-0.001085
-0.001084
-0.001079
-0.001073
-0.001070
-0.001070
-0.001066
-0.001061
-0.001058
-0.001055
-0.001049
-0.001042
-0.001037
-0.001037
-0.001036
-0.001029
-0.001023
-0.001023
-0.001028
-0.001028
-0.001025
-0.001025
-0.001025
-0.001021
-0.001018
-0.001019
-0.001018
-0.001008
-0.001000
-0.000997
-0.000994
-0.000992
-0.000989
-0.000984
-0.000981
-0.000987
-0.000985
-0.000985
-0.000985
-0.000977
-0.000975
-0.000982
-0.000984
-0.000976
-0.000970
-0.000969
-0.000962
-0.000952
-0.000960
-0.000974
-0.000971
-0.000951
-0.000935
-0.000927
-0.000921
-0.000920
-0.000933
-0.000949
-0.000956
-0.000949
-0.000937
-0.000932
-0.000937
-0.000942
-0.000933
-0.000928
-0.000933
-0.000928
-0.000924
-0.000926
-0.000912
-0.000883
-0.000861
-0.000862
-0.000868
-0.000860
-0.000871
-0.000892
-0.000898
-0.000898
-0.000901
-0.000903
-0.000898
-0.000894
-0.000900
-0.000901
-0.000884
-0.000871
-0.000883
-0.000905
-0.000908
-0.000874
-0.000825
-0.000801
-0.000816
-0.000832
-0.000837
-0.000824
-0.000815
-0.000824
-0.000842
-0.000854
-0.000856
-0.000859
-0.000866
-0.000859
-0.000849
-0.000857
-0.000868
-0.000869
-0.000843
-0.000801
-0.000776
-0.000770
-0.000764
-0.000773
-0.000789
-0.000800
-0.000794
-0.000799
-0.000825
-0.000841
-0.000832
-0.000829
-0.000827
-0.000810
-0.000803
-0.000811
-0.000803
-0.000787
-0.000788
-0.000774
-0.000762
-0.000759
-0.000738
-0.000731
-0.000733
-0.000713
-0.000686
-0.000688
-0.000701
-0.000723
-0.000766
-0.000780
-0.000765
-0.000762
-0.000777
-0.000787
-0.000770
-0.000759
-0.000723
-0.000679
-0.000693
-0.000733
-0.000733
-0.000706
-0.000693
-0.000672
-0.000660
-0.000711
-0.000757
-0.000719
-0.000689
-0.000706
-0.000728
-0.000744
-0.000753
-0.000736
-0.000709
-0.000713
-0.000724
-0.000682
-0.000640
-0.000649
-0.000647
-0.000638
-0.000651
-0.000656
-0.000660
-0.000664
-0.000657
-0.000672
-0.000726
-0.000739
-0.000718
-0.000732
-0.000724
-0.000680
-0.000640
-0.000636
-0.000674
-0.000678
-0.000623
-0.000596
-0.000599
-0.000571
-0.000526
-0.000525
-0.000556
-0.000595
-0.000626
-0.000647
-0.000675
-0.000668
-0.000616
-0.000618
-0.000669
-0.000683
-0.000663
-0.000625
-0.000607
-0.000625
-0.000612
-0.000556
-0.000553
-0.000553
-0.000504
-0.000446
-0.000441
-0.000484
-0.000479
-0.000486
-0.000520
-0.000547
-0.000558
-0.000581
-0.000633
-0.000627
-0.000562
-0.000516
-0.000494
-0.000498
-0.000536
-0.000529
-0.000498
-0.000458
-0.000393
-0.000411
-0.000487
-0.000512
-0.000522
-0.000530
-0.000516
-0.000529
-0.000562
-0.000560
-0.000553
-0.000521
-0.000503
-0.000517
-0.000527
-0.000516
-0.000486
-0.000446
-0.000418
-0.000393
-0.000397
-0.000432
-0.000453
-0.000453
-0.000429
-0.000447
-0.000484
-0.000495
-0.000511
-0.000507
-0.000516
-0.000487
-0.000436
-0.000450
-0.000500
-0.000464
-0.000388
-0.000362
-0.000375
-0.000337
-0.000283
-0.000321
-0.000384
-0.000397
-0.000326
-0.000254
-0.000303
-0.000391
-0.000418
-0.000416
-0.000429
-0.000449
-0.000419
-0.000410
-0.000414
-0.000366
-0.000345
-0.000355
-0.000315
-0.000199
-0.000107
-0.000167
-0.000270
-0.000272
-0.000227
-0.000223
-0.000287
-0.000334
-0.000284
-0.000251
-0.000297
-0.000341
-0.000338
-0.000354
-0.000390
-0.000343
-0.000240
-0.000217
-0.000259
-0.000239
-0.000173
-0.000136
-0.000174
-0.000220
-0.000201
-0.000171
-0.000214
-0.000278
-0.000268
-0.000242
-0.000299
-0.000327
-0.000247
-0.000190
-0.000199
-0.000219
-0.000259
-0.000288
-0.000263
-0.000183
-0.000130
-0.000113
-0.000089
-0.000099
-0.000165
-0.000218
-0.000247
-0.000271
-0.000251
-0.000198
-0.000191
-0.000210
-0.000189
-0.000145
-0.000139
-0.000209
-0.000232
-0.000225
-0.000247
-0.000236
-0.000149
-0.000078
-0.000053
-0.000052
-0.000030
-0.000042
-0.000139
-0.000227
-0.000243
-0.000227
-0.000216
-0.000188
-0.000126
-0.000079
-0.000060
-0.000071
-0.000079
-0.000091
-0.000136
-0.000147
-0.000009
0.000107
0.000040
-0.000053
-0.000054
0.000022
0.000014
-0.000089
-0.000142
-0.000081
-0.000043
-0.000107
-0.000176
-0.000107
-0.000010
-0.000032
-0.000120
-0.000146
-0.000092
-0.000030
0.000016
0.000047
0.000057
0.000059
0.000072
0.000071
0.000063
0.000052
0.000014
-0.000033
-0.000081
-0.000107
-0.000094
-0.000057
-0.000033
-0.000027
-0.000030
0.000027
0.000086
0.000071
0.000016
0.000014
0.000030
0.000042
0.000062
0.000052
0.000038
0.000040
0.000021
-0.000011
-0.000021
-0.000046
-0.000059
0.000001
0.000058
0.000038
-0.000019
-0.000043
-0.000038
-0.000003
0.000038
0.000106
0.000178
0.000152
0.000133
0.000181
0.000209
0.000179
0.000101
0.000041
0.000036
0.000029
0.000011
0.000040
0.000029
0.000013
0.000079
0.000130
0.000112
0.000065
0.000067
0.000126
0.000193
0.000207
0.000186
0.000175
0.000182
0.000174
0.000119
0.000070
0.000049
0.000012
-0.000012
0.000022
0.000085
0.000126
0.000095
0.000085
0.000098
0.000070
0.000091
0.000192
0.000243
0.000220
0.000207
0.000239
0.000223
0.000180
0.000208
0.000268
0.000223
0.000113
0.000062
0.000087
0.000123
0.000137
0.000121
0.000096
0.000104
0.000141
0.000179
0.000212
0.000232
0.000210
0.000226
0.000270
0.000246
0.000175
0.000120
0.000140
0.000206
0.000217
0.000168
0.000164
0.000231
0.000246
0.000158
0.000118
0.000176
0.000236
0.000275
0.000299
0.000285
0.000232
0.000253
0.000330
0.000343
0.000301
0.000262
0.000235
0.000223
0.000231
0.000232
0.000200
0.000160
0.000161
0.000172
0.000168
0.000199
0.000192
0.000155
0.000218
0.000324
0.000325
0.000316
0.000353
0.000354
0.000300
0.000253
0.000281
0.000290
0.000242
0.000200
0.000174
0.000157
0.000175
0.000172
0.000207
0.000301
0.000337
0.000272
0.000239
0.000267
0.000272
0.000297
0.000375
0.000443
0.000439
0.000369
0.000305
0.000320
0.000349
0.000338
0.000287
0.000250
0.000255
0.000264
0.000260
0.000262
0.000245
0.000215
0.000226
0.000303
0.000358
0.000380
0.000397
0.000394
0.000406
0.000409
0.000386
0.000340
0.000294
0.000293
0.000314
0.000305
0.000256
0.000212
0.000251
0.000289
0.000286
0.000299
0.000313
0.000341
0.000340
0.000316
0.000358
0.000438
0.000482
0.000440
0.000372
0.000336
0.000256
0.000183
0.000194
0.000231
0.000255
0.000301
0.000340
0.000344
0.000325
0.000316
0.000345
0.000385
0.000389
0.000393
0.000403
0.000425
0.000422
0.000389
0.000395
0.000425
0.000364
0.000270
0.000254
0.000287
0.000316
0.000329
0.000361
0.000389
0.000372
0.000345
0.000335
0.000364
0.000394
0.000373
0.000350
0.000390
0.000448
0.000441
0.000400
0.000410
0.000417
0.000357
0.000304
0.000327
0.000366
0.000356
0.000335
0.000330
0.000315
0.000301
0.000289
0.000326
0.000397
0.000459
0.000501
0.000513
0.000502
0.000477
0.000465
0.000473
0.000431
0.000386
0.000391
0.000400
0.000350
0.000291
0.000340
0.000406
0.000375
0.000335
0.000361
0.000409
0.000407
0.000366
0.000408
0.000503
0.000517
0.000454
0.000417
0.000432
0.000436
0.000373
0.000321
0.000369
0.000440
0.000447
0.000410
0.000394
0.000419
0.000434
0.000394
0.000379
0.000410
0.000472
0.000543
0.000561
0.000536
0.000509
0.000492
0.000473
0.000447
0.000412
0.000342
0.000336
0.000366
0.000375
0.000382
0.000345
0.000294
0.000349
0.000429
0.000463
0.000471
0.000474
0.000487
0.000501
0.000521
0.000563
0.000592
0.000527
0.000423
0.000398
0.000393
0.000402
0.000407
0.000363
0.000327
0.000329
0.000397
0.000467
0.000503
0.000542
0.000541
0.000480
0.000477
0.000553
0.000603
0.000594
0.000590
0.000599
0.000572
0.000517
0.000498
0.000466
0.000422
0.000395
0.000349
0.000358
0.000436
0.000440
0.000404
0.000405
0.000410
0.000418
0.000444
0.000493
0.000527
0.000519
0.000505
0.000531
0.000540
0.000504
0.000473
0.000478
0.000462
0.000413
0.000396
0.000421
0.000449
0.000453
0.000418
0.000370
0.000390
0.000443
0.000497
0.000519
0.000513
0.000501
0.000524
0.000549
0.000525
0.000449
0.000421
0.000492
0.000533
0.000502
0.000412
0.000341
0.000402
0.000477
0.000522
0.000522
0.000505
0.000498
0.000486
0.000511
0.000552
0.000530
0.000482
0.000529
0.000588
0.000532
0.000422
0.000382
0.000461
0.000507
0.000424
0.000349
0.000368
0.000439
0.000513
0.000528
0.000486
0.000465
0.000471
0.000535
0.000583
0.000588
0.000603
0.000595
0.000570
0.000582
0.000580
0.000545
0.000500
0.000433
0.000361
0.000379
0.000429
0.000413
0.000402
0.000466
0.000515
0.000524
0.000534
0.000545
0.000563
0.000556
0.000530
0.000559
0.000612
0.000603
0.000515
0.000452
0.000449
0.000426
0.000384
0.000375
0.000423
0.000481
0.000503
0.000530
0.000568
0.000543
0.000499
0.000526
0.000565
0.000586
0.000571
0.000532
0.000515
0.000529
0.000549
0.000532
0.000501
0.000464
0.000411
0.000397
0.000440
0.000499
0.000492
0.000475
0.000461
0.000444
0.000458
0.000525
0.000630
0.000626
0.000521
0.000471
0.000536
0.000582
0.000535
0.000461
0.000432
0.000494
0.000515
0.000454
0.000416
0.000430
0.000461
0.000481
0.000503
0.000548
0.000542
0.000476
0.000459
0.000501
0.000517
0.000515
0.000516
0.000526
0.000507
0.000460
0.000449
0.000477
0.000493
0.000471
0.000476
0.000446
0.000366
0.000355
0.000438
0.000515
0.000555
0.000586
0.000594
0.000543
0.000493
0.000521
0.000634
0.000652
0.000489
0.000288
0.000237
0.000308
0.000361
0.000446
0.000549
0.000515
0.000346
0.000237
0.000302
0.000430
0.000447
0.000373
0.000354
0.000460
0.000540
0.000592
0.000718
0.000797
0.000686
0.000473
0.000328
0.000373
0.000534
0.000560
0.000404
0.000243
0.000276
0.000513
0.000779
0.000898
0.000910
0.000818
0.000647
0.000473
0.000386
0.000570
0.000902
0.001091
0.001091
0.001034
0.000913
0.000589
0.000208
0.000256
0.000749
0.001136
0.001163
0.001020
0.000797
0.000386
-0.000053
-0.000015
0.000579
0.001093
0.000998
0.000489
0.000098
0.000025
0.000055
0.000107
0.000420
0.000875
0.001030
0.000581
-0.000195
-0.000745
-0.000769
-0.000345
0.000301
0.000886
0.001075
0.000747
0.000166
-0.000246
-0.000264
0.000022
0.000397
0.000695
0.000778
0.000568
0.000124
-0.000276
-0.000158
0.000514
0.001107
0.001007
0.000321
-0.000342
-0.000475
-0.000121
0.000431
0.000730
0.000482
-0.000047
-0.000321
-0.000037
0.000534
0.000882
0.000914
0.000869
0.000867
0.000837
0.000656
0.000198
-0.000392
-0.000766
-0.000800
-0.000511
-0.000062
0.000276
0.000438
0.000524
0.000535
0.000336
0.000040
0.000037
0.000443
0.000886
0.000721
-0.000079
-0.000686
-0.000465
0.000275
0.000821
0.000813
0.000438
0.000044
-0.000093
0.000091
0.000433
0.000761
0.000947
0.000848
0.000454
-0.000047
-0.000253
0.000078
0.000729
0.001090
0.000698
-0.000346
-0.001163
-0.000885
0.000302
0.001374
0.001526
0.000896
0.000213
0.000038
0.000222
0.000254
-0.000056
-0.000521
-0.000817
-0.000746
-0.000521
-0.000352
-0.000199
0.000106
0.000406
0.000149
-0.000801
-0.001682
-0.001681
-0.001000
-0.000431
-0.000275
-0.000377
-0.000464
-0.000402
-0.000208
0.000066
0.000439
0.000876
0.001116
0.000921
0.000588
0.000716
0.001415
0.002015
0.001952
0.001458
0.001074
0.000969
0.000922
0.000736
0.000536
0.000558
0.000989
0.001744
0.002276
0.001786
0.000303
-0.000921
-0.000824
0.000066
0.000440
-0.000172
-0.001011
-0.001059
-0.000574
-0.000794
-0.002178
-0.003739
-0.004217
-0.003466
-0.002319
-0.001560
-0.001422
-0.001886
-0.002756
-0.003526
-0.003612
-0.002702
-0.000961
0.000709
0.000940
-0.000849
-0.003585
-0.005152
-0.004160
-0.001515
0.000325
0.000060
-0.001402
-0.002313
-0.002085
-0.001626
-0.001599
-0.001465
-0.000690
0.000167
0.000209
-0.000626
-0.001752
-0.002677
-0.003152
-0.002790
-0.001677
-0.000901
-0.001457
-0.003142
-0.004957
-0.006295
-0.007089
-0.006896
-0.005248
-0.002944
-0.001914
-0.003288
-0.005726
-0.006651
-0.004933
-0.001961
-0.000218
-0.000818
-0.002748
-0.004176
-0.004147
-0.003077
-0.001930
-0.001105
-0.000456
0.000009
0.000080
-0.000295
-0.000754
-0.000759
-0.000199
0.000774
0.002026
0.002973
0.002812
0.001473
-0.000174
-0.000864
0.000155
0.002287
0.003801
0.003652
0.002234
0.000473
-0.000982
-0.001811
-0.001782
-0.001275
-0.001134
-0.001677
-0.002578
-0.003822
-0.005501
-0.006855
-0.006685
-0.005049
-0.003461
-0.003293
-0.004732
-0.006590
-0.007066
-0.005453
-0.002945
-0.001429
-0.002063
-0.004501
-0.006916
-0.007493
-0.005747
-0.002546
0.000443
0.001622
0.000367
-0.002490
-0.005201
-0.006270
-0.005185
-0.002581
-0.000243
-0.000216
-0.002652
-0.005263
-0.005748
-0.004282
-0.002585
-0.001583
-0.000935
-0.000402
-0.000501
-0.001565
-0.003151
-0.004726
-0.006305
-0.007820
-0.008596
-0.008255
-0.007527
-0.007507
-0.008151
-0.008343
-0.007714
-0.007184
-0.007445
-0.007990
-0.007992
-0.007366
-0.006732
-0.006435
-0.006402
-0.006355
-0.006200
-0.006330
-0.006836
-0.006674
-0.005074
-0.003441
-0.004160
-0.007471
-0.011069
-0.012402
-0.010554
-0.006433
-0.001882
0.001239
0.001785
-0.000024
-0.002881
-0.005287
-0.006141
-0.005586
-0.005206
-0.006419
-0.009054
-0.011735
-0.013367
-0.013707
-0.012974
-0.011955
-0.011909
-0.013267
-0.014887
-0.015311
-0.014692
-0.014220
-0.013709
-0.011439
-0.006569
-0.001387
-0.000284
-0.005500
-0.013803
-0.019004
-0.017695
-0.012186
-0.007976
-0.008211
-0.011377
-0.013338
-0.010545
-0.002954
0.005225
0.008011
0.002254
-0.008485
-0.016238
-0.016311
-0.010790
-0.004513
-0.000808
-0.001097
-0.004869
-0.008813
-0.008937
-0.004877
-0.000272
0.001445
0.000454
-0.000752
-0.000742
-0.000053
0.000282
0.000110
-0.000091
-0.000107
-0.000256
-0.001441
-0.004416
-0.008749
-0.012598
-0.013944
-0.012267
-0.009575
-0.008791
-0.010316
-0.011632
-0.010674
-0.008509
-0.007530
-0.007994
-0.008095
-0.007206
-0.006508
-0.006523
-0.006671
-0.007015
-0.008915
-0.013202
-0.018199
-0.020980
-0.020293
-0.017275
-0.013642
-0.010415
-0.008158
-0.006622
-0.004348
-0.000477
0.003175
0.003559
-0.000260
-0.005640
-0.008711
-0.007692
-0.003505
0.001749
0.006040
0.008016
0.007472
0.005062
0.001785
-0.000760
-0.001053
0.000734
0.002907
0.004128
0.004352
0.004129
0.003899
0.003781
0.003658
0.003269
0.002269
0.000779
-0.000542
-0.001631
-0.003209
-0.005457
-0.007740
-0.009800
-0.012135
-0.014956
-0.017835
-0.020513
-0.023052
-0.024643
-0.023578
-0.019401
-0.014292
-0.011364
-0.011642
-0.013589
-0.015162
-0.014912
-0.012156
-0.007722
-0.003994
-0.003193
-0.005331
-0.007972
-0.008362
-0.005704
-0.001449
0.001724
0.001940
-0.000394
-0.003551
-0.005886
-0.005957
-0.003763
-0.001640
-0.001309
-0.001688
-0.001241
-0.001045
-0.004368
-0.012046
-0.019913
-0.023285
-0.021985
-0.018866
-0.015530
-0.012231
-0.009538
-0.007545
-0.005603
-0.003665
-0.001821
0.000077
0.001791
0.002756
0.002513
0.000873
-0.002172
-0.006106
-0.010075
-0.013207
-0.014667
-0.014391
-0.013090
-0.011054
-0.007673
-0.003062
0.000967
0.002187
-0.000185
-0.005145
-0.010853
-0.015609
-0.018316
-0.018692
-0.017130
-0.014650
-0.012898
-0.012864
-0.013324
-0.011610
-0.006151
0.001772
0.008279
0.009465
0.004533
-0.003206
-0.008917
-0.010250
-0.008685
-0.007673
-0.009874
-0.015129
-0.020463
-0.022796
-0.021097
-0.015933
-0.010004
-0.007721
-0.010866
-0.016036
-0.017932
-0.013987
-0.006660
-0.001989
-0.004157
-0.011274
-0.018116
-0.021811
-0.023310
-0.024155
-0.024500
-0.024249
-0.023543
-0.021816
-0.018098
-0.012782
-0.007401
-0.002368
0.002919
0.008026
0.011651
0.013673
0.015662
0.018497
0.019871
0.016821
0.010821
0.006895
0.008108
0.013797
0.021355
0.027400
0.029792
0.029844
0.030382
0.030885
0.027516
0.018327
0.006632
-0.001025
-0.000806
0.003923
0.005577
0.000386
-0.008042
-0.013370
-0.013517
-0.011516
-0.010255
-0.010056
-0.011441
-0.015246
-0.019061
-0.018900
-0.015017
-0.011449
-0.009980
-0.008353
-0.005449
-0.005770
-0.014502
-0.028197
-0.036582
-0.034995
-0.029442
-0.027425
-0.028535
-0.027299
-0.021474
-0.013612
-0.006644
-0.001601
0.000713
-0.001193
-0.006635
-0.011197
-0.010454
-0.004467
0.002322
0.006255
0.008632
0.013258
0.021012
0.028166
0.029815
0.024903
0.016876
0.009519
0.004366
0.001647
0.001004
0.000933
0.000241
0.000577
0.005017
0.014127
0.025424
0.035679
0.042673
0.045962
0.046703
0.045957
0.043955
0.041357
0.039159
0.037046
0.034014
0.030028
0.025670
0.021245
0.017263
0.014461
0.013134
0.012639
0.011854
0.010481
0.009587
0.010170
0.011526
0.011965
0.011191
0.011146
0.014093
0.019686
0.024833
0.027371
0.029050
0.033087
0.039379
0.044105
0.044203
0.041109
0.039109
0.040331
0.042662
0.042841
0.040119
0.036353
0.033521
0.031872
0.030484
0.028427
0.025096
0.020778
0.017492
0.017833
0.022607
0.030602
0.039902
0.048752
0.056026
0.061569
0.065814
0.068753
0.069365
0.066363
0.059507
0.050167
0.040172
0.029744
0.017890
0.005167
-0.005427
-0.010957
-0.011348
-0.009038
-0.006387
-0.003415
0.002175
0.012124
0.025129
0.037761
0.047636
0.055508
0.063266
0.070527
0.075665
0.079124
0.082341
0.084792
0.084706
0.081180
0.074678
0.066806
0.059550
0.053789
0.048691
0.043201
0.037455
0.032480
0.028931
0.027159
0.027711
0.030391
0.034068
0.037557
0.040043
0.040894
0.039751
0.037054
0.033929
0.031155
0.028449
0.024974
0.020618
0.016073
0.011393
0.005619
-0.001185
-0.006891
-0.009650
-0.009953
-0.009424
-0.008620
-0.006710
-0.002638
0.003495
0.010576
0.017493
0.023125
0.025962
0.025503
0.023857
0.024012
0.026305
0.028215
0.027725
0.025481
0.024007
0.025585
0.030563
0.036941
0.042094
0.045600
0.049427
0.055274
0.062602
0.069951
0.076947
0.083631
0.088771
0.090628
0.089777
0.089069
0.089841
0.090170
0.087759
0.083136
0.078777
0.076372
0.075409
0.073725
0.069853
0.064871
0.061220
0.058972
0.055417
0.049331
0.043155
0.039665
0.038417
0.036825
0.033078
0.027437
0.021769
0.017820
0.015568
0.013754
0.011707
0.009829
0.008303
0.006440
0.003278
-0.001316
-0.005646
-0.006344
-0.001843
0.003542
0.003622
-0.001648
-0.006992
-0.010169
-0.013964
-0.018616
-0.017868
-0.008576
0.001364
0.002912
-0.002501
-0.007789
-0.011161
-0.015419
-0.020323
-0.022496
-0.021236
-0.020528
-0.024389
-0.030517
-0.032501
-0.029640
-0.027717
-0.029117
-0.030744
-0.030312
-0.028193
-0.027383
-0.029554
-0.030898
-0.028078
-0.024335
-0.024184
-0.026577
-0.027810
-0.027187
-0.027121
-0.028770
-0.028955
-0.024032
-0.015729
-0.011198
-0.014427
-0.020094
-0.020233
-0.014463
-0.008846
-0.006281
-0.005035
-0.004229
-0.004294
-0.004495
-0.004026
-0.003341
-0.003397
-0.004938
-0.007852
-0.010306
-0.008853
-0.000810
0.011675
0.020816
0.020996
0.015906
0.013118
0.014261
0.015122
0.012946
0.008772
0.003995
-0.000813
-0.004489
-0.006266
-0.007306
-0.009609
-0.013676
-0.018200
-0.021783
-0.023619
-0.023936
-0.024293
-0.025865
-0.028202
-0.030968
-0.035066
-0.041659
-0.051541
-0.063745
-0.074533
-0.080837
-0.083796
-0.087049
-0.093562
-0.104059
-0.114807
-0.119004
-0.114498
-0.107064
-0.103254
-0.103636
-0.104229
-0.100757
-0.092637
-0.083916
-0.078595
-0.076754
-0.076393
-0.076123
-0.074887
-0.071643
-0.066044
-0.058325
-0.048911
-0.038727
-0.028909
-0.019048
-0.007163
0.006865
0.020402
0.031927
0.042708
0.054058
0.065945
0.078078
0.090055
0.100960
0.110784
0.121048
0.132022
0.142071
0.150798
0.159828
0.169940
0.180101
0.190148
0.201623
0.214859
0.227477
0.237190
0.243930
0.247592
0.245780
0.236321
0.219233
0.195760
0.168589
0.141854
0.118890
0.101197
0.089566
0.083812
0.081912
0.081763
0.081879
0.079681
0.073839
0.067446
0.064173
0.062877
0.059385
0.051752
0.041129
0.028622
0.014194
-0.001580
-0.018056
-0.035663
-0.053193
-0.066330
-0.072948
-0.076666
-0.081005
-0.084379
-0.083813
-0.078781
-0.070118
-0.059481
-0.048706
-0.037989
-0.026695
-0.015020
-0.003995
0.005236
0.012492
0.019684
0.028566
0.037776
0.045011
0.051040
0.058334
0.067004
0.074923
0.080185
0.083054
0.086885
0.095276
0.106955
0.116622
0.121222
0.122288
0.123063
0.126447
0.133143
0.139813
0.142293
0.140922
0.141061
0.146298
0.152839
0.154067
0.148304
0.139898
0.134139
0.132647
0.132918
0.131713
0.128048
0.122671
0.117595
0.115011
0.114151
0.111259
0.104404
0.096760
0.093842
0.097785
0.104733
0.107458
0.101177
0.087921
0.075117
0.068741
0.067607
0.064207
0.052750
0.036298
0.021920
0.010668
-0.002077
-0.019157
-0.038796
-0.056810
-0.070518
-0.080835
-0.089600
-0.095862
-0.097477
-0.095558
-0.094285
-0.096335
-0.101947
-0.110050
-0.116140
-0.114767
-0.106989
-0.100622
-0.101247
-0.106153
-0.110677
-0.114822
-0.118941
-0.119231
-0.112958
-0.103286
-0.095220
-0.090608
-0.089110
-0.090353
-0.092557
-0.092622
-0.089483
-0.085263
-0.082975
-0.084620
-0.090059
-0.096612
-0.101233
-0.103167
-0.104099
-0.106305
-0.110341
-0.114142
-0.115196
-0.113337
-0.110842
-0.110512
-0.112851
-0.114919
-0.113074
-0.107387
-0.101607
-0.097881
-0.094087
-0.087848
-0.080671
-0.075598
-0.073504
-0.074334
-0.077975
-0.081879
-0.082271
-0.078751
-0.072904
-0.065316
-0.060931
-0.066637
-0.077372
-0.078984
-0.067940
-0.056346
-0.056036
-0.065801
-0.075583
-0.078660
-0.077265
-0.076947
-0.079349
-0.082291
-0.083767
-0.083689
-0.083682
-0.085392
-0.088481
-0.090828
-0.090828
-0.088417
-0.084098
-0.078486
-0.073279
-0.070433
-0.069840
-0.068712
-0.063901
-0.055822
-0.048903
-0.046242
-0.046207
-0.046034
-0.045265
-0.044262
-0.042619
-0.040123
-0.037630
-0.036357
-0.037095
-0.039535
-0.042148
-0.043492
-0.043314
-0.042412
-0.042145
-0.044047
-0.048134
-0.050780
-0.048596
-0.045146
-0.046609
-0.052227
-0.056732
-0.058503
-0.059695
-0.061750
-0.064656
-0.069058
-0.075191
-0.080107
-0.080014
-0.074848
-0.067190
-0.059167
-0.052098
-0.046042
-0.039660
-0.031924
-0.023209
-0.014020
-0.003565
0.009173
0.023136
0.036214
0.048353
0.060805
0.072870
0.082495
0.089537
0.095408
0.100083
0.101611
0.098804
0.092614
0.084999
0.077195
0.069299
0.060898
0.051606
0.041531
0.031307
0.021365
0.010655
-0.002918
-0.019143
-0.034473
-0.045635
-0.051687
-0.052898
-0.050476
-0.045605
-0.037846
-0.026481
-0.013014
-0.001511
0.004080
0.003695
0.000731
-0.003187
-0.010550
-0.023459
-0.039689
-0.055164
-0.068540
-0.081302
-0.094515
-0.107424
-0.117887
-0.124137
-0.127569
-0.132047
-0.139697
-0.149058
-0.156758
-0.159501
-0.156936
-0.154135
-0.157935
-0.169102
-0.180350
-0.183901
-0.180475
-0.177706
-0.179408
-0.181571
-0.180610
-0.178964
-0.178950
-0.177173
-0.168714
-0.152730
-0.131702
-0.109235
-0.088944
-0.071582
-0.054257
-0.034712
-0.014110
0.006140
0.026761
0.048246
0.069540
0.089371
0.107410
0.124742
0.141889
0.156913
0.167535
0.173729
0.177821
0.183065
0.191829
0.203611
0.214373
0.219508
0.216910
0.207141
0.192476
0.175710
0.158834
0.142683
0.127639
0.114516
0.104926
0.100440
0.100234
0.101907
0.104545
0.108085
0.110921
0.111646
0.111984
0.114961
0.120664
0.126179
0.129791
0.132468
0.135180
0.136705
0.135365
0.132719
0.133653
0.141380
0.152817
0.161127
0.162975
0.161211
0.159431
0.156965
0.151675
0.144240
0.137646
0.134806
0.136497
0.140121
0.141149
0.137069
0.128689
0.118387
0.108919
0.102115
0.097218
0.091488
0.082386
0.068450
0.049350
0.026437
0.002682
-0.018823
-0.035923
-0.048021
-0.056613
-0.064506
-0.072969
-0.080125
-0.083347
-0.083160
-0.083798
-0.089435
-0.099770
-0.110843
-0.120566
-0.130475
-0.141514
-0.151275
-0.158370
-0.166786
-0.180552
-0.197704
-0.213183
-0.224076
-0.229556
-0.229959
-0.228256
-0.228850
-0.232112
-0.233139
-0.227923
-0.217452
-0.204702
-0.192064
-0.182431
-0.177048
-0.172887
-0.166022
-0.155739
-0.143310
-0.130307
-0.119165
-0.111020
-0.102440
-0.089764
-0.076600
-0.069723
-0.067843
-0.063265
-0.054720
-0.050523
-0.054374
-0.057266
-0.052419
-0.046831
-0.047977
-0.051724
-0.051896
-0.050245
-0.050214
-0.050440
-0.048511
-0.045223
-0.043840
-0.046518
-0.051946
-0.057751
-0.063853
-0.070931
-0.077504
-0.081550
-0.083875
-0.087538
-0.093693
-0.100280
-0.105229
-0.108915
-0.112624
-0.115642
-0.115733
-0.113102
-0.111251
-0.112685
-0.116445
-0.120811
-0.125234
-0.129687
-0.134308
-0.138832
-0.142279
-0.144196
-0.145095
-0.145177
-0.143704
-0.140763
-0.138348
-0.138106
-0.139337
-0.139747
-0.137450
-0.133163
-0.129953
-0.130395
-0.134069
-0.138146
-0.140789
-0.142542
-0.143887
-0.144117
-0.143797
-0.144959
-0.147293
-0.147279
-0.142160
-0.132930
-0.123167
-0.116074
-0.111388
-0.105890
-0.098617
-0.092626
-0.089997
-0.088699
-0.086475
-0.084326
-0.083156
-0.078721
-0.064497
-0.045676
-0.042182
-0.058830
-0.069716
-0.055570
-0.031880
-0.017977
-0.008105
0.007627
0.023219
0.031395
0.036331
0.044015
0.052634
0.057824
0.060888
0.065790
0.071677
0.074785
0.074784
0.074623
0.075301
0.075233
0.075042
0.077244
0.081519
0.085279
0.087658
0.088916
0.088310
0.085978
0.084523
0.085690
0.086754
0.083134
0.075233
0.068446
0.065355
0.063473
0.060966
0.059290
0.059474
0.059445
0.056403
0.049823
0.041408
0.033222
0.026560
0.021877
0.018378
0.014437
0.009614
0.004530
-0.000779
-0.006142
-0.009933
-0.010903
-0.009340
-0.005876
-0.001247
0.003971
0.010103
0.016693
0.021024
0.021309
0.019019
0.016138
0.013314
0.011376
0.011618
0.013543
0.014562
0.013314
0.012063
0.013488
0.016803
0.019710
0.022498
0.026785
0.032163
0.037534
0.043778
0.051802
0.059972
0.066263
0.071363
0.077893
0.086943
0.096889
0.105264
0.110387
0.111974
0.112302
0.115131
0.120995
0.126095
0.127627
0.127628
0.128767
0.130101
0.130762
0.132961
0.137863
0.142420
0.143258
0.141032
0.138591
0.137993
0.139560
0.141953
0.143990
0.145173
0.144052
0.139669
0.133930
0.129273
0.125956
0.123493
0.121979
0.121358
0.121101
0.120550
0.119038
0.116049
0.111754
0.106764
0.101909
0.098309
0.096593
0.096122
0.096089
0.097343
0.101129
0.106168
0.110327
0.113711
0.117104
0.119794
0.120929
0.120106
0.117575
0.115249
0.115021
0.115955
0.116460
0.117429
0.119260
0.119891
0.118306
0.115789
0.113442
0.111554
0.110434
0.110064
0.110473
0.112417
0.115471
0.117140
0.116154
0.114052
0.112190
0.109578
0.104899
0.099714
0.097276
0.098159
0.100357
0.102983
0.106599
0.111323
0.116208
0.119897
0.121860
0.123167
0.125227
0.127737
0.129701
0.131006
0.131544
0.130802
0.129129
0.128661
0.130766
0.133358
0.133596
0.130866
0.125915
0.119408
0.111957
0.104881
0.099840
0.096661
0.093325
0.088497
0.081975
0.073820
0.064246
0.053538
0.042179
0.031246
0.021774
0.013616
0.005518
-0.003486
-0.012323
-0.018290
-0.020574
-0.021440
-0.023385
-0.026429
-0.028795
-0.029258
-0.027209
-0.022129
-0.015120
-0.009269
-0.007401
-0.010509
-0.017753
-0.027386
-0.037955
-0.048719
-0.058583
-0.065587
-0.069122
-0.071236
-0.074121
-0.077569
-0.079888
-0.079935
-0.077433
-0.072783
-0.067447
-0.063195
-0.060902
-0.060168
-0.060420
-0.061599
-0.063126
-0.063591
-0.062821
-0.063166
-0.067480
-0.075904
-0.084849
-0.089959
-0.090289
-0.088597
-0.088008
-0.089621
-0.092461
-0.094172
-0.092807
-0.089388
-0.087523
-0.089814
-0.095598
-0.102167
-0.107220
-0.110552
-0.114106
-0.120251
-0.130561
-0.145020
-0.161321
-0.176014
-0.186710
-0.192925
-0.195976
-0.198908
-0.204931
-0.214281
-0.223663
-0.229488
-0.230449
-0.227297
-0.221573
-0.214528
-0.205985
-0.193713
-0.174845
-0.148282
-0.115656
-0.079804
-0.043069
-0.006759
0.028586
0.062089
0.092103
0.118476
0.144101
0.168760
0.186304
0.195948
0.204051
0.213634
0.223936
0.236995
0.255403
0.274959
0.288075
0.294221
0.297976
0.300000
0.297174
0.287539
0.271547
0.251171
0.229185
0.206139
0.179369
0.149232
0.120693
0.097028
0.078293
0.065581
0.060718
0.062235
0.065773
0.069011
0.072704
0.077139
0.081248
0.083804
0.083856
0.081764
0.079453
0.078353
0.077930
0.076174
0.071151
0.063012
0.054506
0.048844
0.046942
0.047006
0.046677
0.045103
0.042240
0.038573
0.036312
0.038420
0.045886
0.056285
0.065021
0.069805
0.073087
0.078979
0.088543
0.098433
0.105072
0.108287
0.110185
0.112611
0.115258
0.115862
0.113259
0.108891
0.104642
0.101016
0.097533
0.093912
0.090177
0.085658
0.079373
0.072110
0.066436
0.063980
0.063238
0.060567
0.054432
0.046674
0.039497
0.034037
0.031209
0.030587
0.030403
0.030218
0.030583
0.030284
0.026689
0.019334
0.012007
0.009619
0.012646
0.016230
0.015055
0.008061
-0.001212
-0.007336
-0.007201
-0.003595
-0.002635
-0.006722
-0.012167
-0.013667
-0.009947
-0.005067
-0.004620
-0.010649
-0.020025
-0.027121
-0.028514
-0.026279
-0.025872
-0.028731
-0.030187
-0.027100
-0.022562
-0.020543
-0.020489
-0.019500
-0.016578
-0.012780
-0.009018
-0.005796
-0.003364
-0.000763
0.003783
0.009941
0.013830
0.011986
0.005940
0.000777
0.000148
0.003670
0.008053
0.009792
0.007657
0.004146
0.003044
0.004242
0.003747
-0.000205
-0.004433
-0.005591
-0.004383
-0.003735
-0.006279
-0.013353
-0.023957
-0.034480
-0.040951
-0.042121
-0.040442
-0.040652
-0.046223
-0.055838
-0.065134
-0.072102
-0.078432
-0.085710
-0.092447
-0.095678
-0.094311
-0.090601
-0.088339
-0.089765
-0.094399
-0.100049
-0.104623
-0.107355
-0.108690
-0.109662
-0.111480
-0.114507
-0.118073
-0.121794
-0.126401
-0.132525
-0.139215
-0.144647
-0.147869
-0.149536
-0.151401
-0.155091
-0.160867
-0.167245
-0.171885
-0.173596
-0.173588
-0.173944
-0.175116
-0.175698
-0.174546
-0.172289
-0.171035
-0.172666
-0.176643
-0.179707
-0.178788
-0.173892
-0.168439
-0.167088
-0.171537
-0.178680
-0.184087
-0.186188
-0.186552
-0.187813
-0.191290
-0.196377
-0.202104
-0.207620
-0.211418
-0.212701
-0.213083
-0.215352
-0.220464
-0.226691
-0.231258
-0.232501
-0.231058
-0.228710
-0.225753
-0.221068
-0.214790
-0.208343
-0.202183
-0.194969
-0.185271
-0.173926
-0.164128
-0.158476
-0.156122
-0.154210
-0.151343
-0.148262
-0.146068
-0.145213
-0.145619
-0.146477
-0.146247
-0.143847
-0.139046
-0.131941
-0.123015
-0.113077
-0.103137
-0.094358
-0.087362
-0.081236
-0.074460
-0.066954
-0.060135
-0.054987
-0.051298
-0.048590
-0.046769
-0.045469
-0.043319
-0.039444
-0.034977
-0.031402
-0.028435
-0.024840
-0.020337
-0.016050
-0.013119
-0.011652
-0.011421
-0.012633
-0.015092
-0.017045
-0.016441
-0.013477
-0.010358
-0.008566
-0.007329
-0.004981
-0.001257
0.002574
0.005292
0.006255
0.005019
0.001657
-0.002714
-0.006701
-0.010212
-0.014514
-0.020567
-0.027405
-0.032919
-0.036266
-0.037908
-0.037997
-0.036324
-0.033391
-0.029974
-0.026336
-0.022741
-0.019966
-0.018630
-0.018799
-0.020376
-0.023534
-0.027965
-0.032720
-0.037343
-0.042327
-0.047863
-0.053139
-0.058048
-0.063615
-0.069481
-0.073500
-0.074834
-0.074583
-0.072763
-0.067852
-0.059427
-0.048780
-0.037382
-0.026361
-0.016342
-0.007344
0.000071
0.004455
0.004834
0.001402
-0.004746
-0.012179
-0.020340
-0.030017
-0.041618
-0.054109
-0.066191
-0.077458
-0.087795
-0.096798
-0.104586
-0.111509
-0.116738
-0.118694
-0.117491
-0.114658
-0.110568
-0.104169
-0.094993
-0.084575
-0.075213
-0.067714
-0.061216
-0.054768
-0.047796
-0.039584
-0.029212
-0.016067
-0.000341
0.017202
0.036173
0.056607
0.077859
0.098493
0.117678
0.134718
0.148132
0.158500
0.170096
0.184778
0.199118
0.209992
0.217460
0.224243
0.233654
0.245495
0.255428
0.260563
0.262069
0.260742
0.254140
0.240507
0.222120
0.201487
0.178007
0.152291
0.128899
0.111178
0.097848
0.086939
0.078816
0.073658
0.068819
0.061355
0.052131
0.044011
0.036794
0.028465
0.019998
0.013565
0.006956
-0.004203
-0.018992
-0.032435
-0.042963
-0.052976
-0.063048
-0.070496
-0.072995
-0.070723
-0.065462
-0.058872
-0.052129
-0.046103
-0.040853
-0.035526
-0.029781
-0.024498
-0.020369
-0.017370
-0.015637
-0.014759
-0.013287
-0.011172
-0.010965
-0.013863
-0.017519
-0.019771
-0.020967
-0.022075
-0.023849
-0.027341
-0.033017
-0.040168
-0.047509
-0.053576
-0.057454
-0.059887
-0.063106
-0.068705
-0.076008
-0.083046
-0.087988
-0.090408
-0.091641
-0.093434
-0.096392
-0.099761
-0.101952
-0.101492
-0.098654
-0.095410
-0.093025
-0.090675
-0.086510
-0.080014
-0.073194
-0.068287
-0.064690
-0.059995
-0.053516
-0.047011
-0.042207
-0.039366
-0.037721
-0.036575
-0.035831
-0.035777
-0.036774
-0.038591
-0.040361
-0.041362
-0.041808
-0.042381
-0.043024
-0.042921
-0.041436
-0.038946
-0.036587
-0.035263
-0.035045
-0.035358
-0.035512
-0.035282
-0.034412
-0.032039
-0.027816
-0.023137
-0.020115
-0.019553
-0.020569
-0.021811
-0.022416
-0.022059
-0.020883
-0.018918
-0.015788
-0.011326
-0.006211
-0.000604
0.006697
0.016140
0.026507
0.036774
0.047247
0.058606
0.070871
0.083808
0.096872
0.108715
0.118121
0.125180
0.130974
0.136411
0.141830
0.146164
0.148302
0.149805
0.152365
0.155364
0.157744
0.159260
0.159918
0.160059
0.160281
0.160582
0.160684
0.160887
0.161716
0.163612
0.166739
0.170044
0.171640
0.170969
0.169148
0.167135
0.165182
0.163153
0.160349
0.156316
0.151519
0.146575
0.141667
0.136725
0.131216
0.124287
0.115983
0.107577
0.100067
0.093584
0.087801
0.082186
0.076746
0.072257
0.069177
0.066961
0.064532
0.060852
0.055772
0.050365
0.045871
0.042743
0.040726
0.039948
0.041362
0.045436
0.051499
0.058971
0.067562
0.075695
0.081449
0.085255
0.089531
0.095402
0.101145
0.104893
0.107279
0.109935
0.112938
0.115086
0.115881
0.115913
0.115662
0.115063
0.113879
0.111944
0.109517
0.106940
0.104298
0.101772
0.099720
0.098430
0.097748
0.097047
0.095782
0.093869
0.091835
0.090397
0.089404
0.088039
0.085771
0.082494
0.078580
0.074768
0.071021
0.066097
0.059230
0.051003
0.041891
0.031730
0.021031
0.010410
-0.000800
-0.013270
-0.026199
-0.038097
-0.048097
-0.056052
-0.062164
-0.066877
-0.070757
-0.073669
-0.074744
-0.073911
-0.072644
-0.072231
-0.071933
-0.069956
-0.066109
-0.062102
-0.059174
-0.057316
-0.056803
-0.058979
-0.064404
-0.071455
-0.078099
-0.083937
-0.089721
-0.095419
-0.100009
-0.103622
-0.107440
-0.110912
-0.112104
-0.110950
-0.108645
-0.104806
-0.098901
-0.092648
-0.088127
-0.085687
-0.085021
-0.086243
-0.089370
-0.094013
-0.099819
-0.106798
-0.114820
-0.123224
-0.131371
-0.139195
-0.146603
-0.152878
-0.157530
-0.161381
-0.165413
-0.168638
-0.168823
-0.164981
-0.158336
-0.151177
-0.144986
-0.139562
-0.133540
-0.126061
-0.117975
-0.111054
-0.106273
-0.103211
-0.100717
-0.097984
-0.095502
-0.094865
-0.096917
-0.100341
-0.102902
-0.104026
-0.104749
-0.105383
-0.105260
-0.104419
-0.103766
-0.103553
-0.102871
-0.100727
-0.097216
-0.093291
-0.089804
-0.086902
-0.084165
-0.081204
-0.078210
-0.075691
-0.073768
-0.071680
-0.068194
-0.063107
-0.057560
-0.052368
-0.046987
-0.040536
-0.033045
-0.025260
-0.017806
-0.010447
-0.002591
0.005570
0.013457
0.020898
0.027580
0.032435
0.034618
0.034410
0.033148
0.032357
0.033066
0.035873
0.040670
0.046394
0.051679
0.055993
0.059719
0.063067
0.065652
0.067068
0.067499
0.067541
0.067819
0.068605
0.069297
0.068959
0.067597
0.066271
0.065904
0.066504
0.067404
0.067865
0.067488
0.066209
0.064086
0.061401
0.058739
0.056282
0.053588
0.050353
0.047010
0.044270
0.042344
0.041276
0.041323
0.042529
0.044208
0.045392
0.045916
0.046320
0.046920
0.047653
0.048046
0.047280
0.044832
0.040936
0.036526
0.032445
0.028577
0.024345
0.019784
0.015506
0.012054
0.009643
0.008133
0.007044
0.005755
0.004136
0.002377
0.000296
-0.002261
-0.004921
-0.007127
-0.008590
-0.009077
-0.008090
-0.005341
-0.001157
0.003622
0.008108
0.011891
0.015098
0.017824
0.019617
0.019810
0.018473
0.016427
0.014319
0.012533
0.011595
0.011492
0.011281
0.010398
0.009622
0.010038
0.011888
0.014847
0.018668
0.023331
0.028689
0.034323
0.039795
0.044896
0.049471
0.053007
0.054990
0.055330
0.054280
0.052201
0.049310
0.045644
0.041319
0.036699
0.032033
0.027249
0.022417
0.018187
0.015049
0.012724
0.010826
0.009637
0.009740
0.011373
0.014447
0.018707
0.023551
0.027948
0.031084
0.032808
0.033623
0.034281
0.035171
0.035821
0.035127
0.032895
0.030545
0.029735
0.031156
0.033961
0.036337
0.037449
0.037805
0.038000
0.038106
0.037705
0.036243
0.033906
0.031456
0.029424
0.027952
0.026959
0.026287
0.025632
0.024844
0.023856
0.022443
0.020674
0.018852
0.017072
0.015185
0.013223
0.011116
0.008631
0.005786
0.002990
0.000606
-0.001313
-0.002800
-0.003802
-0.003980
-0.002992
-0.000887
0.001799
0.004723
0.008061
0.011740
0.015149
0.017855
0.019953
0.021267
0.020762
0.017746
0.013158
0.008728
0.005222
0.002220
-0.000640
-0.002810
-0.003350
-0.001792
0.001540
0.005844
0.010645
0.015617
0.020340
0.024701
0.029023
0.033389
0.037382
0.040829
0.044098
0.047578
0.050721
0.052087
0.050671
0.046674
0.040635
0.032930
0.024264
0.015525
0.007312
-0.000203
-0.006738
-0.011458
-0.013470
-0.013036
-0.011672
-0.010672
-0.010317
-0.010322
-0.010586
-0.011525
-0.013286
-0.015104
-0.016255
-0.017106
-0.018582
-0.020715
-0.022155
-0.021344
-0.018641
-0.016360
-0.015819
-0.015980
-0.015413
-0.013714
-0.011317
-0.009310
-0.008980
-0.010780
-0.013828
-0.016816
-0.018995
-0.020207
-0.020618
-0.020296
-0.019441
-0.018710
-0.018212
-0.016528
-0.012099
-0.005498
0.000971
0.005731
0.008917
0.011403
0.013674
0.015706
0.017263
0.018051
0.017964
0.017367
0.016889
0.016765
0.016709
0.016569
0.016656
0.017480
0.019373
0.022406
0.026424
0.030812
0.035242
0.040202
0.045989
0.052121
0.057854
0.062537
0.065584
0.066729
0.066085
0.063939
0.060798
0.057374
0.054158
0.050728
0.046335
0.041111
0.035852
0.031426
0.028208
0.025691
0.022916
0.019326
0.015023
0.010568
0.006689
0.004071
0.003142
0.004026
0.006275
0.008785
0.010528
0.010994
0.010034
0.007777
0.004530
0.000910
-0.002337
-0.005127
-0.008242
-0.012327
-0.016831
-0.020403
-0.022055
-0.022121
-0.021725
-0.021237
-0.019778
-0.016533
-0.011950
-0.007091
-0.002401
0.002179
0.006765
0.011537
0.016555
0.021032
0.023579
0.023688
0.022255
0.020152
0.017401
0.014340
0.011724
0.009280
0.006242
0.003003
0.000814
0.000193
0.000705
0.001954
0.004231
0.007884
0.012598
0.017742
0.022889
0.027633
0.031413
0.033860
0.035050
0.035031
0.033624
0.030940
0.027433
0.023550
0.019689
0.016267
0.013630
0.011991
0.011482
0.012279
0.014814
0.019417
0.025401
0.031447
0.036850
0.041434
0.044841
0.047055
0.048804
0.050608
0.052284
0.053736
0.055152
0.056143
0.056121
0.055286
0.054298
0.053446
0.052534
0.051245
0.049488
0.047520
0.045916
0.044722
0.043543
0.042449
0.041741
0.041236
0.040610
0.039927
0.039066
0.037603
0.035608
0.033887
0.032959
0.032536
0.032330
0.032395
0.032238
0.031018
0.028776
0.026071
0.023067
0.019870
0.016972
0.015139
0.015173
0.017078
0.019885
0.022864
0.025797
0.028301
0.030003
0.030998
0.031572
0.031435
0.030284
0.028493
0.026552
0.024562
0.022590
0.020893
0.019835
0.019732
0.020673
0.022582
0.025163
0.027991
0.030692
0.032968
0.034778
0.036453
0.038248
0.039944
0.041569
0.043482
0.045597
0.047348
0.048579
0.049738
0.051163
0.052656
0.053831
0.054969
0.056903
0.060045
0.063768
0.066971
0.069294
0.071129
0.073070
0.075218
0.076884
0.077594
0.078014
0.079209
0.081147
0.082897
0.083933
0.084456
0.084972
0.085780
0.086883
0.088119
0.089317
0.090179
0.090477
0.090606
0.090849
0.090825
0.089935
0.087984
0.085328
0.082421
0.079515
0.076857
0.074384
0.071686
0.068813
0.066426
0.064854
0.063571
0.061984
0.060094
0.058203
0.056253
0.054008
0.051841
0.050478
0.050206
0.050794
0.051669
0.052146
0.051492
0.049278
0.045967
0.042690
0.040211
0.038315
0.036459
0.034267
0.031750
0.029311
0.027553
0.027181
0.028484
0.030985
0.033617
0.035006
0.034853
0.034757
0.036308
0.039249
0.042107
0.044166
0.045530
0.046192
0.046429
0.046959
0.047880
0.048449
0.048398
0.048689
0.050180
0.052172
0.053303
0.053264
0.052588
0.051625
0.050933
0.051357
0.053263
0.056040
0.058631
0.060495
0.061675
0.062244
0.062198
0.061822
0.061645
0.061933
0.062681
0.063956
0.065239
0.065219
0.063192
0.060003
0.057347
0.056089
0.055282
0.053646
0.050994
0.047899
0.044560
0.040757
0.036410
0.032063
0.028874
0.027466
0.027028
0.025797
0.022678
0.018855
0.016681
0.016740
0.017406
0.017104
0.015956
0.015213
0.015728
0.017046
0.017840
0.017227
0.015703
0.014517
0.014603
0.015921
0.017345
0.017481
0.016138
0.014669
0.014198
0.014166
0.013609
0.012933
0.013095
0.014141
0.015533
0.017043
0.018623
0.020080
0.021096
0.021651
0.022016
0.022392
0.022600
0.022212
0.021142
0.020090
0.020014
0.020854
0.021523
0.021185
0.020072
0.019033
0.018518
0.018380
0.018362
0.018221
0.017404
0.015630
0.013883
0.013317
0.013556
0.013284
0.011706
0.009059
0.006112
0.003417
0.001166
-0.000753
-0.002701
-0.004773
-0.006608
-0.007652
-0.007822
-0.007712
-0.008081
-0.009049
-0.010012
-0.010541
-0.010918
-0.011888
-0.013671
-0.015630
-0.017361
-0.019288
-0.022178
-0.026322
-0.031149
-0.035638
-0.039271
-0.042484
-0.045910
-0.049611
-0.053155
-0.056316
-0.059044
-0.061055
-0.061917
-0.061854
-0.061990
-0.063388
-0.065876
-0.068489
-0.070697
-0.072623
-0.074340
-0.075593
-0.076257
-0.076498
-0.076623
-0.077006
-0.078044
-0.079939
-0.082435
-0.084724
-0.085871
-0.085695
-0.084828
-0.083902
-0.083131
-0.082442
-0.081448
-0.079314
-0.075511
-0.070516
-0.065457
-0.061290
-0.058538
-0.057248
-0.056991
-0.057170
-0.057298
-0.057034
-0.056271
-0.054963
-0.053045
-0.050739
-0.048709
-0.047410
-0.046390
-0.044978
-0.043246
-0.041641
-0.040277
-0.039262
-0.038784
-0.038529
-0.037962
-0.037091
-0.036406
-0.036068
-0.036084
-0.036735
-0.038359
-0.040708
-0.042853
-0.044021
-0.044393
-0.044597
-0.044814
-0.044820
-0.044403
-0.043195
-0.040659
-0.036887
-0.032803
-0.029365
-0.027054
-0.025778
-0.025045
-0.024323
-0.023115
-0.021152
-0.018678
-0.016248
-0.014359
-0.013461
-0.013816
-0.015289
-0.017397
-0.019698
-0.021951
-0.024171
-0.026319
-0.028283
-0.030123
-0.031714
-0.032348
-0.031252
-0.028688
-0.025644
-0.023067
-0.021678
-0.021656
-0.022528
-0.023570
-0.024402
-0.025218
-0.026357
-0.028181
-0.030872
-0.034022
-0.036963
-0.039366
-0.041315
-0.043000
-0.044533
-0.045994
-0.047469
-0.049155
-0.051216
-0.053371
-0.055082
-0.055962
-0.055928
-0.055187
-0.054081
-0.052808
-0.051313
-0.049611
-0.048072
-0.046911
-0.045937
-0.044927
-0.043770
-0.042285
-0.040366
-0.038240
-0.036384
-0.035006
-0.033888
-0.032769
-0.031416
-0.029633
-0.027388
-0.024800
-0.022176
-0.019791
-0.017564
-0.015195
-0.012492
-0.009369
-0.005821
-0.001918
0.002107
0.006124
0.010234
0.014580
0.018915
0.022722
0.025894
0.028357
0.029645
0.029409
0.027738
0.025037
0.021945
0.019184
0.017282
0.016111
0.015205
0.014578
0.014739
0.015979
0.017835
0.019452
0.020215
0.019947
0.018739
0.016765
0.014335
0.011948
0.009855
0.007874
0.005758
0.003507
0.001197
-0.001388
-0.004527
-0.008101
-0.011804
-0.015583
-0.019673
-0.024349
-0.029601
-0.034711
-0.038402
-0.040023
-0.040219
-0.039947
-0.039550
-0.038622
-0.036705
-0.034167
-0.032074
-0.031325
-0.031998
-0.033501
-0.035317
-0.037436
-0.039875
-0.042404
-0.044647
-0.046234
-0.047049
-0.047202
-0.046725
-0.045499
-0.043510
-0.041044
-0.038371
-0.035867
-0.034231
-0.034118
-0.035076
-0.035574
-0.034587
-0.032766
-0.031625
-0.031810
-0.032532
-0.032704
-0.032437
-0.032656
-0.033556
-0.034465
-0.035063
-0.035451
-0.035375
-0.034627
-0.033566
-0.032318
-0.030645
-0.029035
-0.028336
-0.028175
-0.027547
-0.026928
-0.027581
-0.028979
-0.029334
-0.028149
-0.026634
-0.026324
-0.027884
-0.030428
-0.032587
-0.034488
-0.037267
-0.040779
-0.043768
-0.045845
-0.047509
-0.048697
-0.048740
-0.047448
-0.045269
-0.042640
-0.040012
-0.038036
-0.036866
-0.036000
-0.035371
-0.035434
-0.036235
-0.037076
-0.037307
-0.036899
-0.036000
-0.034483
-0.032352
-0.029928
-0.027474
-0.025059
-0.022807
-0.020936
-0.019473
-0.018338
-0.017499
-0.016814
-0.015802
-0.014057
-0.011917
-0.009993
-0.008454
-0.007160
-0.005864
-0.004477
-0.003241
-0.002586
-0.002581
-0.002785
-0.002764
-0.002483
-0.002305
-0.002792
-0.004317
-0.006683
-0.009296
-0.011729
-0.013902
-0.015953
-0.018124
-0.020288
-0.022178
-0.023859
-0.025830
-0.028584
-0.031923
-0.035106
-0.037390
-0.038635
-0.039494
-0.040767
-0.042374
-0.043505
-0.043829
-0.043918
-0.044365
-0.045062
-0.045712
-0.046374
-0.047510
-0.049326
-0.051521
-0.053545
-0.054820
-0.055120
-0.055036
-0.055395
-0.056340
-0.057681
-0.059525
-0.061712
-0.063220
-0.063090
-0.061561
-0.059812
-0.058850
-0.058645
-0.057953
-0.055613
-0.051750
-0.047730
-0.045065
-0.044328
-0.045068
-0.046294
-0.047082
-0.047179
-0.047114
-0.047610
-0.048668
-0.049634
-0.050151
-0.050667
-0.051715
-0.053314
-0.054987
-0.055874
-0.055532
-0.054526
-0.053661
-0.052887
-0.051522
-0.049300
-0.046871
-0.045042
-0.044011
-0.043384
-0.042821
-0.042288
-0.041810
-0.041463
-0.041334
-0.041377
-0.041537
-0.041826
-0.042051
-0.041534
-0.039707
-0.036902
-0.034109
-0.032163
-0.031091
-0.030195
-0.028731
-0.026462
-0.023734
-0.021356
-0.020366
-0.021075
-0.022577
-0.023519
-0.023350
-0.022570
-0.022188
-0.022757
-0.023950
-0.025106
-0.025862
-0.026242
-0.026350
-0.026547
-0.027446
-0.029592
-0.032955
-0.036846
-0.040395
-0.043027
-0.044733
-0.046100
-0.047716
-0.049717
-0.051862
-0.053555
-0.054048
-0.052848
-0.050095
-0.046505
-0.043229
-0.041197
-0.040163
-0.038893
-0.036624
-0.033617
-0.030363
-0.027105
-0.024068
-0.021436
-0.018964
-0.016160
-0.012833
-0.009133
-0.005166
-0.001064
0.002763
0.005884
0.008229
0.009980
0.011267
0.011979
0.012094
0.011765
0.011092
0.010153
0.009085
0.008236
0.008108
0.009030
0.011136
0.014379
0.018368
0.022381
0.025645
0.028006
0.029971
0.031966
0.033867
0.035460
0.036756
0.037465
0.037042
0.035642
0.034311
0.033751
0.033652
0.033411
0.032918
0.032669
0.033143
0.034222
0.035471
0.036691
0.037729
0.038296
0.038628
0.039382
0.040485
0.041205
0.041045
0.039804
0.037622
0.034893
0.031874
0.028460
0.024495
0.019976
0.015254
0.010919
0.007298
0.004420
0.002243
0.000814
0.000134
-0.000124
-0.000414
-0.000753
-0.000953
-0.001061
-0.001375
-0.002175
-0.003521
-0.005271
-0.007126
-0.008960
-0.010787
-0.012450
-0.013658
-0.014191
-0.014045
-0.013129
-0.011503
-0.009755
-0.008332
-0.007012
-0.005548
-0.004040
-0.002509
-0.000592
0.002072
0.005533
0.009331
0.012795
0.015733
0.018361
0.020798
0.022703
0.023546
0.023175
0.021992
0.020625
0.019280
0.017728
0.015999
0.014443
0.013258
0.012264
0.011130
0.009803
0.008523
0.007644
0.007627
0.008870
0.011165
0.013882
0.016580
0.019179
0.021711
0.024298
0.026950
0.029238
0.030445
0.030105
0.028320
0.025637
0.022652
0.019768
0.017292
0.015399
0.013981
0.012617
0.011121
0.009594
0.008026
0.006438
0.005083
0.004073
0.003371
0.002907
0.002397
0.001571
0.000567
-0.000073
0.000044
0.000933
0.002476
0.004387
0.006067
0.007085
0.007419
0.007270
0.007071
0.007184
0.007618
0.008492
0.010028
0.012043
0.014022
0.015754
0.017450
0.019343
0.021354
0.023221
0.024792
0.026199
0.027567
0.028834
0.029894
0.030711
0.031324
0.031842
0.032537
0.033557
0.034396
0.034459
0.034050
0.034129
0.035079
0.036154
0.036636
0.036653
0.036639
0.036790
0.037149
0.037764
0.038663
0.039883
0.041165
0.041778
0.041174
0.039525
0.037274
0.034704
0.032146
0.029578
0.026606
0.023059
0.019207
0.015470
0.012165
0.009431
0.007447
0.006302
0.005908
0.006083
0.006489
0.006936
0.007353
0.007478
0.006999
0.005935
0.004651
0.003684
0.003368
0.003837
0.005246
0.007652
0.010795
0.014433
0.018477
0.022650
0.026575
0.030003
0.032694
0.034401
0.035166
0.035276
0.035181
0.035279
0.035747
0.036439
0.037299
0.038468
0.039795
0.040888
0.041500
0.041633
0.041329
0.040670
0.039648
0.038107
0.035892
0.033146
0.030347
0.027743
0.025350
0.023685
0.023483
0.024766
0.026741
0.028767
0.030872
0.033181
0.035640
0.038023
0.039830
0.040577
0.040435
0.040202
0.040618
0.041859
0.043431
0.044642
0.045472
0.046335
0.047327
0.048355
0.049472
0.050558
0.051278
0.051726
0.052327
0.053290
0.054501
0.055561
0.056017
0.055916
0.055871
0.056672
0.058491
0.060308
0.061166
0.061411
0.061811
0.062318
0.062395
0.061901
0.061195
0.060544
0.059563
0.057655
0.055144
0.053091
0.051965
0.051320
0.050741
0.050351
0.050450
0.050958
0.051540
0.051904
0.051837
0.051417
0.051148
0.051305
0.051397
0.050875
0.049825
0.048695
0.047551
0.046372
0.045331
0.044511
0.043626
0.042429
0.041041
0.039565
0.037847
0.035913
0.034105
0.032869
0.032628
0.033347
0.034207
0.034309
0.033501
0.032386
0.031897
0.032482
0.033634
0.034398
0.034139
0.033170
0.032362
0.032099
0.032042
0.031946
0.031871
0.031896
0.031960
0.031824
0.031251
0.030097
0.028668
0.027595
0.026949
0.026139
0.024543
0.022258
0.020063
0.018624
0.017835
0.017188
0.016678
0.016447
0.016429
0.016683
0.017343
0.018211
0.018695
0.018221
0.016719
0.014681
0.012671
0.010821
0.008997
0.007089
0.005187
0.003701
0.003154
0.003612
0.004527
0.005281
0.005955
0.007232
0.009512
0.012272
0.014533
0.015689
0.015914
0.015679
0.015344
0.015057
0.014532
0.013183
0.010729
0.007621
0.004537
0.001945
0.000052
-0.001367
-0.002556
-0.003413
-0.003668
-0.003060
-0.001532
0.000630
0.002755
0.004077
0.004226
0.003542
0.002566
0.001568
0.000681
-0.000448
-0.002752
-0.006759
-0.011707
-0.016097
-0.018778
-0.019511
-0.018996
-0.018246
-0.017976
-0.018171
-0.018373
-0.018212
-0.017515
-0.016291
-0.014604
-0.012729
-0.011954
-0.013678
-0.017258
-0.020281
-0.021532
-0.022216
-0.023901
-0.026841
-0.030251
-0.033164
-0.034968
-0.035803
-0.036277
-0.036539
-0.036162
-0.035309
-0.035023
-0.035928
-0.037457
-0.038887
-0.040056
-0.041320
-0.043093
-0.045470
-0.048114
-0.050298
-0.051430
-0.051606
-0.051340
-0.050994
-0.050542
-0.049931
-0.049350
-0.048925
-0.048612
-0.048318
-0.047895
-0.047258
-0.046580
-0.046221
-0.046418
-0.046800
-0.046465
-0.044729
-0.041726
-0.038226
-0.035031
-0.032637
-0.031024
-0.029863
-0.028942
-0.028445
-0.028785
-0.029995
-0.031399
-0.032256
-0.032403
-0.032038
-0.031229
-0.029923
-0.028161
-0.025821
-0.022607
-0.018516
-0.014228
-0.010768
-0.008765
-0.007974
-0.007589
-0.006943
-0.005976
-0.004977
-0.003989
-0.002881
-0.001773
-0.001047
-0.000847
-0.000889
-0.000930
-0.000929
-0.000937
-0.001046
-0.001435
-0.002132
-0.002841
-0.003151
-0.002960
-0.002399
-0.001534
-0.000350
0.001062
0.002444
0.003646
0.004680
0.005328
0.005123
0.003792
0.001811
-0.000177
-0.001878
-0.003117
-0.003803
-0.004244
-0.004924
-0.005732
-0.006161
-0.006126
-0.006033
-0.006127
-0.006351
-0.006762
-0.007595
-0.008905
-0.010402
-0.011979
-0.013825
-0.015793
-0.017212
-0.017510
-0.016861
-0.015912
-0.015266
-0.015264
-0.015958
-0.017206
-0.018463
-0.019107
-0.019515
-0.020894
-0.023933
-0.028122
-0.032367
-0.035968
-0.038814
-0.041058
-0.042956
-0.044700
-0.046334
-0.047923
-0.049565
-0.051316
-0.053219
-0.055323
-0.057701
-0.060468
-0.063324
-0.065750
-0.067699
-0.069552
-0.071675
-0.074060
-0.076396
-0.078472
-0.080350
-0.081861
-0.082847
-0.083419
-0.083611
-0.083443
-0.083265
-0.083429
-0.083600
-0.083021
-0.081452
-0.079360
-0.077243
-0.075411
-0.074047
-0.073086
-0.072255
-0.071218
-0.069659
-0.067513
-0.065146
-0.063124
-0.061685
-0.060712
-0.059835
-0.058342
-0.055450
-0.051210
-0.046732
-0.042908
-0.039353
-0.035295
-0.030666
-0.025830
-0.021026
-0.016483
-0.012369
-0.008492
-0.004546
-0.000587
0.002963
0.005659
0.007289
0.007928
0.007836
0.007235
0.006050
0.003944
0.000675
-0.003345
-0.007247
-0.010364
-0.012561
-0.013986
-0.014653
-0.014538
-0.013710
-0.012344
-0.010633
-0.009014
-0.007997
-0.007885
-0.008623
-0.009901
-0.011338
-0.012781
-0.014541
-0.017094
-0.020718
-0.025000
-0.028928
-0.031729
-0.033549
-0.034929
-0.036193
-0.037402
-0.038321
-0.038551
-0.037976
-0.036923
-0.035738
-0.034829
-0.034569
-0.034989
-0.035865
-0.036840
-0.037516
-0.037757
-0.037812
-0.038023
-0.038362
-0.038479
-0.038049
-0.036982
-0.035546
-0.034235
-0.033318
-0.032803
-0.032854
-0.033482
-0.034131
-0.034398
-0.034616
-0.035152
-0.035782
-0.036096
-0.036031
-0.035573
-0.034514
-0.032773
-0.030482
-0.027988
-0.025829
-0.024374
-0.023590
-0.023039
-0.022397
-0.021937
-0.022256
-0.023588
-0.025553
-0.027743
-0.029697
-0.030709
-0.030393
-0.029319
-0.028376
-0.027809
-0.027411
-0.027155
-0.027028
-0.026915
-0.026872
-0.026932
-0.026849
-0.026402
-0.025653
-0.024792
-0.024186
-0.024184
-0.024628
-0.025002
-0.024964
-0.024616
-0.024517
-0.025265
-0.027011
-0.029221
-0.030950
-0.031551
-0.031101
-0.030294
-0.029949
-0.030463
-0.031437
-0.031956
-0.031374
-0.030132
-0.029224
-0.029174
-0.029629
-0.029683
-0.028831
-0.027366
-0.025720
-0.024139
-0.022595
-0.020928
-0.019164
-0.017566
-0.016335
-0.015098
-0.013280
-0.010946
-0.008862
-0.007622
-0.006898
-0.005885
-0.004249
-0.002257
-0.000271
0.001551
0.003246
0.004974
0.006820
0.008514
0.009658
0.010047
0.009867
0.009683
0.009866
0.010122
0.009970
0.009452
0.009017
0.008856
0.008810
0.008828
0.009264
0.010512
0.012725
0.015667
0.018674
0.021037
0.022640
0.024004
0.025494
0.026755
0.027062
0.026076
0.024166
0.021994
0.019934
0.017796
0.015344
0.012884
0.010848
0.009569
0.009287
0.010340
0.012696
0.015675
0.018783
0.021927
0.024837
0.027293
0.029598
0.031905
0.033875
0.035173
0.035681
0.035458
0.034724
0.033726
0.032697
0.031793
0.031050
0.030267
0.029047
0.027287
0.025400
0.023715
0.022183
0.020860
0.020112
0.020144
0.020803
0.021858
0.023108
0.024339
0.025325
0.025999
0.026248
0.025883
0.024936
0.023781
0.022895
0.022585
0.022863
0.023582
0.024681
0.026357
0.028748
0.031571
0.034107
0.035614
0.035874
0.035032
0.033446
0.031826
0.030721
0.029798
0.028518
0.027085
0.026310
0.026657
0.027771
0.028777
0.029070
0.028773
0.028256
0.027580
0.026598
0.025300
0.023982
0.022844
0.021891
0.021284
0.021062
0.021098
0.021306
0.021726
0.022550
0.023921
0.025768
0.027748
0.029301
0.030042
0.030055
0.029619
0.029031
0.028592
0.028334
0.028233
0.028323
0.028520
0.028598
0.028531
0.028647
0.029281
0.030529
0.032157
0.033868
0.035444
0.036950
0.038491
0.039974
0.041244
0.042036
0.041692
0.039724
0.036375
0.032212
0.027789
0.023709
0.020420
0.017903
0.015806
0.013866
0.012183
0.010868
0.009811
0.008943
0.008272
0.007733
0.007269
0.006807
0.006226
0.005460
0.004667
0.004223
0.004387
0.004903
0.005180
0.004719
0.003322
0.001161
-0.001332
-0.003700
-0.005595
-0.006844
-0.007308
-0.006854
-0.005598
-0.003862
-0.002017
-0.000094
0.002294
0.005299
0.008523
0.011380
0.013568
0.015065
0.015988
0.016589
0.017206
0.017914
0.018433
0.018585
0.018671
0.019101
0.019825
0.020582
0.021437
0.022787
0.024753
0.027200
0.030003
0.032792
0.035093
0.036751
0.038028
0.039173
0.040164
0.040892
0.041368
0.041902
0.042881
0.044391
0.046364
0.048748
0.051304
0.053767
0.056173
0.058555
0.060621
0.062062
0.062846
0.062997
0.062397
0.061055
0.059190
0.057011
0.054508
0.051411
0.047380
0.042286
0.036451
0.030454
0.025014
0.020578
0.017031
0.014072
0.011697
0.010070
0.009083
0.008335
0.007448
0.006001
0.003826
0.001325
-0.000967
-0.002963
-0.004889
-0.006807
-0.008525
-0.009917
-0.011000
-0.011740
-0.012140
-0.012195
-0.012159
-0.012313
-0.012458
-0.012323
-0.011911
-0.011147
-0.010083
-0.008888
-0.007573
-0.006060
-0.004385
-0.002757
-0.001171
0.000557
0.002281
0.003735
0.004972
0.006098
0.007087
0.007816
0.008257
0.008689
0.009380
0.010400
0.011762
0.013477
0.015408
0.017220
0.018597
0.019421
0.019746
0.019783
0.019859
0.020109
0.020376
0.020437
0.020064
0.019142
0.017845
0.016433
0.015009
0.013480
0.011810
0.009950
0.007836
0.005719
0.004118
0.003538
0.004278
0.006354
0.009475
0.013021
0.016474
0.019667
0.022741
0.025673
0.027995
0.029252
0.029555
0.029296
0.028615
0.027521
0.026148
0.024676
0.023123
0.021472
0.020010
0.018952
0.018178
0.017442
0.016489
0.015153
0.013518
0.011805
0.010043
0.008128
0.006155
0.004338
0.002924
0.002013
0.001558
0.001566
0.001939
0.002357
0.002571
0.002736
0.003051
0.003252
0.002772
0.001319
-0.001008
-0.003862
-0.006684
-0.009040
-0.010965
-0.012905
-0.015068
-0.017176
-0.018728
-0.019269
-0.018765
-0.017764
-0.016925
-0.016478
-0.016234
-0.015902
-0.015293
-0.014437
-0.013510
-0.012707
-0.011953
-0.010945
-0.009609
-0.008255
-0.007365
-0.007192
-0.007559
-0.008087
-0.008496
-0.008815
-0.009396
-0.010432
-0.011871
-0.013695
-0.015908
-0.018384
-0.020860
-0.022989
-0.024401
-0.024885
-0.024602
-0.023981
-0.023388
-0.022837
-0.021958
-0.020536
-0.019113
-0.018567
-0.019209
-0.020675
-0.022381
-0.024045
-0.025745
-0.027620
-0.029580
-0.031254
-0.032278
-0.032505
-0.032247
-0.032059
-0.032238
-0.032542
-0.032466
-0.031965
-0.031521
-0.031475
-0.031477
-0.031040
-0.029987
-0.028503
-0.027026
-0.025941
-0.025323
-0.025027
-0.024962
-0.025020
-0.025113
-0.025296
-0.025661
-0.026095
-0.026371
-0.026469
-0.026532
-0.026607
-0.026732
-0.027145
-0.027887
-0.028642
-0.029112
-0.029017
-0.028247
-0.026880
-0.025139
-0.023330
-0.021660
-0.020099
-0.018474
-0.016752
-0.015090
-0.013723
-0.012753
-0.012084
-0.011611
-0.011275
-0.011025
-0.010736
-0.010345
-0.009672
-0.008536
-0.006884
-0.004861
-0.002487
0.000226
0.003131
0.006156
0.009081
0.011387
0.012627
0.012750
0.011967
0.010616
0.009137
0.007736
0.006442
0.005217
0.004243
0.003896
0.004222
0.004908
0.005436
0.005327
0.004427
0.003100
0.001727
0.000269
-0.001501
-0.003684
-0.006316
-0.009311
-0.012455
-0.015612
-0.018846
-0.022107
-0.025053
-0.027431
-0.029175
-0.030475
-0.031641
-0.032816
-0.033900
-0.034682
-0.035091
-0.035171
-0.034930
-0.034427
-0.033903
-0.033428
-0.032917
-0.032411
-0.031988
-0.031621
-0.031239
-0.030944
-0.030764
-0.030630
-0.030762
-0.031375
-0.032313
-0.033095
-0.033487
-0.033599
-0.033426
-0.032801
-0.031752
-0.030498
-0.029112
-0.027420
-0.025118
-0.022288
-0.019194
-0.015888
-0.012393
-0.008870
-0.005519
-0.002286
0.000960
0.004209
0.007301
0.010074
0.012599
0.015080
0.017782
0.020695
0.023510
0.026226
0.029056
0.031689
0.033671
0.035104
0.036423
0.037934
0.039622
0.041217
0.042469
0.043350
0.043865
0.044049
0.044173
0.044385
0.044293
0.043535
0.042397
0.041350
0.040274
0.038767
0.036977
0.035481
0.034673
0.034614
0.034880
0.034836
0.034147
0.033007
0.031832
0.030914
0.030169
0.029239
0.027825
0.025816
0.023423
0.021022
0.019019
0.017600
0.016773
0.016385
0.016047
0.015398
0.014370
0.013186
0.012286
0.012186
0.013013
0.014341
0.015589
0.016433
0.016943
0.017303
0.017656
0.018087
0.018518
0.018803
0.018830
0.018651
0.018430
0.018415
0.018778
0.019591
0.020829
0.022533
0.024893
0.027787
0.030823
0.033915
0.037172
0.040528
0.043702
0.046418
0.048573
0.050124
0.051208
0.052013
0.052491
0.052354
0.051552
0.050338
0.048993
0.047707
0.046652
0.045743
0.044595
0.043090
0.041614
0.040695
0.040646
0.041342
0.042226
0.042908
0.043349
0.043693
0.043915
0.043661
0.042934
0.042483
0.042615
0.042549
0.041632
0.040214
0.038768
0.037300
0.035872
0.034705
0.033881
0.033239
0.032542
0.031645
0.030692
0.029856
0.029117
0.028478
0.028217
0.028483
0.029143
0.030029
0.031008
0.031959
0.032868
0.033664
0.034252
0.034694
0.035111
0.035383
0.035258
0.034807
0.034209
0.033651
0.033376
0.033483
0.033810
0.033971
0.033936
0.033869
0.033667
0.033071
0.032156
0.031313
0.030809
0.030620
0.030596
0.030614
0.030631
0.030845
0.031366
0.032215
0.033214
0.034017
0.034436
0.034336
0.033739
0.033160
0.033166
0.033698
0.034140
0.033851
0.032537
0.030522
0.028546
0.026980
0.025281
0.022698
0.019379
0.016013
0.012894
0.009743
0.006296
0.002581
-0.001405
-0.005820
-0.010697
-0.015803
-0.020781
-0.025384
-0.029419
-0.032759
-0.035360
-0.037342
-0.038851
-0.040019
-0.040870
-0.041176
-0.040741
-0.039679
-0.038325
-0.036954
-0.035667
-0.034462
-0.033205
-0.031746
-0.030125
-0.028612
-0.027622
-0.027436
-0.027968
-0.028691
-0.028865
-0.028114
-0.026753
-0.025309
-0.023943
-0.022414
-0.020414
-0.018056
-0.015809
-0.013902
-0.012241
-0.010778
-0.009489
-0.008383
-0.007515
-0.006900
-0.006549
-0.006433
-0.006652
-0.007407
-0.008457
-0.009241
-0.009585
-0.009831
-0.010323
-0.011008
-0.011653
-0.012276
-0.013025
-0.013931
-0.014997
-0.016248
-0.017635
-0.019087
-0.020531
-0.021887
-0.023102
-0.024098
-0.024699
-0.025202
-0.026184
-0.027402
-0.028099
-0.028095
-0.027678
-0.026872
-0.025544
-0.024065
-0.023116
-0.022880
-0.022956
-0.022870
-0.022485
-0.022160
-0.022505
-0.023763
-0.025698
-0.027730
-0.029307
-0.030180
-0.030430
-0.030250
-0.029914
-0.029649
-0.029403
-0.028986
-0.028200
-0.027062
-0.025910
-0.025032
-0.024432
-0.023916
-0.023251
-0.022630
-0.022621
-0.023451
-0.024754
-0.025887
-0.026538
-0.026811
-0.026965
-0.027141
-0.027213
-0.027027
-0.026567
-0.025722
-0.024407
-0.022850
-0.021489
-0.020686
-0.020409
-0.020323
-0.020095
-0.019478
-0.018446
-0.017262
-0.016284
-0.015740
-0.015571
-0.015594
-0.015732
-0.015979
-0.016204
-0.016251
-0.016093
-0.015894
-0.015814
-0.015833
-0.015847
-0.015946
-0.016261
-0.016787
-0.017467
-0.018103
-0.018512
-0.018658
-0.018507
-0.018171
-0.017867
-0.017661
-0.017254
-0.016245
-0.014385
-0.011783
-0.008797
-0.005838
-0.003304
-0.001510
-0.000528
0.000025
0.000445
0.000597
0.000441
0.000229
0.000394
0.001202
0.002637
0.004619
0.006891
0.008912
0.010116
0.010505
0.010563
0.010780
0.011429
0.012411
0.013305
0.013721
0.013560
0.013062
0.012680
0.012715
0.013178
0.013810
0.014247
0.014177
0.013601
0.012674
0.011449
0.009961
0.008308
0.006570
0.004896
0.003442
0.002145
0.000934
-0.000312
-0.001865
-0.003921
-0.006481
-0.009381
-0.012465
-0.015599
-0.018620
-0.021272
-0.023325
-0.024632
-0.025311
-0.025717
-0.026114
-0.026668
-0.027532
-0.028676
-0.029914
-0.031117
-0.032304
-0.033374
-0.034063
-0.034295
-0.034243
-0.034054
-0.033814
-0.033613
-0.033413
-0.033241
-0.033354
-0.033856
-0.034457
-0.034726
-0.034451
-0.033620
-0.032143
-0.029990
-0.027233
-0.024059
-0.020830
-0.018103
-0.016228
-0.015331
-0.015294
-0.015730
-0.016286
-0.016761
-0.016979
-0.016862
-0.016499
-0.016060
-0.015784
-0.015817
-0.016394
-0.017593
-0.019344
-0.021510
-0.023706
-0.025252
-0.025651
-0.025056
-0.024091
-0.023155
-0.022218
-0.019763
-0.018626
-0.017475
-0.016598
-0.015996
-0.015506
-0.014992
-0.014433
-0.013820
-0.013105
-0.012435
-0.011937
-0.011528
-0.011225
-0.011187
-0.011316
-0.011214
-0.010466
-0.009069
-0.007325
-0.005665
-0.004378
-0.003172
-0.001654
0.000294
0.002558
0.004932
0.007125
0.008921
0.010430
0.011811
0.012958
0.013799
0.014332
0.014505
0.014225
0.013601
0.012842
0.012056
0.011351
0.010853
0.010583
0.010397
0.010122
0.009805
0.009643
0.009688
0.009891
0.010280
0.010803
0.011117
0.011055
0.010809
0.010684
0.010811
0.011198
0.011801
0.012443
0.012824
0.012605
0.011500
0.009540
0.007079
0.004496
0.002044
-0.000019
-0.001531
-0.002583
-0.003289
-0.003418
-0.002714
-0.001248
0.000791
0.003281
0.006085
0.008900
0.011257
0.012892
0.013790
0.014000
0.013598
0.012633
0.011000
0.008652
0.005815
0.002965
0.000461
-0.001753
-0.003752
-0.005304
-0.006188
-0.006414
-0.006092
-0.005379
-0.004279
-0.002709
-0.000760
0.001463
0.004124
0.007499
0.011403
0.015469
0.019458
0.023216
0.026525
0.029159
0.031052
0.032321
0.033088
0.033312
0.032963
0.032301
0.031582
0.030858
0.030148
0.029557
0.029155
0.028884
0.028840
0.029298
0.030350
0.031813
0.033523
0.035309
0.036981
0.038370
0.039496
0.040375
0.040878
0.040936
0.040592
0.039783
0.038532
0.037013
0.035336
0.033435
0.031350
0.029258
0.027124
0.024778
0.022124
0.019278
0.016534
0.014219
0.012440
0.011129
0.010042
0.008903
0.007601
0.006147
0.004557
0.003016
0.001744
0.000698
-0.000320
-0.001381
-0.002395
-0.003308
-0.004271
-0.005372
-0.006572
-0.007800
-0.008851
-0.009583
-0.009979
-0.010123
-0.010096
-0.009928
-0.009730
-0.009634
-0.009750
-0.010105
-0.010677
-0.011352
-0.012101
-0.012958
-0.013884
-0.014919
-0.016045
-0.017058
-0.017696
-0.017894
-0.017736
-0.017343
-0.016700
-0.015654
-0.014080
-0.012080
-0.009832
-0.007333
-0.004570
-0.001833
0.000610
0.002790
0.004799
0.006579
0.008160
0.009625
0.010852
0.011716
0.012203
0.012380
0.012388
0.012304
0.012146
0.011967
0.011815
0.011648
0.011408
0.011109
0.010723
0.010361
0.010225
0.010347
0.010530
0.010550
0.010400
0.010047
0.009410
0.008526
0.007459
0.006177
0.004622
0.002911
0.001316
0.000131
-0.000592
-0.000941
-0.000990
-0.000798
-0.000457
-0.000163
0.000005
0.000146
0.000414
0.000872
0.001532
0.002350
0.003307
0.004426
0.005753
0.007354
0.009207
0.011137
0.013012
0.014722
0.016152
0.017282
0.018136
0.018729
0.019110
0.019275
0.019292
0.019324
0.019486
0.019846
0.020541
0.021580
0.022730
0.023871
0.025072
0.026270
0.027311
0.028095
0.028599
0.028802
0.028613
0.028066
0.027421
0.026840
0.026156
0.025178
0.023770
0.021865
0.019587
0.017193
0.014875
0.012779
0.010958
0.009334
0.007937
0.006975
0.006510
0.006363
0.006359
0.006382
0.006327
0.006209
0.006026
0.005801
0.005579
0.005391
0.005221
0.005005
0.004784
0.004672
0.004605
0.004432
0.004181
0.003933
0.003712
0.003568
0.003628
0.003896
0.004298
0.004816
0.005370
0.005874
0.006333
0.006829
0.007426
0.008063
0.008616
0.008913
0.008854
0.008496
0.007931
0.007268
0.006649
0.006178
0.005898
0.005797
0.005918
0.006343
0.007045
0.007915
0.008756
0.009352
0.009607
0.009614
0.009554
0.009547
0.009656
0.009806
0.009804
0.009561
0.009324
0.009399
0.009649
0.009717
0.009611
0.009619
0.009797
0.009944
0.009898
0.009740
0.009590
0.009439
0.009326
0.009340
0.009437
0.009501
0.009526
0.009583
0.009663
0.009640
0.009486
0.009263
0.009030
0.008758
0.008364
0.007799
0.007082
0.006232
0.005344
0.004579
0.003962
0.003422
0.002991
0.002752
0.002729
0.002877
0.003130
0.003447
0.003702
0.003733
0.003538
0.003226
0.002868
0.002449
0.001901
0.001226
0.000538
-0.000086
-0.000671
-0.001267
-0.001945
-0.002747
-0.003581
-0.004290
-0.004803
-0.005137
-0.005328
-0.005518
-0.005858
-0.006303
-0.006739
-0.007091
-0.007398
-0.007861
-0.008620
-0.009670
-0.010926
-0.012211
-0.013326
-0.014213
-0.014972
-0.015666
-0.016205
-0.016465
-0.016381
-0.015935
-0.015175
-0.014243
-0.013340
-0.012523
-0.011759
-0.011126
-0.010782
-0.010748
-0.010875
-0.011003
-0.011138
-0.011408
-0.011836
-0.012315
-0.012750
-0.013135
-0.013460
-0.013680
-0.013786
-0.013818
-0.013828
-0.013821
-0.013780
-0.013664
-0.013446
-0.013168
-0.012917
-0.012771
-0.012765
-0.012859
-0.012985
-0.013109
-0.013243
-0.013419
-0.013651
-0.013963
-0.014369
-0.014835
-0.015269
-0.015575
-0.015746
-0.015820
-0.015796
-0.015659
-0.015412
-0.015059
-0.014624
-0.014175
-0.013752
-0.013364
-0.013036
-0.012830
-0.012789
-0.012886
-0.013040
-0.013188
-0.013342
-0.013554
-0.013814
-0.014055
-0.014231
-0.014330
-0.014347
-0.014299
-0.014245
-0.014238
-0.014265
-0.014287
-0.014271
-0.014207
-0.014094
-0.013940
-0.013768
-0.013600
-0.013448
-0.013281
-0.013045
-0.012761
-0.012559
-0.012483
-0.012443
-0.012377
-0.012296
-0.012193
-0.012039
-0.011853
-0.011678
-0.011523
-0.011352
-0.011130
-0.010860
-0.010573
-0.010293
-0.010055
-0.009879
-0.009749
-0.009612
-0.009437
-0.009243
-0.009064
-0.008920
-0.008805
-0.008700
-0.008584
-0.008437
-0.008272
-0.008132
-0.008029
-0.007945
-0.007858
-0.007759
-0.007665
-0.007595
-0.007558
-0.007558
-0.007581
-0.007609
-0.007632
-0.007659
-0.007694
-0.007722
-0.007724
-0.007693
-0.007630
-0.007556
-0.007472
-0.007374
-0.007262
-0.007132
-0.006982
-0.006813
-0.006636
-0.006462
-0.006295
-0.006132
-0.005965
-0.005791
-0.005619
-0.005460
-0.005317
-0.005185
-0.005058
-0.004934
-0.004814
-0.004696
-0.004577
-0.004448
-0.004312
-0.004166
-0.004012
-0.003856
-0.003707
-0.003568
-0.003439
-0.003311
-0.003176
-0.003033
-0.002886
-0.002747
-0.002618
-0.002497
-0.002380
-0.002265
-0.002151
-0.002041
-0.001935
-0.001835
-0.001742
-0.001654
-0.001567
-0.001481
-0.001398
-0.001323
-0.001257
-0.001199
-0.001144
-0.001089
-0.001035
-0.000980
-0.000922
-0.000859
-0.000793
-0.000723
-0.000649
-0.000571
-0.000493
-0.000418
-0.000343
-0.000272
-0.000202
-0.000132
-0.000062
0.000008
0.000074
0.000139
0.000201
0.000263
0.000326
0.000386
0.000446
0.000504
0.000560
0.000616
0.000672
0.000731
0.000790
0.000852
0.000913
0.000975
0.001035
0.001095
0.001155
0.001214
0.001273
0.001332
0.001389
0.001446
0.001504
0.001560
0.001616
0.001673
0.001729
0.001785
0.001841
0.001895
0.001949
0.002002
0.002053
0.002104
0.002152
0.002201
0.002247
0.002293
0.002338
0.002382
0.002425
0.002468
0.002510
0.002551
0.002592
0.002630
0.002670
0.002708
0.002746
0.002783
0.002818
0.002854
0.002888
0.002922
0.002954
0.002987
0.003018
0.003048
0.003078
0.003109
0.003138
0.003166
0.003193
0.003221
0.003247
0.003273
0.003299
0.003323
0.003347
0.003371
0.003394
0.003416
0.003438
0.003458
0.003479
0.003498
0.003518
0.003536
0.003553
0.003571
0.003587
0.003603
0.003618
0.003633
0.003647
0.003661
0.003674
0.003686
0.003698
0.003709
0.003720
0.003729
0.003739
