-0.000140
-0.000159
-0.000169
-0.000179
-0.000185
-0.000179
-0.000170
-0.000173
-0.000177
-0.000179
-0.000177
-0.000179
-0.000174
-0.000164
-0.000148
-0.000147
-0.000160
-0.000179
-0.000193
-0.000193
-0.000186
-0.000162
-0.000141
-0.000143
-0.000142
-0.000161
-0.000159
-0.000132
-0.000101
-0.000139
-0.000261
-0.000365
-0.000384
-0.000308
-0.000180
-0.000099
-0.000115
-0.000200
-0.000246
-0.000166
-0.000016
0.000030
-0.000117
-0.000265
-0.000238
-0.000065
0.000193
0.000312
0.000181
-0.000124
-0.000434
-0.000619
-0.000719
-0.000727
-0.000685
-0.000732
-0.000813
-0.000795
-0.000723
-0.000536
-0.000359
-0.000391
-0.000498
-0.000550
-0.000596
-0.000784
-0.000821
-0.000427
0.000069
0.000169
-0.000276
-0.000886
-0.001145
-0.001108
-0.000808
-0.000494
-0.000378
-0.000418
-0.000378
-0.000300
-0.000231
-0.000146
-0.000138
-0.000251
-0.000518
-0.000853
-0.001061
-0.001016
-0.000976
-0.001117
-0.001423
-0.001621
-0.001632
-0.001597
-0.001628
-0.001523
-0.001217
-0.000787
-0.000316
-0.000105
-0.000314
-0.000655
-0.000970
-0.001233
-0.001152
-0.000714
-0.000277
-0.000633
-0.001871
-0.002945
-0.002916
-0.002000
-0.001010
-0.000435
-0.000438
-0.001257
-0.003321
-0.005877
-0.007441
-0.007581
-0.006237
-0.004306
-0.002977
-0.002504
-0.002836
-0.004407
-0.006767
-0.007872
-0.006702
-0.004291
-0.002370
-0.002149
-0.003151
-0.003796
-0.003486
-0.002374
-0.000614
0.001109
0.001996
0.002075
0.002025
0.002386
0.003031
0.003215
0.002128
-0.000186
-0.003204
-0.006281
-0.008098
-0.008226
-0.007579
-0.006856
-0.006227
-0.005922
-0.006438
-0.007381
-0.007586
-0.006068
-0.003432
-0.001209
-0.000544
-0.001201
-0.002068
-0.002112
-0.001740
-0.001270
-0.000269
0.001599
0.003600
0.004744
0.004211
0.003339
0.004101
0.005715
0.005760
0.002387
-0.003547
-0.009314
-0.012563
-0.012739
-0.010814
-0.008261
-0.005525
-0.003130
-0.001571
-0.001247
-0.001369
-0.001419
-0.000298
0.001830
0.004047
0.005166
0.004697
0.003721
0.002876
0.003560
0.006780
0.012270
0.019040
0.024740
0.027453
0.027132
0.025502
0.024559
0.023584
0.019645
0.010817
-0.002820
-0.015156
-0.018521
-0.012610
-0.003971
-0.000002
-0.003373
-0.011333
-0.019405
-0.023275
-0.020649
-0.012339
-0.001094
0.009797
0.017097
0.018216
0.013154
0.004753
-0.003376
-0.007306
-0.005140
0.000884
0.007377
0.011164
0.010895
0.006900
-0.000339
-0.008903
-0.015800
-0.019040
-0.017786
-0.014076
-0.010775
-0.010363
-0.011799
-0.011842
-0.008170
-0.000092
0.010828
0.020696
0.024616
0.021285
0.014899
0.010868
0.010735
0.013529
0.017072
0.018480
0.016972
0.012973
0.008511
0.005212
0.003355
0.001608
-0.002812
-0.011185
-0.022344
-0.033663
-0.042806
-0.047670
-0.044905
-0.031400
-0.010435
0.009845
0.021825
0.023138
0.017579
0.009189
0.000018
-0.009577
-0.019549
-0.028168
-0.033633
-0.035160
-0.033511
-0.029924
-0.025030
-0.020150
-0.017072
-0.017660
-0.021962
-0.027542
-0.030683
-0.029270
-0.023729
-0.018164
-0.014911
-0.012098
-0.007027
0.000766
0.008006
0.009653
0.002360
-0.011518
-0.024733
-0.031869
-0.032891
-0.030488
-0.025959
-0.019473
-0.012729
-0.007762
-0.005478
-0.005114
-0.005715
-0.007135
-0.009294
-0.011592
-0.013133
-0.012946
-0.009445
-0.002070
0.006058
0.011134
0.012228
0.011079
0.009617
0.008432
0.008427
0.008971
0.008426
0.005995
0.000745
-0.006152
-0.009063
-0.003464
0.008445
0.020213
0.027317
0.029155
0.026425
0.019548
0.011406
0.006611
0.007827
0.013973
0.021875
0.028345
0.031872
0.032768
0.031157
0.026823
0.020136
0.012541
0.005152
-0.001617
-0.005864
-0.003872
0.006309
0.020724
0.031952
0.035502
0.032215
0.024608
0.014168
0.002222
-0.008506
-0.013168
-0.007803
0.005124
0.019102
0.028367
0.031331
0.030841
0.029794
0.026511
0.020128
0.017110
0.024479
0.042660
0.063834
0.078031
0.080627
0.072628
0.057947
0.040690
0.024493
0.010802
0.001228
-0.002461
-0.001137
0.000806
-0.001059
-0.008426
-0.017298
-0.019870
-0.011137
0.007696
0.029928
0.046057
0.050538
0.044472
0.033290
0.022611
0.014657
0.005473
-0.008609
-0.023956
-0.032230
-0.027412
-0.009197
0.018052
0.045657
0.063461
0.067121
0.059610
0.046298
0.031202
0.016294
0.004393
-0.002571
-0.006247
-0.010059
-0.016036
-0.021445
-0.021996
-0.018095
-0.014407
-0.015789
-0.024133
-0.037094
-0.049765
-0.056774
-0.055844
-0.050707
-0.046912
-0.047434
-0.050623
-0.052598
-0.050322
-0.043907
-0.036532
-0.030972
-0.025960
-0.018065
-0.008168
-0.000290
0.003996
0.007752
0.015966
0.030743
0.048037
0.060278
0.062632
0.052235
0.027640
-0.008163
-0.044974
-0.073181
-0.087083
-0.088942
-0.084769
-0.078558
-0.071262
-0.062143
-0.051574
-0.037380
-0.013062
0.018651
0.046122
0.060580
0.062607
0.062195
0.067228
0.075763
0.079888
0.073301
0.057934
0.041739
0.031694
0.028139
0.026631
0.023341
0.018026
0.011907
0.007177
0.005112
0.006138
0.008741
0.011735
0.013358
0.012058
0.009119
0.005831
0.001191
-0.004263
-0.008297
-0.010427
-0.012034
-0.016247
-0.023606
-0.031775
-0.036472
-0.035284
-0.029777
-0.022835
-0.014316
-0.002392
0.011106
0.023672
0.032794
0.037891
0.041021
0.043778
0.046680
0.050030
0.053029
0.054397
0.055492
0.059050
0.064444
0.067811
0.062531
0.045589
0.023119
0.004878
-0.006160
-0.013375
-0.021362
-0.029961
-0.036479
-0.038764
-0.036104
-0.029885
-0.021627
-0.011788
-0.002193
0.005356
0.010569
0.013238
0.012073
0.005207
-0.007299
-0.023635
-0.041858
-0.060500
-0.076447
-0.086755
-0.089521
-0.083311
-0.070030
-0.053118
-0.034568
-0.016921
-0.002984
0.004651
0.005800
0.002845
-0.000911
-0.004039
-0.005343
-0.003046
0.001617
0.004003
-0.000789
-0.014139
-0.032414
-0.050611
-0.064554
-0.072611
-0.076262
-0.078886
-0.081294
-0.080598
-0.074928
-0.064287
-0.052021
-0.042286
-0.038057
-0.039322
-0.041410
-0.039164
-0.030920
-0.018059
-0.003194
0.010774
0.020320
0.024972
0.027049
0.029460
0.034476
0.043695
0.057369
0.071491
0.082115
0.088566
0.090763
0.090095
0.087252
0.080489
0.068151
0.052201
0.036497
0.023685
0.012528
0.000364
-0.013365
-0.026592
-0.036637
-0.041382
-0.039885
-0.033399
-0.023859
-0.013013
-0.003005
0.006925
0.016998
0.025234
0.030444
0.033166
0.035194
0.039214
0.047406
0.058737
0.071556
0.083501
0.092047
0.095569
0.093581
0.086106
0.074107
0.058860
0.042285
0.027658
0.017536
0.011842
0.008525
0.004795
-0.003009
-0.017078
-0.035426
-0.053225
-0.065414
-0.068200
-0.062579
-0.054997
-0.052515
-0.056376
-0.062703
-0.067711
-0.069563
-0.068103
-0.065016
-0.062871
-0.064078
-0.068366
-0.073116
-0.076731
-0.078378
-0.077209
-0.073727
-0.069827
-0.067060
-0.065222
-0.063121
-0.059376
-0.052593
-0.042747
-0.030943
-0.017555
-0.003370
0.009203
0.018225
0.023792
0.028630
0.035078
0.043178
0.051472
0.058809
0.064825
0.068964
0.071466
0.073096
0.074270
0.073708
0.069087
0.058477
0.042902
0.025831
0.009563
-0.005753
-0.020202
-0.034336
-0.050321
-0.071220
-0.097223
-0.124584
-0.148476
-0.164778
-0.170593
-0.166451
-0.155886
-0.141904
-0.125197
-0.105719
-0.083963
-0.061082
-0.039570
-0.021948
-0.009815
-0.003595
-0.001602
0.000365
0.006424
0.018614
0.037492
0.062347
0.091590
0.121870
0.150288
0.175383
0.195140
0.207426
0.210626
0.206609
0.199756
0.193393
0.188342
0.182772
0.172558
0.153093
0.125439
0.093654
0.062485
0.036254
0.017613
0.008495
0.008300
0.015893
0.030426
0.049182
0.068675
0.086968
0.102506
0.113515
0.115827
0.103047
0.070826
0.022276
-0.030427
-0.073782
-0.098931
-0.105780
-0.101115
-0.091294
-0.078510
-0.061572
-0.038988
-0.013350
0.008989
0.023393
0.029156
0.028133
0.022896
0.015750
0.007277
-0.001915
-0.010200
-0.016285
-0.018888
-0.017133
-0.011600
-0.003194
0.006066
0.012823
0.013083
0.003767
-0.014691
-0.036734
-0.057950
-0.079378
-0.103875
-0.132089
-0.163275
-0.193016
-0.213283
-0.220988
-0.220191
-0.216582
-0.213766
-0.212174
-0.211562
-0.209004
-0.200920
-0.187956
-0.173898
-0.162386
-0.153123
-0.140809
-0.119675
-0.088777
-0.052360
-0.017508
0.008996
0.024905
0.032196
0.032997
0.028757
0.021541
0.013956
0.007510
0.002768
0.000585
-0.000085
-0.001308
-0.004319
-0.009544
-0.018174
-0.028806
-0.039213
-0.048339
-0.053438
-0.053706
-0.050374
-0.044556
-0.035230
-0.021306
-0.001437
0.023711
0.051199
0.076695
0.097947
0.114654
0.128387
0.141957
0.155811
0.167019
0.173013
0.173665
0.171431
0.169380
0.168939
0.169532
0.170101
0.169909
0.168464
0.166750
0.166485
0.168942
0.173623
0.178851
0.184909
0.191800
0.197820
0.202029
0.205014
0.207927
0.210230
0.209032
0.198303
0.169982
0.121767
0.063111
0.005219
-0.050770
-0.096264
-0.128157
-0.152057
-0.172603
-0.191242
-0.206260
-0.218229
-0.230360
-0.245245
-0.261885
-0.277469
-0.289377
-0.296508
-0.299569
-0.300000
-0.298086
-0.291267
-0.276928
-0.255751
-0.228862
-0.197857
-0.165674
-0.132301
-0.095365
-0.057348
-0.022059
0.010163
0.037698
0.064852
0.091306
0.111681
0.130851
0.153208
0.176900
0.197933
0.212412
0.218741
0.216450
0.202508
0.174067
0.132799
0.085418
0.041939
0.013394
0.002635
0.004333
0.012993
0.025360
0.040994
0.061200
0.085914
0.111041
0.131982
0.147057
0.158138
0.169142
0.181888
0.194667
0.205025
0.213632
0.222937
0.234070
0.246079
0.255158
0.256712
0.248317
0.231344
0.207098
0.180165
0.161333
0.151986
0.143716
0.133109
0.123465
0.117203
0.113544
0.110040
0.102927
0.084077
0.042968
-0.025114
-0.107735
-0.173862
-0.202796
-0.204238
-0.199321
-0.203881
-0.221933
-0.243288
-0.256263
-0.257644
-0.247738
-0.222510
-0.175226
-0.106162
-0.028688
0.030812
0.060562
0.066358
0.057817
0.041523
0.018845
-0.005633
-0.025859
-0.039619
-0.047296
-0.050698
-0.050906
-0.048590
-0.045951
-0.045813
-0.049320
-0.056080
-0.065230
-0.076005
-0.086240
-0.094454
-0.099807
-0.102212
-0.102548
-0.102258
-0.103666
-0.109398
-0.122131
-0.141648
-0.163784
-0.183837
-0.197423
-0.201093
-0.196157
-0.188915
-0.183968
-0.183790
-0.188405
-0.194902
-0.200324
-0.203432
-0.205415
-0.209593
-0.219282
-0.235892
-0.257018
-0.276853
-0.290455
-0.296172
-0.296255
-0.293528
-0.288075
-0.279704
-0.266981
-0.248047
-0.221897
-0.189998
-0.154735
-0.118309
-0.084191
-0.053524
-0.023456
0.006341
0.032421
0.052818
0.069466
0.085701
0.103896
0.122441
0.139585
0.156229
0.172992
0.189226
0.204641
0.219631
0.233135
0.244357
0.254532
0.264416
0.274072
0.282707
0.288339
0.288010
0.280673
0.268043
0.253934
0.241092
0.230631
0.221630
0.212571
0.201430
0.187884
0.172121
0.153546
0.132896
0.114827
0.102905
0.097321
0.097758
0.102782
0.109299
0.111760
0.105348
0.088101
0.061185
0.027984
-0.006284
-0.035558
-0.055718
-0.066898
-0.070164
-0.066361
-0.056930
-0.043269
-0.025323
-0.003434
0.022262
0.047937
0.070721
0.090786
0.108694
0.125433
0.141610
0.157719
0.171251
0.179004
0.178609
0.169105
0.150064
0.123804
0.095806
0.069722
0.046567
0.024253
0.002958
-0.015550
-0.030789
-0.044055
-0.057827
-0.074400
-0.092832
-0.110346
-0.123778
-0.132905
-0.139099
-0.143557
-0.146846
-0.148851
-0.150159
-0.151843
-0.154655
-0.158494
-0.163092
-0.167721
-0.172140
-0.177446
-0.183265
-0.187926
-0.190650
-0.192468
-0.196055
-0.203155
-0.211891
-0.218161
-0.217233
-0.205235
-0.182903
-0.157525
-0.135764
-0.118719
-0.105725
-0.094498
-0.081317
-0.063352
-0.038663
-0.009688
0.020913
0.052095
0.082585
0.110381
0.131014
0.145847
0.159128
0.171680
0.181251
0.186264
0.187211
0.184673
0.178818
0.170552
0.161259
0.152357
0.144312
0.136957
0.131539
0.129481
0.131116
0.133838
0.133913
0.130173
0.124581
0.119779
0.115679
0.110123
0.101693
0.091308
0.079987
0.068676
0.056801
0.043082
0.029290
0.017738
0.009566
0.004625
0.002094
0.000849
0.000301
0.000290
0.000276
0.000528
0.001726
0.003576
0.005343
0.006298
0.005940
0.002783
-0.003594
-0.010714
-0.014306
-0.012505
-0.006213
0.003005
0.014685
0.029265
0.047319
0.066984
0.084618
0.097385
0.104463
0.105826
0.102025
0.094340
0.084309
0.073049
0.061432
0.050227
0.039824
0.031144
0.024868
0.022021
0.023706
0.030457
0.041879
0.055822
0.068881
0.078270
0.082574
0.081481
0.075604
0.066381
0.054360
0.039858
0.023813
0.007575
-0.007780
-0.022145
-0.036050
-0.049256
-0.060580
-0.069850
-0.078575
-0.088141
-0.098628
-0.109860
-0.121338
-0.132712
-0.143555
-0.152957
-0.160176
-0.165270
-0.166891
-0.165381
-0.162859
-0.160089
-0.156077
-0.148240
-0.134425
-0.113418
-0.084896
-0.050700
-0.015877
0.013404
0.032282
0.040043
0.040037
0.035854
0.030178
0.024585
0.020199
0.018557
0.021286
0.028315
0.037716
0.046619
0.052626
0.054017
0.052032
0.049722
0.049125
0.050278
0.054000
0.060146
0.067342
0.074855
0.082667
0.090452
0.097288
0.102595
0.105399
0.105905
0.104797
0.102227
0.097796
0.091718
0.084432
0.077300
0.070573
0.063566
0.055974
0.048465
0.042241
0.037234
0.032280
0.027449
0.023133
0.018089
0.010679
0.002927
-0.002736
-0.005995
-0.007346
-0.007895
-0.008540
-0.010140
-0.014346
-0.020907
-0.029134
-0.038279
-0.047703
-0.057907
-0.069017
-0.080163
-0.090582
-0.099973
-0.107702
-0.113259
-0.116566
-0.117187
-0.115657
-0.113504
-0.110763
-0.107871
-0.105734
-0.104907
-0.104998
-0.105505
-0.105729
-0.105811
-0.107034
-0.110006
-0.115463
-0.123426
-0.133634
-0.142912
-0.148560
-0.153227
-0.159369
-0.166408
-0.173500
-0.179853
-0.184423
-0.186888
-0.187805
-0.185938
-0.179454
-0.164717
-0.141943
-0.111102
-0.071020
-0.028843
0.005258
0.027000
0.039381
0.047095
0.052986
0.058142
0.062988
0.067392
0.071478
0.075125
0.077418
0.078227
0.078141
0.077389
0.076076
0.074277
0.071972
0.069463
0.067445
0.066394
0.066065
0.064979
0.062069
0.057742
0.052185
0.044909
0.036121
0.026324
0.015538
0.004149
-0.006973
-0.016714
-0.024250
-0.030119
-0.035717
-0.041679
-0.047041
-0.050871
-0.053172
-0.053952
-0.052254
-0.047916
-0.041939
-0.035042
-0.027115
-0.017833
-0.007412
0.003679
0.015134
0.026181
0.035885
0.043904
0.051098
0.058071
0.064191
0.068081
0.069278
0.068784
0.066898
0.063332
0.057718
0.050060
0.041100
0.032020
0.023563
0.015466
0.007362
0.000155
-0.004253
-0.005202
-0.004264
-0.003990
-0.005450
-0.007664
-0.009638
-0.011826
-0.015217
-0.020299
-0.026812
-0.033790
-0.040923
-0.049056
-0.058690
-0.068609
-0.076950
-0.081857
-0.082663
-0.080784
-0.077277
-0.072271
-0.066303
-0.060552
-0.056012
-0.053002
-0.050251
-0.045413
-0.036684
-0.023927
-0.009211
0.004182
0.014491
0.021994
0.027127
0.029885
0.030347
0.028971
0.026741
0.024682
0.022438
0.019668
0.017064
0.014842
0.012427
0.009728
0.007553
0.006538
0.006714
0.007478
0.007446
0.006717
0.006934
0.009153
0.012978
0.017183
0.019695
0.020007
0.019341
0.018348
0.016681
0.014225
0.011542
0.008381
0.004695
0.000106
-0.006405
-0.015939
-0.028451
-0.043722
-0.059210
-0.071220
-0.077468
-0.078150
-0.074374
-0.067306
-0.057345
-0.044965
-0.032033
-0.019917
-0.009843
-0.002775
0.001524
0.003443
0.002246
-0.002151
-0.009116
-0.018143
-0.028411
-0.038919
-0.048083
-0.054708
-0.059084
-0.062166
-0.064378
-0.064470
-0.059436
-0.045707
-0.024032
0.000826
0.023078
0.038540
0.047113
0.051187
0.053787
0.056692
0.059736
0.063038
0.066931
0.070847
0.073520
0.074147
0.073343
0.072396
0.072095
0.073087
0.075174
0.076669
0.075514
0.071022
0.063374
0.053017
0.040974
0.030692
0.026084
0.028031
0.034871
0.044217
0.053251
0.059574
0.062423
0.062486
0.060829
0.057798
0.052833
0.045006
0.034129
0.021729
0.009953
0.000114
-0.007539
-0.014221
-0.021634
-0.030195
-0.038731
-0.045129
-0.047556
-0.045364
-0.038603
-0.027898
-0.014973
-0.002949
0.005101
0.008066
0.006767
0.002594
-0.002898
-0.007983
-0.011337
-0.012148
-0.010189
-0.006544
-0.003282
-0.001379
-0.000897
-0.001060
-0.000936
-0.000281
0.000593
0.001167
0.001549
0.001782
0.001375
0.000190
-0.001464
-0.002748
-0.003161
-0.002473
-0.000111
0.003558
0.007147
0.009858
0.011434
0.012006
0.011868
0.010933
0.009472
0.007842
0.005466
0.001704
-0.002651
-0.005595
-0.005623
-0.002757
0.002427
0.009267
0.017124
0.024620
0.030671
0.035334
0.038436
0.039855
0.038977
0.034972
0.028715
0.022845
0.020151
0.022326
0.029433
0.039717
0.050609
0.059484
0.064536
0.065668
0.064280
0.062530
0.061315
0.059707
0.056371
0.050251
0.041025
0.029692
0.018296
0.008210
-0.000528
-0.007839
-0.013735
-0.018476
-0.021985
-0.024104
-0.024836
-0.023715
-0.020616
-0.015932
-0.010236
-0.004390
0.001439
0.008066
0.016328
0.025189
0.032287
0.036756
0.039076
0.039872
0.039494
0.038462
0.037563
0.037076
0.036442
0.035745
0.035249
0.035393
0.036629
0.039660
0.044359
0.048685
0.049872
0.045562
0.036582
0.026596
0.018108
0.012866
0.011928
0.014896
0.020207
0.026334
0.031438
0.033555
0.032167
0.027573
0.019571
0.008553
-0.004286
-0.017716
-0.030482
-0.041642
-0.050733
-0.057627
-0.061363
-0.060846
-0.056467
-0.049584
-0.041415
-0.032718
-0.024224
-0.016800
-0.011293
-0.008039
-0.007305
-0.010101
-0.017102
-0.027173
-0.037873
-0.047189
-0.055035
-0.062507
-0.069446
-0.075078
-0.079581
-0.083438
-0.086961
-0.090243
-0.093312
-0.095148
-0.094628
-0.091228
-0.084029
-0.073854
-0.062974
-0.052728
-0.043885
-0.037040
-0.032323
-0.029167
-0.027256
-0.026044
-0.024191
-0.020534
-0.014554
-0.006380
0.002097
0.008261
0.011439
0.012837
0.013969
0.015538
0.017244
0.018827
0.020686
0.024116
0.030200
0.038681
0.047646
0.054946
0.059296
0.060890
0.060701
0.059521
0.057835
0.055795
0.053525
0.051584
0.050691
0.050889
0.051500
0.052074
0.052775
0.053893
0.054942
0.055333
0.055462
0.055476
0.054569
0.052251
0.049260
0.046564
0.043736
0.039744
0.034422
0.028471
0.022705
0.018339
0.015675
0.014519
0.015237
0.017845
0.021204
0.024176
0.027110
0.030538
0.033489
0.035213
0.035660
0.034624
0.031489
0.025283
0.016309
0.006074
-0.004277
-0.013491
-0.020081
-0.023354
-0.024615
-0.026000
-0.028106
-0.030079
-0.031481
-0.032507
-0.033660
-0.034920
-0.035759
-0.036551
-0.037881
-0.039925
-0.043027
-0.046806
-0.050417
-0.053053
-0.053827
-0.052744
-0.050572
-0.048078
-0.045622
-0.043667
-0.041962
-0.039602
-0.036117
-0.032086
-0.028849
-0.027104
-0.026630
-0.026789
-0.027187
-0.027914
-0.028836
-0.028817
-0.027395
-0.025915
-0.025551
-0.026206
-0.027215
-0.028359
-0.029434
-0.029306
-0.027545
-0.024726
-0.021056
-0.016527
-0.011297
-0.004939
0.002036
0.007919
0.011446
0.012890
0.013452
0.015056
0.018817
0.024702
0.031169
0.037180
0.042540
0.046554
0.049170
0.051058
0.052346
0.052735
0.052014
0.050146
0.047384
0.043852
0.040047
0.036616
0.032989
0.028614
0.023826
0.019145
0.014395
0.010782
0.009263
0.009254
0.010953
0.012674
0.012731
0.012862
0.012598
0.011301
0.009658
0.008914
0.009345
0.010796
0.012668
0.014634
0.017096
0.019437
0.020534
0.020814
0.020650
0.020413
0.020384
0.019695
0.017571
0.013320
0.006306
-0.002981
-0.012772
-0.021525
-0.029213
-0.036193
-0.041638
-0.045550
-0.048348
-0.050200
-0.051883
-0.053446
-0.053310
-0.050983
-0.046767
-0.039871
-0.030695
-0.020725
-0.009865
0.001757
0.013111
0.022002
0.027461
0.030731
0.032722
0.034156
0.035647
0.037297
0.038727
0.039093
0.037548
0.033690
0.027693
0.020328
0.011536
0.001430
-0.008950
-0.019505
-0.029808
-0.037655
-0.041243
-0.040830
-0.038225
-0.035125
-0.031977
-0.027648
-0.021882
-0.015906
-0.011035
-0.008045
-0.006559
-0.006148
-0.007019
-0.009072
-0.011874
-0.014883
-0.017032
-0.016985
-0.014570
-0.010826
-0.007626
-0.006321
-0.006569
-0.007185
-0.007662
-0.007851
-0.007575
-0.007496
-0.008251
-0.009633
-0.011351
-0.012890
-0.013175
-0.011598
-0.008730
-0.005735
-0.002964
-0.000394
0.001814
0.003276
0.003895
0.003423
0.001080
-0.003191
-0.008931
-0.015589
-0.022156
-0.028093
-0.033308
-0.037745
-0.041390
-0.044427
-0.047091
-0.049342
-0.051011
-0.052350
-0.053879
-0.055065
-0.054434
-0.050711
-0.043934
-0.035349
-0.025828
-0.016077
-0.007130
-0.000193
0.003805
0.003661
-0.001232
-0.009466
-0.017980
-0.023632
-0.024951
-0.022664
-0.018507
-0.013725
-0.008639
-0.002784
0.003078
0.007332
0.009328
0.009637
0.009787
0.010843
0.012689
0.015000
0.017606
0.020792
0.024614
0.027683
0.027341
0.022045
0.013223
0.003613
-0.004633
-0.010133
-0.012403
-0.012586
-0.011806
-0.009844
-0.005929
-0.000496
0.004627
0.007827
0.008915
0.008913
0.008694
0.008195
0.007112
0.005474
0.003434
0.001493
-0.000040
-0.001590
-0.003279
-0.004806
-0.005257
-0.003618
0.000127
0.004824
0.009743
0.014410
0.018868
0.023249
0.027163
0.030430
0.032722
0.034022
0.035558
0.038991
0.044495
0.050141
0.053138
0.052494
0.049535
0.045984
0.042728
0.040322
0.039036
0.038241
0.038274
0.040199
0.043837
0.047459
0.049975
0.051655
0.052557
0.052230
0.050123
0.045508
0.037461
0.025041
0.009721
-0.005045
-0.015676
-0.020969
-0.022625
-0.023483
-0.025104
-0.027435
-0.029180
-0.029665
-0.029076
-0.027041
-0.023082
-0.017320
-0.009758
-0.000918
0.008370
0.016956
0.024834
0.032663
0.040603
0.048022
0.053749
0.057095
0.057839
0.056061
0.051590
0.044338
0.035757
0.027803
0.022085
0.019224
0.018791
0.019371
0.019595
0.018712
0.016638
0.013504
0.009777
0.006025
0.002706
0.000611
0.000132
0.000959
0.002724
0.004714
0.006338
0.007222
0.007353
0.007546
0.008551
0.010400
0.011644
0.011344
0.009721
0.006695
0.001866
-0.004375
-0.010547
-0.014955
-0.017146
-0.018403
-0.019495
-0.020684
-0.021780
-0.022239
-0.021957
-0.021077
-0.019836
-0.018514
-0.017457
-0.016786
-0.015605
-0.013963
-0.012184
-0.010742
-0.010157
-0.010994
-0.013486
-0.017453
-0.022561
-0.027544
-0.031294
-0.034676
-0.037919
-0.040395
-0.042407
-0.044218
-0.045826
-0.046774
-0.046755
-0.046860
-0.047422
-0.048092
-0.048357
-0.047612
-0.045563
-0.041625
-0.035749
-0.029018
-0.022615
-0.018447
-0.016193
-0.014686
-0.013637
-0.012621
-0.012114
-0.012386
-0.012844
-0.013811
-0.015192
-0.015703
-0.014507
-0.011755
-0.008166
-0.004517
-0.001989
-0.002092
-0.003547
-0.004792
-0.005490
-0.005607
-0.004770
-0.003312
-0.001631
0.000458
0.003473
0.007542
0.011674
0.014464
0.015234
0.014709
0.013408
0.011025
0.007491
0.003783
0.000745
-0.001304
-0.002698
-0.004565
-0.007950
-0.011834
-0.014191
-0.014263
-0.013150
-0.013314
-0.015686
-0.018817
-0.021183
-0.022615
-0.023444
-0.023594
-0.022802
-0.021099
-0.018680
-0.015891
-0.012992
-0.009987
-0.007107
-0.004510
-0.002343
-0.000691
0.000761
0.002898
0.005723
0.008780
0.011553
0.013691
0.014852
0.015308
0.016141
0.017712
0.019740
0.021440
0.022147
0.021790
0.020750
0.019561
0.018662
0.018035
0.017227
0.016043
0.014989
0.014631
0.014809
0.014804
0.014172
0.013842
0.014776
0.016233
0.017202
0.018010
0.018889
0.019271
0.018483
0.016397
0.013994
0.011589
0.008417
0.004935
0.002244
0.000740
0.000103
0.000006
0.000477
0.001612
0.003480
0.005980
0.008509
0.010795
0.012495
0.013217
0.013739
0.015248
0.018214
0.022159
0.026635
0.030791
0.033625
0.035398
0.036676
0.037567
0.038456
0.039309
0.039726
0.039741
0.038900
0.036254
0.031551
0.025458
0.019077
0.012711
0.005608
-0.002555
-0.011752
-0.021302
-0.028997
-0.033641
-0.035913
-0.036964
-0.037330
-0.036892
-0.035974
-0.035285
-0.035021
-0.035338
-0.035765
-0.036317
-0.037547
-0.038663
-0.038659
-0.037321
-0.035295
-0.033473
-0.031892
-0.030400
-0.028478
-0.026135
-0.023072
-0.018957
-0.014319
-0.009804
-0.006111
-0.002955
0.001294
0.007435
0.013578
0.016986
0.015517
0.008484
-0.002891
-0.016821
-0.032280
-0.047023
-0.058050
-0.064188
-0.066914
-0.068558
-0.070645
-0.072941
-0.073976
-0.072983
-0.070232
-0.066182
-0.061305
-0.055706
-0.049046
-0.041207
-0.031945
-0.021463
-0.011452
-0.003576
0.002137
0.006601
0.010844
0.016080
0.022378
0.029260
0.036571
0.043734
0.049594
0.053197
0.054563
0.054564
0.054054
0.053443
0.052095
0.049035
0.043704
0.036110
0.027249
0.019040
0.013341
0.011292
0.012982
0.016657
0.019804
0.021821
0.023491
0.025223
0.026963
0.028202
0.028375
0.026877
0.023963
0.020590
0.017272
0.014316
0.012051
0.010913
0.010397
0.009353
0.007579
0.005246
0.002155
-0.001635
-0.004896
-0.007626
-0.010410
-0.012848
-0.014053
-0.013688
-0.013243
-0.013169
-0.013207
-0.013361
-0.013272
-0.011980
-0.009538
-0.006932
-0.004601
-0.002717
-0.000919
0.000518
0.001011
0.001749
0.003311
0.004910
0.005726
0.005889
0.005911
0.006381
0.007706
0.008920
0.009707
0.009949
0.010179
0.010482
0.010375
0.009488
0.009110
0.009217
0.009800
0.011582
0.015456
0.020827
0.025554
0.028498
0.029716
0.029470
0.028295
0.025946
0.022606
0.019097
0.016094
0.014518
0.014907
0.016530
0.018062
0.018829
0.019265
0.019435
0.018143
0.014401
0.008373
0.000946
-0.006746
-0.013530
-0.019364
-0.024852
-0.029445
-0.032256
-0.033260
-0.032637
-0.030776
-0.027977
-0.023839
-0.017899
-0.011370
-0.005681
-0.000184
0.005502
0.010260
0.012919
0.013385
0.012589
0.011498
0.010471
0.009481
0.008137
0.006353
0.004069
0.001044
-0.003117
-0.008394
-0.013918
-0.018339
-0.021313
-0.022933
-0.023476
-0.023194
-0.022514
-0.021934
-0.021569
-0.021215
-0.021173
-0.021209
-0.020885
-0.020686
-0.021076
-0.022891
-0.025295
-0.027187
-0.027679
-0.027208
-0.026531
-0.025243
-0.023158
-0.021413
-0.020010
-0.018653
-0.017978
-0.018074
-0.018489
-0.018610
-0.018085
-0.017117
-0.015208
-0.012553
-0.009984
-0.007374
-0.004974
-0.003457
-0.002844
-0.002240
-0.000873
0.001136
0.002719
0.004223
0.006277
0.008403
0.010745
0.013350
0.015239
0.015466
0.014193
0.011918
0.009755
0.008513
0.008021
0.007073
0.005601
0.004373
0.002973
0.000857
-0.001640
-0.004084
-0.005678
-0.006087
-0.004696
-0.001534
0.001681
0.003649
0.004871
0.005289
0.005904
0.006641
0.006088
0.003453
-0.002277
-0.009786
-0.016252
-0.021148
-0.025111
-0.028418
-0.031324
-0.033762
-0.035605
-0.036083
-0.034066
-0.029890
-0.024475
-0.017598
-0.009669
-0.002155
0.003759
0.008191
0.012123
0.015741
0.019272
0.023449
0.027889
0.031310
0.032751
0.032331
0.030928
0.028543
0.025374
0.022011
0.017909
0.012083
0.004993
-0.001486
-0.006126
-0.008853
-0.009422
-0.007633
-0.004563
-0.001606
0.000935
0.003920
0.007523
0.011450
0.015604
0.019618
0.023251
0.026485
0.029146
0.030886
0.031713
0.031937
0.031450
0.029798
0.026201
0.020429
0.013015
0.005689
0.000687
-0.000977
-0.000234
0.000933
0.001845
0.002767
0.003472
0.003939
0.004489
0.005290
0.006188
0.006832
0.006807
0.006104
0.004903
0.003755
0.002989
0.002573
0.002624
0.002931
0.003300
0.003815
0.004576
0.005792
0.007283
0.009172
0.011607
0.013892
0.015396
0.016173
0.016573
0.016815
0.016941
0.016775
0.016260
0.015324
0.013738
0.011416
0.008908
0.006914
0.005679
0.005263
0.005992
0.008164
0.011664
0.015621
0.019093
0.021486
0.022750
0.022914
0.021807
0.019506
0.016144
0.012166
0.009000
0.007493
0.007468
0.007512
0.005596
0.001386
-0.004697
-0.012112
-0.019507
-0.025074
-0.027894
-0.028499
-0.027888
-0.026574
-0.024922
-0.022922
-0.019962
-0.016094
-0.012372
-0.009531
-0.007635
-0.006478
-0.005607
-0.004601
-0.003658
-0.003045
-0.002930
-0.003190
-0.003383
-0.002974
-0.001639
0.000101
0.001470
0.001862
0.001247
0.000221
-0.000327
-0.000147
0.000400
0.001551
0.003582
0.006314
0.009580
0.012118
0.013252
0.013688
0.014095
0.014471
0.015016
0.015894
0.017129
0.018342
0.019651
0.021251
0.022550
0.023125
0.022528
0.020702
0.017720
0.013369
0.008017
0.003069
-0.000324
-0.002166
-0.003073
-0.003882
-0.005881
-0.008393
-0.009729
-0.009550
-0.008481
-0.007482
-0.007519
-0.007721
-0.007548
-0.006857
-0.005550
-0.004307
-0.003483
-0.002703
-0.002804
-0.004101
-0.005867
-0.007637
-0.009390
-0.010477
-0.011048
-0.011408
-0.012127
-0.013365
-0.014890
-0.016087
-0.017027
-0.017728
-0.017744
-0.017302
-0.015764
-0.012857
-0.009570
-0.006766
-0.004387
-0.002520
-0.001574
-0.001314
-0.001401
-0.001743
-0.002264
-0.002772
-0.003450
-0.004206
-0.004457
-0.004661
-0.005566
-0.007283
-0.008787
-0.008727
-0.006752
-0.003516
0.000070
0.003086
0.005638
0.007978
0.009895
0.011035
0.011564
0.011897
0.012112
0.011439
0.010024
0.009119
0.009240
0.010240
0.011904
0.013794
0.015245
0.016364
0.017879
0.019863
0.021642
0.022771
0.023237
0.023375
0.023502
0.023621
0.023687
0.023346
0.022712
0.021470
0.019069
0.015048
0.009673
0.004795
0.001816
0.000992
0.001896
0.003262
0.004947
0.007189
0.009923
0.012434
0.014579
0.016234
0.017208
0.017742
0.018014
0.017205
0.015187
0.012914
0.010706
0.008080
0.005470
0.002969
-0.000059
-0.003708
-0.007500
-0.011200
-0.014669
-0.017392
-0.018550
-0.018348
-0.017528
-0.016499
-0.014806
-0.012331
-0.009721
-0.007309
-0.005166
-0.003668
-0.002731
-0.002086
-0.001999
-0.002371
-0.002691
-0.002625
-0.002176
-0.001674
-0.000870
0.000127
0.001143
0.002037
0.002695
0.003693
0.005332
0.006883
0.008482
0.010592
0.012713
0.014103
0.014386
0.013637
0.011972
0.009427
0.006363
0.003426
0.001037
-0.000585
-0.001680
-0.002667
-0.004093
-0.005498
-0.007171
-0.009174
-0.011255
-0.013710
-0.016659
-0.018784
-0.019953
-0.020372
-0.020187
-0.019773
-0.019358
-0.019206
-0.019311
-0.019603
-0.019790
-0.019830
-0.019519
-0.018576
-0.017127
-0.015481
-0.013922
-0.012873
-0.012040
-0.011004
-0.009624
-0.007861
-0.006261
-0.005097
-0.004110
-0.003746
-0.004244
-0.005373
-0.006730
-0.008236
-0.009501
-0.009426
-0.008307
-0.006985
-0.005796
-0.005315
-0.005379
-0.005312
-0.005244
-0.005128
-0.004896
-0.004845
-0.005653
-0.007475
-0.009588
-0.011893
-0.014996
-0.018248
-0.020926
-0.022940
-0.024923
-0.026870
-0.028036
-0.028879
-0.029862
-0.031234
-0.033214
-0.035014
-0.036386
-0.037104
-0.037354
-0.037311
-0.037480
-0.037899
-0.038195
-0.037846
-0.036969
-0.035717
-0.033277
-0.029394
-0.025202
-0.020209
-0.013829
-0.007107
-0.001370
0.004495
0.009802
0.014031
0.017205
0.019729
0.022093
0.023918
0.025366
0.026006
0.025673
0.024346
0.021703
0.017858
0.012992
0.007820
0.003738
0.000966
-0.001014
-0.002454
-0.003608
-0.004308
-0.004389
-0.004052
-0.003627
-0.003620
-0.003587
-0.002774
-0.001017
0.000873
0.002187
0.002966
0.002883
0.001964
0.001149
0.000665
-0.000433
-0.002047
-0.003327
-0.003698
-0.003391
-0.002760
-0.002233
-0.002095
-0.002934
-0.004135
-0.004877
-0.004700
-0.004011
-0.003655
-0.002991
-0.001315
0.001094
0.004453
0.008275
0.012634
0.018040
0.023892
0.028406
0.030943
0.032259
0.032946
0.033645
0.034227
0.033822
0.032328
0.029670
0.026168
0.023097
0.021157
0.020306
0.019581
0.018534
0.016931
0.014750
0.013130
0.012654
0.012694
0.012846
0.012978
0.012437
0.011200
0.009805
0.008942
0.008549
0.007756
0.005956
0.003886
0.001983
0.000153
-0.001472
-0.003165
-0.004675
-0.006286
-0.008059
-0.009474
-0.010313
-0.010677
-0.010319
-0.009125
-0.007437
-0.005594
-0.003663
-0.002347
-0.001257
-0.000408
0.000112
0.000404
0.000536
0.000785
0.001401
0.002241
0.002602
0.002197
0.001713
0.001613
0.001835
0.002124
0.002406
0.002393
0.002404
0.002375
0.002299
0.002126
0.002366
0.003409
0.005073
0.006992
0.008652
0.010245
0.011498
0.011801
0.011299
0.010724
0.010625
0.010688
0.010543
0.009999
0.008984
0.007342
0.005210
0.003217
0.001765
0.001299
0.001962
0.003208
0.004195
0.005052
0.005945
0.006951
0.008243
0.009370
0.010085
0.010313
0.010202
0.009089
0.006991
0.004851
0.003183
0.001630
-0.000451
-0.002669
-0.004390
-0.005163
-0.005163
-0.005231
-0.005984
-0.006937
-0.007353
-0.007050
-0.006371
-0.006147
-0.006044
-0.005350
-0.003857
-0.001999
-0.000199
0.001166
0.002021
0.002878
0.003740
0.004508
0.005102
0.005339
0.005130
0.004750
0.004982
0.006166
0.007802
0.009487
0.010619
0.010281
0.009301
0.008810
0.008448
0.008142
0.008029
0.008138
0.008170
0.007455
0.006491
0.006038
0.006150
0.006647
0.007239
0.007302
0.006315
0.004603
0.003360
0.002997
0.002537
0.001948
0.001537
0.000937
0.000145
-0.000917
-0.002359
-0.004091
-0.005932
-0.007729
-0.009419
-0.011146
-0.012094
-0.012241
-0.011785
-0.010749
-0.009783
-0.008940
-0.007864
-0.006516
-0.005138
-0.003837
-0.002545
-0.001665
-0.001172
-0.000811
-0.000486
-0.000254
-0.000142
-0.001141
-0.002880
-0.004098
-0.005303
-0.007396
-0.010230
-0.013023
-0.015770
-0.018418
-0.020759
-0.023209
-0.025379
-0.026929
-0.028113
-0.028982
-0.029726
-0.030300
-0.030790
-0.031165
-0.031865
-0.032979
-0.033734
-0.033881
-0.033475
-0.032579
-0.031816
-0.031216
-0.030945
-0.031124
-0.031169
-0.030599
-0.029542
-0.028107
-0.026481
-0.024674
-0.022883
-0.020623
-0.017548
-0.014160
-0.010565
-0.007063
-0.004170
-0.001980
-0.000186
0.001215
0.002130
0.003003
0.003832
0.004381
0.004153
0.002919
0.001400
0.000088
-0.000929
-0.001679
-0.001804
-0.000914
0.000611
0.001999
0.002990
0.003475
0.003372
0.002861
0.002270
0.001993
0.002391
0.003632
0.005536
0.007529
0.009278
0.011060
0.013295
0.016027
0.018832
0.021154
0.022593
0.023028
0.022971
0.022960
0.023344
0.024009
0.023887
0.022625
0.021000
0.019848
0.019486
0.019599
0.019729
0.019540
0.018709
0.017578
0.016413
0.015367
0.014857
0.014672
0.014359
0.014074
0.014043
0.014167
0.014702
0.015679
0.016300
0.016113
0.015636
0.015264
0.015048
0.014684
0.014161
0.013700
0.013242
0.013123
0.013490
0.013704
0.013602
0.013488
0.013378
0.013097
0.012770
0.012455
0.012011
0.011415
0.010724
0.010360
0.010496
0.010471
0.009720
0.008574
0.007301
0.005352
0.002206
-0.001362
-0.004168
-0.005535
-0.005554
-0.005105
-0.004764
-0.004290
-0.003471
-0.002822
-0.002849
-0.003372
-0.004248
-0.005374
-0.006349
-0.007136
-0.007640
-0.007535
-0.006936
-0.006565
-0.007141
-0.008338
-0.009046
-0.009650
-0.010878
-0.012172
-0.013019
-0.013085
-0.011796
-0.008645
-0.003196
0.003132
0.008452
0.011682
0.012761
0.012830
0.013259
0.014939
0.017671
0.021218
0.024785
0.027353
0.029442
0.031650
0.033420
0.033823
0.032936
0.031108
0.028331
0.024673
0.020129
0.014963
0.009911
0.005851
0.003569
0.002999
0.003191
0.002788
0.000746
-0.002651
-0.006403
-0.010367
-0.014202
-0.017485
-0.020592
-0.023289
-0.025345
-0.027433
-0.029631
-0.031487
-0.033297
-0.035006
-0.036207
-0.036637
-0.036211
-0.034920
-0.032803
-0.029901
-0.025854
-0.020735
-0.015484
-0.011225
-0.008473
-0.006832
-0.005246
-0.002642
0.001264
0.005835
0.011304
0.016699
0.020632
0.022748
0.023452
0.023272
0.022715
0.022206
0.021370
0.019327
0.015278
0.008534
-0.000685
-0.011109
-0.022246
-0.033566
-0.043361
-0.050304
-0.054459
-0.056560
-0.057320
-0.055377
-0.049276
-0.038964
-0.025701
-0.012111
-0.001520
0.004422
0.006018
0.005294
0.004277
0.004265
0.005264
0.006904
0.008480
0.009418
0.010022
0.010743
0.011604
0.011209
0.009285
0.005846
0.001456
-0.002536
-0.004684
-0.004160
-0.001663
0.001329
0.003945
0.006162
0.007767
0.008235
0.006524
0.003422
0.000759
-0.000611
-0.001018
-0.000878
-0.000394
0.000144
0.000898
0.001551
0.001931
0.002398
0.003187
0.003464
0.002682
0.001401
0.000004
-0.001317
-0.002149
-0.001895
-0.000140
0.003118
0.008535
0.014193
0.018271
0.020537
0.021038
0.019876
0.017608
0.014198
0.009329
0.003837
-0.000519
-0.002775
-0.003421
-0.003184
-0.002414
-0.001297
0.000028
0.001380
0.001960
0.001441
-0.000200
-0.002663
-0.005103
-0.006963
-0.008761
-0.010827
-0.012717
-0.014003
-0.014943
-0.015637
-0.015888
-0.014936
-0.012079
-0.007746
-0.002830
0.002201
0.006692
0.009894
0.011293
0.011244
0.010392
0.009347
0.008530
0.007467
0.005765
0.003598
0.001686
0.000897
0.000729
0.000367
-0.000294
-0.000673
-0.000740
-0.000873
-0.001366
-0.001553
-0.001228
-0.000800
-0.000264
0.000276
0.000867
0.001415
0.001924
0.002392
0.003102
0.003888
0.004293
0.004474
0.004358
0.004481
0.005272
0.007081
0.009811
0.013194
0.017284
0.021571
0.024531
0.025499
0.025463
0.025048
0.024003
0.022366
0.020738
0.019112
0.017360
0.015563
0.013713
0.011741
0.009093
0.005826
0.002318
-0.000991
-0.003341
-0.004423
-0.004568
-0.004213
-0.004361
-0.005007
-0.005570
-0.005842
-0.005972
-0.005690
-0.004869
-0.003691
-0.002697
-0.001798
-0.000965
-0.000479
-0.000097
0.000367
0.000959
0.001471
0.001893
0.002250
0.002413
0.002373
0.002187
0.001528
0.000197
-0.001714
-0.003733
-0.005143
-0.005371
-0.004463
-0.003298
-0.002696
-0.002537
-0.002732
-0.003349
-0.003749
-0.004633
-0.006193
-0.007875
-0.009563
-0.011398
-0.012949
-0.014176
-0.015276
-0.016499
-0.017735
-0.018424
-0.017804
-0.016811
-0.015995
-0.015362
-0.014265
-0.012765
-0.011391
-0.009817
-0.007637
-0.005440
-0.002829
-0.000266
0.001240
0.001679
0.001325
0.000670
-0.000017
-0.001784
-0.004526
-0.007864
-0.010908
-0.012597
-0.012743
-0.012283
-0.011911
-0.011567
-0.011112
-0.010335
-0.009298
-0.008274
-0.007345
-0.006515
-0.005927
-0.004881
-0.003295
-0.001452
0.000024
0.000926
0.001022
0.000526
-0.000286
-0.000851
-0.000834
-0.000524
-0.000411
-0.000434
-0.000362
0.000008
0.000616
0.001144
0.001292
0.001369
0.001466
0.000755
-0.000879
-0.002584
-0.003995
-0.005747
-0.007440
-0.008111
-0.007738
-0.007120
-0.006864
-0.006817
-0.006894
-0.007047
-0.007292
-0.007689
-0.008317
-0.008393
-0.007685
-0.006707
-0.005707
-0.004554
-0.003677
-0.003164
-0.002280
-0.001374
-0.001073
-0.001004
-0.000738
-0.000263
0.000239
0.000539
0.000489
0.000396
0.000756
0.001444
0.002432
0.003341
0.003576
0.003591
0.004167
0.005203
0.006045
0.006247
0.005871
0.005813
0.006317
0.007012
0.007948
0.008780
0.009073
0.009004
0.008924
0.008883
0.008694
0.008177
0.007539
0.007491
0.008353
0.009433
0.010032
0.009959
0.009321
0.008548
0.007685
0.006700
0.005776
0.005025
0.004638
0.004993
0.006029
0.006947
0.007011
0.006442
0.005486
0.003909
0.002141
0.000734
-0.000667
-0.002437
-0.004048
-0.005078
-0.005828
-0.006076
-0.005437
-0.004590
-0.004100
-0.003751
-0.003575
-0.003709
-0.003614
-0.003162
-0.003112
-0.003455
-0.003576
-0.003097
-0.001855
-0.000092
0.001645
0.003427
0.005029
0.006501
0.007941
0.008781
0.008903
0.008506
0.007792
0.006667
0.004879
0.003050
0.001837
0.001199
0.001041
0.001187
0.001515
0.001997
0.002492
0.002863
0.002944
0.002660
0.002321
0.002534
0.003428
0.004611
0.005564
0.005847
0.005289
0.004238
0.003269
0.002610
0.002068
0.001478
0.000849
0.000357
0.000071
0.000060
0.000561
0.001325
0.001638
0.001118
0.000142
-0.000763
-0.001479
-0.001925
-0.002006
-0.001972
-0.001702
-0.000934
0.000175
0.001152
0.001560
0.001636
0.001633
0.001852
0.002490
0.003133
0.003905
0.005276
0.007373
0.009605
0.011550
0.013420
0.015218
0.016383
0.016884
0.016877
0.016231
0.015006
0.013711
0.012902
0.012570
0.012022
0.011089
0.010443
0.010151
0.009381
0.007708
0.005851
0.004542
0.003716
0.003201
0.002954
0.003029
0.003559
0.004385
0.005242
0.005683
0.005604
0.005117
0.004497
0.004179
0.003854
0.003389
0.003278
0.003603
0.004421
0.005690
0.006905
0.007687
0.008114
0.008303
0.008185
0.007428
0.005844
0.003743
0.001497
-0.000676
-0.002678
-0.004124
-0.005065
-0.005794
-0.006349
-0.006724
-0.006860
-0.006623
-0.006855
-0.007860
-0.008956
-0.009795
-0.010326
-0.010895
-0.011511
-0.011674
-0.011764
-0.011692
-0.011563
-0.011679
-0.011997
-0.012308
-0.012332
-0.011609
-0.010252
-0.008401
-0.006498
-0.005331
-0.003945
-0.002218
-0.000913
-0.000480
-0.000866
-0.001305
-0.001239
-0.000877
-0.000881
-0.001444
-0.001741
-0.001845
-0.002280
-0.002852
-0.002684
-0.001416
0.000405
0.001828
0.002361
0.002657
0.003035
0.003375
0.003330
0.002714
0.002065
0.001827
0.001877
0.001945
0.001983
0.002303
0.003244
0.004416
0.005252
0.005541
0.005474
0.005415
0.005642
0.006248
0.006953
0.007194
0.006745
0.005938
0.004953
0.003997
0.003281
0.002819
0.002155
0.001044
0.000166
-0.000153
-0.000330
-0.000673
-0.001221
-0.002041
-0.002840
-0.003452
-0.003908
-0.004106
-0.003821
-0.003148
-0.002372
-0.001511
-0.000831
-0.000569
-0.000326
-0.000039
0.000337
0.000705
0.000762
0.000759
0.001077
0.001944
0.003086
0.004009
0.004470
0.005120
0.006082
0.006424
0.006393
0.006200
0.005464
0.004785
0.003933
0.003060
0.002487
0.002078
0.001897
0.001347
0.000159
-0.000813
-0.001761
-0.003079
-0.004241
-0.004517
-0.004533
-0.004935
-0.005111
-0.004467
-0.002689
-0.000616
0.001120
0.002646
0.004277
0.005622
0.006005
0.005612
0.005231
0.004982
0.004576
0.004092
0.003507
0.002342
0.000880
-0.000057
-0.000449
-0.000577
-0.000687
-0.001257
-0.003083
-0.005812
-0.008393
-0.010633
-0.012844
-0.014582
-0.015506
-0.015659
-0.015369
-0.015239
-0.015208
-0.015127
-0.015075
-0.015261
-0.015760
-0.016285
-0.016346
-0.015789
-0.014853
-0.013986
-0.013144
-0.012118
-0.011410
-0.011254
-0.011363
-0.011366
-0.010972
-0.010422
-0.009923
-0.009272
-0.008170
-0.006728
-0.005512
-0.005058
-0.005442
-0.006281
-0.006894
-0.006951
-0.006697
-0.006116
-0.005256
-0.004477
-0.003937
-0.003649
-0.003783
-0.004276
-0.005022
-0.005891
-0.006320
-0.006025
-0.005175
-0.003911
-0.002750
-0.002072
-0.001850
-0.002007
-0.002224
-0.002171
-0.001809
-0.001336
-0.001191
-0.001716
-0.002571
-0.003861
-0.005484
-0.006565
-0.006962
-0.007399
-0.007914
-0.008218
-0.008354
-0.008196
-0.008316
-0.008368
-0.008491
-0.008668
-0.008878
-0.008744
-0.007809
-0.006681
-0.005480
-0.004069
-0.002659
-0.001540
-0.000694
-0.000120
0.000435
0.001142
0.001708
0.001951
0.002082
0.002465
0.002763
0.002880
0.002924
0.002784
0.002866
0.003453
0.004301
0.005437
0.006576
0.007109
0.006820
0.006205
0.005787
0.005479
0.005040
0.004270
0.003391
0.002635
0.002038
0.001661
0.001762
0.002364
0.002996
0.003497
0.004373
0.005779
0.007254
0.008323
0.008989
0.008885
0.007678
0.006050
0.004918
0.004835
0.005480
0.005835
0.005550
0.005166
0.004920
0.004398
0.003613
0.003044
0.002912
0.002906
0.002686
0.002493
0.002102
0.001568
0.001293
0.000869
-0.000406
-0.002800
-0.005368
-0.007365
-0.008770
-0.010045
-0.011532
-0.012652
-0.013011
-0.013478
-0.014622
-0.016108
-0.017384
-0.018024
-0.017732
-0.017051
-0.016378
-0.015993
-0.015501
-0.015127
-0.015050
-0.014644
-0.014174
-0.014002
-0.014108
-0.014308
-0.014060
-0.013601
-0.013165
-0.012404
-0.011376
-0.010045
-0.008199
-0.006266
-0.004548
-0.003088
-0.001518
0.000218
0.001412
0.002248
0.003178
0.003448
0.003271
0.003776
0.004894
0.005954
0.006216
0.005736
0.005241
0.005098
0.005207
0.005302
0.005812
0.006666
0.007240
0.007601
0.008190
0.009415
0.010936
0.011973
0.012531
0.013041
0.013626
0.014424
0.015558
0.017072
0.018747
0.019881
0.020125
0.019891
0.019267
0.018720
0.018365
0.018380
0.018700
0.018968
0.019174
0.019161
0.019181
0.019391
0.019772
0.019758
0.019421
0.019394
0.019235
0.018615
0.017878
0.017314
0.016693
0.015980
0.015274
0.014609
0.013982
0.013500
0.013083
0.012807
0.012731
0.012733
0.012760
0.012490
0.011860
0.011317
0.010952
0.010614
0.010057
0.009156
0.008080
0.007096
0.006183
0.005466
0.005152
0.004946
0.003976
0.002456
0.001538
0.001411
0.001346
0.001123
0.001048
0.001578
0.002569
0.003188
0.002963
0.002390
0.002038
0.001809
0.001173
0.000009
-0.001138
-0.001765
-0.002037
-0.002119
-0.002072
-0.002190
-0.002415
-0.002583
-0.002649
-0.002609
-0.002727
-0.003013
-0.002919
-0.002189
-0.001443
-0.001034
-0.000811
-0.000939
-0.001649
-0.002703
-0.003897
-0.005290
-0.006788
-0.008264
-0.009701
-0.011026
-0.012503
-0.014406
-0.015894
-0.016409
-0.016559
-0.017093
-0.018016
-0.018853
-0.019577
-0.020195
-0.020801
-0.021548
-0.022394
-0.023061
-0.023521
-0.023772
-0.023763
-0.023736
-0.023501
-0.022823
-0.021875
-0.020749
-0.019289
-0.017655
-0.016373
-0.015317
-0.013616
-0.011226
-0.009367
-0.008199
-0.007235
-0.006401
-0.005645
-0.004762
-0.003831
-0.002608
-0.001377
-0.000227
0.000916
0.001994
0.002709
0.002988
0.003230
0.003674
0.004521
0.005386
0.005874
0.006155
0.006473
0.006796
0.006998
0.007281
0.007552
0.007756
0.007524
0.007688
0.008293
0.009034
0.009258
0.008579
0.008108
0.008654
0.009570
0.010429
0.010724
0.010784
0.010908
0.011010
0.011309
0.011679
0.011922
0.012120
0.012081
0.011968
0.011914
0.012056
0.012465
0.012910
0.013426
0.013594
0.013340
0.012848
0.012284
0.011853
0.011806
0.012177
0.012711
0.013002
0.013145
0.013375
0.013980
0.015173
0.016815
0.018532
0.020084
0.021331
0.022234
0.022813
0.023138
0.022973
0.022361
0.021784
0.021267
0.020399
0.019233
0.018099
0.017363
0.016945
0.016742
0.016608
0.016472
0.016422
0.016635
0.016794
0.016780
0.017207
0.018260
0.018739
0.018253
0.017518
0.016400
0.015025
0.014024
0.013586
0.013333
0.012846
0.011806
0.010188
0.008878
0.008174
0.007422
0.006940
0.006601
0.006191
0.005720
0.005128
0.004594
0.003896
0.002198
0.000175
-0.000752
-0.000820
-0.000647
-0.000634
-0.001165
-0.002213
-0.003174
-0.004090
-0.005122
-0.006212
-0.007142
-0.008313
-0.009178
-0.009246
-0.009213
-0.009591
-0.010424
-0.011436
-0.012344
-0.013269
-0.014016
-0.014534
-0.014660
-0.014250
-0.014065
-0.014095
-0.013896
-0.013117
-0.012240
-0.012217
-0.012990
-0.013393
-0.013577
-0.013966
-0.014231
-0.014321
-0.014327
-0.014669
-0.015104
-0.015228
-0.014661
-0.013814
-0.013223
-0.013088
-0.013012
-0.013087
-0.013424
-0.013820
-0.014384
-0.014943
-0.015443
-0.015521
-0.015314
-0.015338
-0.015788
-0.016122
-0.016006
-0.016090
-0.016224
-0.015876
-0.015488
-0.015291
-0.015095
-0.014716
-0.014538
-0.014720
-0.014963
-0.014904
-0.014709
-0.014759
-0.014606
-0.013922
-0.012883
-0.012091
-0.011925
-0.011427
-0.010255
-0.009375
-0.008788
-0.008587
-0.008690
-0.008740
-0.008992
-0.009490
-0.009765
-0.009642
-0.009112
-0.008697
-0.008315
-0.007878
-0.007642
-0.007235
-0.006720
-0.006344
-0.006312
-0.006194
-0.006259
-0.006346
-0.006212
-0.005944
-0.005675
-0.005365
-0.004678
-0.003764
-0.003163
-0.003030
-0.003129
-0.003113
-0.003020
-0.003099
-0.003208
-0.003004
-0.002626
-0.002276
-0.002126
-0.002286
-0.002181
-0.001907
-0.001965
-0.002425
-0.002998
-0.003047
-0.002465
-0.002135
-0.002537
-0.003367
-0.004170
-0.004565
-0.004724
-0.005017
-0.005216
-0.004748
-0.003879
-0.003604
-0.004143
-0.004611
-0.004553
-0.004090
-0.003413
-0.002823
-0.002252
-0.001677
-0.001363
-0.001326
-0.001321
-0.001466
-0.002140
-0.002836
-0.003240
-0.003742
-0.004597
-0.006052
-0.007615
-0.008341
-0.008062
-0.007462
-0.007410
-0.007921
-0.008551
-0.009065
-0.009462
-0.009877
-0.010064
-0.009758
-0.009031
-0.008682
-0.008895
-0.008928
-0.008370
-0.007420
-0.006621
-0.006176
-0.005569
-0.004625
-0.003846
-0.003296
-0.002376
-0.000847
0.000640
0.001562
0.002324
0.003194
0.003908
0.004456
0.005300
0.006567
0.008109
0.009309
0.010082
0.010634
0.010998
0.011080
0.010889
0.011003
0.011748
0.012449
0.012321
0.011393
0.010249
0.009443
0.009180
0.009075
0.008810
0.008596
0.008646
0.008771
0.009039
0.009713
0.010543
0.011123
0.011222
0.011080
0.011217
0.011416
0.011043
0.009976
0.008670
0.007831
0.007528
0.007504
0.007768
0.008453
0.009200
0.009562
0.009726
0.009949
0.010478
0.010802
0.010217
0.009004
0.007976
0.007447
0.007220
0.006569
0.005304
0.004409
0.004338
0.004324
0.004239
0.004528
0.004896
0.005031
0.004770
0.004501
0.004790
0.005143
0.004966
0.004298
0.003827
0.004161
0.004780
0.004962
0.004917
0.004979
0.005015
0.004869
0.004676
0.004405
0.003662
0.002363
0.001029
0.000431
0.000425
0.000434
0.000685
0.001267
0.001778
0.001978
0.002061
0.002268
0.002591
0.002940
0.003186
0.003148
0.002662
0.002180
0.001626
0.000770
-0.000200
-0.001141
-0.001991
-0.002713
-0.003298
-0.003812
-0.004202
-0.004683
-0.005379
-0.006185
-0.006807
-0.007040
-0.007106
-0.007114
-0.007018
-0.007045
-0.007342
-0.007714
-0.008098
-0.008401
-0.008488
-0.008675
-0.009310
-0.010261
-0.011141
-0.011588
-0.011733
-0.011853
-0.012163
-0.012578
-0.012718
-0.012480
-0.011985
-0.011407
-0.010683
-0.009757
-0.008894
-0.007775
-0.006162
-0.004665
-0.003897
-0.003190
-0.001920
-0.000407
0.000680
0.001058
0.000795
0.000001
-0.000959
-0.001609
-0.001845
-0.002056
-0.002000
-0.001599
-0.000938
0.000031
0.000736
0.001022
0.000994
0.001011
0.001448
0.001903
0.002176
0.002572
0.003012
0.003523
0.003882
0.004272
0.004965
0.005617
0.005787
0.005534
0.005524
0.005841
0.006329
0.006445
0.005858
0.005199
0.004958
0.005025
0.004708
0.004038
0.003723
0.003938
0.004190
0.004200
0.004271
0.004453
0.004739
0.004912
0.005177
0.005577
0.005554
0.005037
0.004111
0.003277
0.003079
0.003151
0.002821
0.001815
0.000626
-0.000186
-0.000703
-0.001026
-0.001958
-0.002638
-0.002112
-0.001059
-0.000447
-0.000723
-0.001724
-0.002800
-0.003468
-0.003327
-0.003388
-0.003565
-0.003179
-0.002893
-0.003016
-0.003347
-0.003458
-0.002819
-0.001654
-0.000731
0.000265
0.001450
0.002544
0.003567
0.004189
0.004405
0.005105
0.005979
0.006127
0.005265
0.004326
0.004416
0.004765
0.004673
0.005098
0.005899
0.006825
0.007481
0.007848
0.007863
0.007637
0.008037
0.008109
0.007227
0.005981
0.004793
0.003931
0.003657
0.003737
0.003138
0.002479
0.002459
0.003021
0.003961
0.004182
0.003833
0.003801
0.003897
0.004331
0.004978
0.005099
0.005220
0.005373
0.005984
0.006310
0.005778
0.004597
0.003608
0.003381
0.003727
0.004134
0.004177
0.003697
0.003211
0.003298
0.004138
0.004882
0.004847
0.004402
0.003742
0.003179
0.002992
0.002418
0.001682
0.001499
0.001362
0.000974
0.000412
0.000056
-0.000073
-0.000334
-0.000885
-0.001440
-0.001907
-0.002476
-0.003349
-0.003680
-0.003995
-0.004982
-0.006212
-0.006778
-0.006111
-0.005288
-0.004928
-0.004241
-0.003593
-0.002952
-0.001731
-0.001211
-0.001793
-0.002262
-0.001920
-0.000890
0.000031
0.000499
0.000090
-0.000485
-0.001126
-0.001864
-0.001964
-0.000910
0.000222
0.001196
0.001535
0.001499
0.001221
0.001084
0.001100
0.001426
0.001750
0.001865
0.002314
0.003001
0.003679
0.004218
0.004373
0.004459
0.004534
0.004236
0.003843
0.003228
0.002641
0.001557
0.000431
-0.000395
-0.001055
-0.001655
-0.002656
-0.004220
-0.005238
-0.005210
-0.004917
-0.005142
-0.006424
-0.007327
-0.007125
-0.006450
-0.006118
-0.006420
-0.006763
-0.006570
-0.006353
-0.006468
-0.006768
-0.006862
-0.006731
-0.006640
-0.006490
-0.006413
-0.006840
-0.007227
-0.007090
-0.006122
-0.004636
-0.003247
-0.002441
-0.001641
-0.000857
-0.000409
0.000126
0.000012
-0.000299
-0.000374
-0.000117
0.000878
0.001741
0.002211
0.002507
0.002015
0.000986
0.000280
-0.000138
-0.000716
-0.001332
-0.001776
-0.001960
-0.002152
-0.001823
-0.000849
0.000083
0.000706
0.001366
0.001823
0.001563
0.000826
0.000197
-0.000437
-0.001279
-0.001505
-0.001283
-0.001502
-0.002008
-0.001853
-0.001996
-0.002389
-0.002404
-0.002323
-0.001927
-0.001478
-0.001480
-0.001446
-0.001376
-0.001690
-0.001892
-0.001698
-0.000722
-0.000146
0.000057
0.000334
0.000485
0.001012
0.002072
0.003212
0.003758
0.003550
0.003204
0.002822
0.002378
0.002239
0.002570
0.003287
0.004432
0.004984
0.004870
0.005206
0.005484
0.005314
0.004783
0.004261
0.004280
0.004891
0.005138
0.004683
0.004330
0.004279
0.004521
0.004810
0.004821
0.004604
0.004346
0.003451
0.001913
0.000826
0.000666
0.001151
0.001771
0.002218
0.002689
0.003501
0.004914
0.006289
0.006854
0.006417
0.005754
0.005250
0.004447
0.003634
0.003521
0.003647
0.003463
0.003235
0.003258
0.003590
0.003803
0.003803
0.004257
0.005242
0.005823
0.005354
0.004188
0.003320
0.003204
0.003128
0.002825
0.002564
0.002678
0.003017
0.003115
0.003040
0.002977
0.003117
0.003007
0.002450
0.002076
0.001946
0.001820
0.001651
0.001657
0.002149
0.002465
0.002108
0.001454
0.001653
0.002683
0.003550
0.003436
0.002616
0.001963
0.001666
0.001662
0.002001
0.002654
0.003280
0.003571
0.004066
0.004763
0.005094
0.004867
0.004290
0.003850
0.003191
0.002112
0.001099
0.000619
0.000616
0.000532
0.000152
-0.000603
-0.001626
-0.002327
-0.002665
-0.003088
-0.003275
-0.002869
-0.002186
-0.001979
-0.002444
-0.002749
-0.002234
-0.000986
-0.000096
0.000081
-0.000031
-0.000169
-0.000265
-0.000160
0.000072
-0.000200
-0.000608
-0.000278
0.000242
0.000291
0.000664
0.001385
0.001831
0.001935
0.001522
0.000877
0.001033
0.001288
0.000655
-0.000296
-0.000728
-0.000901
-0.001604
-0.002375
-0.002948
-0.003285
-0.003678
-0.004485
-0.005137
-0.005108
-0.005167
-0.005105
-0.004740
-0.003894
-0.002811
-0.001841
-0.001244
-0.001466
-0.001644
-0.001230
-0.000655
-0.000351
-0.000034
-0.000117
-0.000564
-0.000657
-0.000418
0.000067
0.000523
0.000693
0.001069
0.001626
0.002314
0.002517
0.002419
0.001906
0.000957
0.000403
0.000719
0.001294
0.001183
0.000717
0.000394
0.000115
-0.000359
-0.001233
-0.001919
-0.002070
-0.002687
-0.003646
-0.004819
-0.006072
-0.007186
-0.008134
-0.009208
-0.009991
-0.010259
-0.010772
-0.012052
-0.013721
-0.015041
-0.015978
-0.016562
-0.016858
-0.017017
-0.017350
-0.017980
-0.018531
-0.018492
-0.017618
-0.016606
-0.016219
-0.016504
-0.016962
-0.017498
-0.017868
-0.018114
-0.018397
-0.018712
-0.018865
-0.018766
-0.018626
-0.018158
-0.017215
-0.016494
-0.016224
-0.016342
-0.016350
-0.016011
-0.015161
-0.014238
-0.013678
-0.013216
-0.012773
-0.012524
-0.012328
-0.011796
-0.011595
-0.011832
-0.012102
-0.011713
-0.010623
-0.009682
-0.009458
-0.009209
-0.008506
-0.007297
-0.005779
-0.004394
-0.003034
-0.002064
-0.001922
-0.002505
-0.002898
-0.002606
-0.002218
-0.001963
-0.001471
-0.001311
-0.001394
-0.001470
-0.001538
-0.002070
-0.003145
-0.003874
-0.003670
-0.002962
-0.002216
-0.001201
-0.000131
0.000997
0.002092
0.003017
0.003833
0.004527
0.004940
0.004927
0.004708
0.004855
0.005242
0.005130
0.004645
0.004235
0.004354
0.004920
0.005163
0.005368
0.005433
0.005111
0.004680
0.004510
0.004690
0.004748
0.004467
0.003947
0.004225
0.005519
0.006895
0.007587
0.007767
0.007795
0.007976
0.008251
0.008561
0.008582
0.007946
0.007192
0.007080
0.007392
0.007488
0.007383
0.007358
0.007322
0.007189
0.006906
0.006989
0.007317
0.007505
0.007571
0.007620
0.007870
0.008333
0.008450
0.007712
0.006583
0.006379
0.006764
0.006602
0.005702
0.004658
0.003654
0.002910
0.002404
0.001943
0.001756
0.002169
0.002841
0.003208
0.002783
0.002040
0.001712
0.001746
0.001764
0.001971
0.002119
0.001736
0.001037
0.000541
0.000400
-0.000127
-0.000882
-0.001269
-0.001527
-0.002039
-0.002718
-0.002985
-0.003010
-0.003195
-0.002958
-0.002095
-0.001246
-0.001119
-0.001624
-0.002050
-0.002209
-0.001905
-0.001199
-0.000673
-0.000264
-0.000152
-0.000348
-0.000400
-0.000042
0.000965
0.001448
0.001298
0.000896
0.000799
0.001217
0.001874
0.002784
0.003321
0.002829
0.001907
0.001795
0.002686
0.003913
0.004617
0.005072
0.005848
0.006645
0.007218
0.007738
0.007622
0.006816
0.006300
0.006248
0.005930
0.005368
0.004952
0.004827
0.005182
0.005639
0.006121
0.006582
0.006214
0.005153
0.004491
0.004832
0.005740
0.006367
0.005981
0.004844
0.003871
0.003566
0.003969
0.004564
0.004593
0.004040
0.003582
0.003349
0.003154
0.003021
0.002666
0.002052
0.001771
0.001901
0.001956
0.001477
0.000925
0.000633
0.000470
0.000395
0.000162
-0.000431
-0.000981
-0.001271
-0.001510
-0.001661
-0.001518
-0.001192
-0.000995
-0.001122
-0.001515
-0.001807
-0.002048
-0.002092
-0.001992
-0.002035
-0.001776
-0.001270
-0.000794
-0.000347
0.000075
0.000312
0.000759
0.001203
0.001639
0.002423
0.003344
0.003907
0.004037
0.004179
0.004392
0.004439
0.004550
0.004697
0.004503
0.004288
0.004675
0.005381
0.005805
0.005675
0.005194
0.004863
0.004922
0.005508
0.006497
0.007711
0.008585
0.008850
0.008960
0.009221
0.009373
0.009133
0.008522
0.007853
0.007431
0.007192
0.006951
0.006452
0.005551
0.004623
0.003861
0.003514
0.003397
0.003519
0.003377
0.003151
0.002788
0.002726
0.003063
0.003258
0.002980
0.002733
0.002541
0.002447
0.002786
0.003538
0.004088
0.004399
0.004648
0.004355
0.003543
0.002974
0.003103
0.003638
0.003755
0.003204
0.002408
0.001666
0.000943
0.000219
-0.000041
0.000171
0.000269
0.000287
-0.000128
-0.001025
-0.002157
-0.002930
-0.003132
-0.003434
-0.003634
-0.003520
-0.003284
-0.003201
-0.003230
-0.003150
-0.002885
-0.002440
-0.002267
-0.002277
-0.002187
-0.002148
-0.002118
-0.001892
-0.001347
-0.001096
-0.001119
-0.001290
-0.001718
-0.002210
-0.002863
-0.003687
-0.003991
-0.003450
-0.002710
-0.002589
-0.003060
-0.003749
-0.004157
-0.004317
-0.004380
-0.004385
-0.004709
-0.005241
-0.005581
-0.005985
-0.006662
-0.007204
-0.007236
-0.006836
-0.006281
-0.005933
-0.005897
-0.005865
-0.005662
-0.005541
-0.005566
-0.005621
-0.005771
-0.006182
-0.006545
-0.006723
-0.006988
-0.007238
-0.007100
-0.006455
-0.005488
-0.005010
-0.005298
-0.005469
-0.005097
-0.004639
-0.004583
-0.005185
-0.006075
-0.006697
-0.006896
-0.006811
-0.007002
-0.007217
-0.007070
-0.006537
-0.006084
-0.006198
-0.006703
-0.006938
-0.006542
-0.005546
-0.004484
-0.003903
-0.003774
-0.003908
-0.003805
-0.003335
-0.003121
-0.003408
-0.004010
-0.004188
-0.003748
-0.003321
-0.002951
-0.002644
-0.002517
-0.002584
-0.002458
-0.002123
-0.001884
-0.001996
-0.002322
-0.002589
-0.002450
-0.002284
-0.002499
-0.002953
-0.003468
-0.004459
-0.005775
-0.006892
-0.007400
-0.007418
-0.007275
-0.007070
-0.006968
-0.006923
-0.006601
-0.006010
-0.005316
-0.004593
-0.004143
-0.004221
-0.004640
-0.005142
-0.005305
-0.004673
-0.004006
-0.004129
-0.004849
-0.005563
-0.005632
-0.005209
-0.005518
-0.006480
-0.007242
-0.007028
-0.006894
-0.006861
-0.006219
-0.005415
-0.004990
-0.004626
-0.004334
-0.003584
-0.001847
0.000038
0.000851
0.001094
0.001621
0.002341
0.002916
0.003017
0.002360
0.001465
0.001019
0.001152
0.001918
0.002312
0.002770
0.003646
0.004293
0.004489
0.004650
0.005004
0.005512
0.005799
0.006255
0.006288
0.006448
0.006429
0.005715
0.005094
0.005188
0.005627
0.005857
0.005577
0.005161
0.004793
0.004380
0.004264
0.004594
0.004734
0.004120
0.003666
0.004003
0.004395
0.004672
0.005303
0.006230
0.007020
0.007297
0.007210
0.006951
0.006728
0.006696
0.006876
0.007026
0.007384
0.008151
0.008612
0.008481
0.008207
0.008334
0.008943
0.009402
0.009782
0.010260
0.010460
0.010026
0.009172
0.008562
0.008475
0.008861
0.009317
0.009435
0.009504
0.009793
0.009995
0.009767
0.009308
0.008921
0.008537
0.008073
0.007621
0.007289
0.006980
0.006638
0.006493
0.006793
0.007578
0.008686
0.009436
0.009396
0.008790
0.008213
0.008076
0.008263
0.008638
0.008940
0.009140
0.009332
0.009639
0.009925
0.009987
0.010090
0.010622
0.011340
0.011488
0.011259
0.011307
0.011758
0.012283
0.012134
0.011220
0.009871
0.008484
0.007330
0.006374
0.005523
0.004834
0.004558
0.004378
0.004156
0.003695
0.003110
0.002604
0.002000
0.001440
0.001127
0.000983
0.001121
0.001474
0.001414
0.000883
0.000146
-0.000206
0.000158
0.001275
0.002425
0.002625
0.001864
0.000878
0.000338
0.000499
0.001066
0.001541
0.001497
0.000945
0.000385
0.000461
0.000776
0.000813
0.000590
0.000028
-0.000546
-0.000723
-0.000864
-0.001519
-0.002444
-0.003345
-0.004326
-0.005014
-0.004985
-0.004933
-0.005430
-0.006220
-0.006996
-0.007426
-0.007587
-0.007806
-0.007995
-0.008065
-0.007927
-0.007708
-0.007718
-0.007759
-0.007199
-0.006289
-0.005642
-0.005189
-0.004749
-0.004620
-0.005024
-0.005690
-0.006239
-0.006197
-0.006013
-0.006141
-0.006496
-0.006990
-0.007381
-0.007554
-0.008247
-0.008776
-0.008427
-0.007788
-0.007296
-0.006821
-0.006634
-0.006791
-0.007069
-0.007503
-0.008214
-0.009004
-0.009804
-0.010319
-0.010500
-0.010650
-0.010635
-0.010290
-0.009729
-0.009464
-0.009678
-0.009662
-0.009424
-0.009458
-0.009879
-0.010031
-0.009373
-0.008268
-0.007292
-0.006415
-0.005686
-0.004821
-0.003761
-0.002836
-0.002379
-0.002333
-0.002256
-0.001716
-0.001263
-0.001416
-0.001900
-0.002070
-0.001965
-0.001578
-0.000927
-0.000375
-0.000316
-0.000479
-0.000224
0.000154
0.000312
0.000298
0.000608
0.001466
0.002487
0.003219
0.003064
0.002461
0.002161
0.002180
0.002213
0.002312
0.002503
0.002404
0.002007
0.001753
0.001809
0.001907
0.001820
0.001910
0.002728
0.004003
0.005152
0.006165
0.006970
0.007603
0.008311
0.008824
0.008353
0.006901
0.005652
0.004879
0.004538
0.004539
0.004776
0.005206
0.005722
0.005977
0.005642
0.004903
0.004502
0.004701
0.004495
0.003589
0.002486
0.001224
0.000004
-0.000861
-0.001278
-0.001309
-0.000853
-0.000177
0.000585
0.001233
0.001285
0.000694
0.000020
0.000009
0.000069
-0.000442
-0.001597
-0.003021
-0.003908
-0.003965
-0.003688
-0.003317
-0.002899
-0.002112
-0.001267
-0.001163
-0.001643
-0.002119
-0.002304
-0.002533
-0.002828
-0.002787
-0.002292
-0.001538
-0.000952
-0.000860
-0.001012
-0.001280
-0.001444
-0.001916
-0.002861
-0.003899
-0.004491
-0.004254
-0.003453
-0.002823
-0.002420
-0.002572
-0.003205
-0.003323
-0.002511
-0.001333
-0.000863
-0.001149
-0.001565
-0.001420
-0.000724
-0.000164
0.000146
0.000430
0.000611
0.000575
0.000007
-0.001175
-0.001775
-0.000893
0.000420
0.000958
0.000471
-0.000375
-0.000867
-0.000804
-0.000564
-0.000248
0.000664
0.001627
0.001838
0.001560
0.001242
0.001454
0.002139
0.002500
0.002221
0.001574
0.001092
0.000626
-0.000327
-0.001444
-0.002022
-0.002148
-0.001960
-0.001175
0.000075
0.001350
0.002249
0.002876
0.003559
0.004404
0.005017
0.005015
0.004437
0.003911
0.004106
0.004843
0.005466
0.005609
0.005238
0.004379
0.003415
0.002908
0.002829
0.002785
0.002793
0.003080
0.003104
0.002455
0.001478
0.000834
0.000767
0.001114
0.001711
0.002216
0.002533
0.002780
0.002923
0.003109
0.003155
0.003083
0.002947
0.002843
0.002714
0.002389
0.001980
0.001513
0.000895
0.000103
-0.000716
-0.001022
-0.000795
-0.000540
-0.000273
0.000279
0.001192
0.001942
0.001989
0.001569
0.001344
0.000950
-0.000426
-0.002421
-0.003850
-0.004698
-0.005133
-0.004932
-0.004423
-0.004110
-0.003829
-0.003323
-0.002830
-0.002678
-0.002717
-0.002843
-0.003018
-0.002909
-0.002537
-0.001898
-0.001478
-0.001349
-0.001214
-0.001379
-0.001872
-0.002286
-0.002684
-0.002855
-0.002766
-0.002791
-0.003054
-0.003109
-0.002887
-0.002418
-0.001657
-0.001044
-0.000303
0.000595
0.001376
0.002053
0.002912
0.004173
0.004829
0.004174
0.002773
0.001229
0.000024
-0.000518
-0.000530
-0.000343
-0.000358
-0.000920
-0.001488
-0.001683
-0.001809
-0.002086
-0.002281
-0.002240
-0.001818
-0.001347
-0.001338
-0.001533
-0.001636
-0.001575
-0.001401
-0.001480
-0.001415
-0.000929
-0.000780
-0.001413
-0.002303
-0.002726
-0.002814
-0.003009
-0.003067
-0.002594
-0.001578
-0.000288
0.000842
0.001371
0.000981
0.000192
-0.000208
-0.000004
0.000272
0.000100
-0.000186
-0.000757
-0.001369
-0.001339
-0.000944
-0.000758
-0.000839
-0.000819
-0.000358
0.000452
0.001527
0.002583
0.002976
0.002557
0.001615
0.000769
0.000889
0.001917
0.002916
0.003500
0.004005
0.004870
0.006187
0.007447
0.008205
0.008510
0.008466
0.008403
0.008386
0.008105
0.007339
0.006497
0.005746
0.005004
0.004211
0.003453
0.003131
0.003377
0.003924
0.004572
0.005251
0.005809
0.006213
0.006432
0.006573
0.006806
0.006936
0.006895
0.006807
0.006894
0.006881
0.006959
0.007501
0.008220
0.008656
0.008869
0.008344
0.007024
0.005824
0.004858
0.003678
0.002429
0.001258
0.000435
0.000312
0.000586
0.000885
0.000936
0.000949
0.001226
0.001603
0.001863
0.002207
0.002224
0.001328
-0.000142
-0.001741
-0.003139
-0.004056
-0.004716
-0.005238
-0.005972
-0.006602
-0.006478
-0.006120
-0.005960
-0.006046
-0.006148
-0.006099
-0.006269
-0.006988
-0.008006
-0.008901
-0.009896
-0.010463
-0.010261
-0.009443
-0.008416
-0.007824
-0.007682
-0.007995
-0.008892
-0.009898
-0.010888
-0.011615
-0.011807
-0.011586
-0.010821
-0.009746
-0.009155
-0.009072
-0.009364
-0.010147
-0.011223
-0.012220
-0.013396
-0.014897
-0.016098
-0.016983
-0.017580
-0.017836
-0.017832
-0.017107
-0.016029
-0.014857
-0.013906
-0.013573
-0.013475
-0.013364
-0.013230
-0.013155
-0.013283
-0.013346
-0.013241
-0.013410
-0.013968
-0.014251
-0.013617
-0.012555
-0.011225
-0.009836
-0.008795
-0.007917
-0.007439
-0.007257
-0.006923
-0.006583
-0.006543
-0.007142
-0.007629
-0.007270
-0.006185
-0.004773
-0.003406
-0.002338
-0.001432
-0.000799
-0.000474
-0.000642
-0.001133
-0.001293
-0.000862
0.000094
0.000633
0.000355
-0.000220
-0.000455
-0.000069
0.000716
0.001585
0.001987
0.002198
0.001998
0.001389
0.001379
0.001660
0.001441
0.001178
0.001124
0.001302
0.001578
0.001873
0.001992
0.002037
0.002714
0.003778
0.004439
0.004753
0.005183
0.006170
0.007465
0.008648
0.009382
0.009627
0.009645
0.008854
0.007411
0.006080
0.005057
0.004182
0.003706
0.004009
0.004297
0.003718
0.002261
0.000546
-0.000934
-0.001989
-0.002585
-0.002588
-0.001887
-0.000294
0.001583
0.003207
0.004420
0.005117
0.004951
0.004502
0.004113
0.004232
0.005310
0.006921
0.007862
0.008070
0.008135
0.008353
0.008497
0.008426
0.008253
0.008156
0.008251
0.008350
0.008457
0.008473
0.008252
0.007951
0.007721
0.007578
0.007180
0.006763
0.006439
0.005818
0.005116
0.004656
0.003939
0.002622
0.001061
-0.000440
-0.001289
-0.001351
-0.000734
0.000138
0.000713
0.001007
0.001599
0.002714
0.003662
0.004088
0.004467
0.005236
0.005574
0.005242
0.004960
0.004889
0.004831
0.004474
0.003879
0.003480
0.002999
0.001823
-0.000092
-0.001740
-0.002746
-0.003709
-0.004474
-0.004488
-0.003736
-0.002765
-0.001755
-0.001123
-0.001334
-0.002131
-0.003017
-0.003885
-0.004712
-0.005312
-0.005487
-0.005145
-0.004058
-0.002743
-0.001979
-0.001886
-0.002379
-0.003040
-0.003558
-0.003733
-0.002936
-0.001423
0.000174
0.001519
0.002601
0.003394
0.004076
0.005154
0.006775
0.007941
0.008084
0.007379
0.006441
0.005419
0.004188
0.002951
0.001812
0.001120
0.001056
0.001211
0.001082
0.001124
0.001832
0.003108
0.004248
0.004643
0.004754
0.005162
0.005836
0.006615
0.007149
0.007129
0.006710
0.006089
0.005238
0.004409
0.003971
0.003488
0.002873
0.002816
0.003560
0.004796
0.006144
0.007178
0.007882
0.008568
0.009294
0.009883
0.010259
0.010488
0.010502
0.010268
0.009757
0.009136
0.008444
0.007565
0.006638
0.005937
0.005529
0.005205
0.004703
0.003834
0.002402
0.000778
-0.000731
-0.001783
-0.002145
-0.002229
-0.002386
-0.002634
-0.003198
-0.004308
-0.005388
-0.005812
-0.005846
-0.005908
-0.006087
-0.006192
-0.005764
-0.004055
-0.001229
0.001944
0.004293
0.005557
0.006364
0.007276
0.007799
0.008071
0.008725
0.009685
0.011173
0.013191
0.015233
0.016992
0.018306
0.019303
0.019639
0.018002
0.013819
0.007554
0.000955
-0.004446
-0.007998
-0.009958
-0.011022
-0.011754
-0.011968
-0.012181
-0.013074
-0.014494
-0.016064
-0.017596
-0.018834
-0.019778
-0.020454
-0.020281
-0.018766
-0.016069
-0.012758
-0.009708
-0.008224
-0.008174
-0.008939
-0.010045
-0.010378
-0.008888
-0.005847
-0.001830
0.001934
0.005311
0.008673
0.011208
0.011546
0.009694
0.006775
0.004543
0.003269
0.002670
0.002483
0.002681
0.003915
0.005913
0.007604
0.007734
0.005851
0.002211
-0.001546
-0.004744
-0.006841
-0.008010
-0.008509
-0.007651
-0.004584
-0.000397
0.003319
0.005869
0.006480
0.005628
0.003618
0.000440
-0.003255
-0.006505
-0.008326
-0.008246
-0.006854
-0.004691
-0.002137
-0.000064
0.001238
0.001650
0.001547
0.001470
0.001885
0.002731
0.003532
0.003998
0.003855
0.003012
0.001674
0.000016
-0.002146
-0.004556
-0.006955
-0.009591
-0.011697
-0.012711
-0.013273
-0.014002
-0.014414
-0.013563
-0.011125
-0.007326
-0.002790
0.001336
0.004703
0.007374
0.008772
0.008271
0.006512
0.004663
0.003123
0.001911
0.001148
0.001061
0.001413
0.001811
0.002429
0.003494
0.004875
0.006158
0.007449
0.008857
0.009874
0.010088
0.009328
0.007572
0.004896
0.001189
-0.003043
-0.006779
-0.009698
-0.011531
-0.011718
-0.010449
-0.008332
-0.005961
-0.003664
-0.001365
0.000841
0.002597
0.003846
0.004548
0.004732
0.004478
0.003857
0.003045
0.002185
0.001387
0.000730
0.000253
0.000336
0.001289
0.002490
0.003172
0.003012
0.002227
0.001579
0.001102
0.000176
-0.001377
-0.003129
-0.004531
-0.005202
-0.005121
-0.004712
-0.004281
-0.003533
-0.002078
-0.000164
0.001426
0.002260
0.002253
0.001462
0.000211
-0.000968
-0.001671
-0.001935
-0.002122
-0.002266
-0.002221
-0.001722
-0.000957
-0.000282
0.000536
0.001583
0.002887
0.004120
0.004784
0.005129
0.005343
0.005262
0.005021
0.005034
0.005396
0.005605
0.005197
0.004279
0.003068
0.001880
0.000867
-0.000034
-0.000593
-0.001014
-0.001353
-0.001109
-0.000013
0.001629
0.003113
0.004492
0.006018
0.007251
0.007944
0.007936
0.007052
0.005692
0.004525
0.003825
0.003528
0.003342
0.003041
0.002751
0.002643
0.002534
0.002232
0.001834
0.001563
0.001357
0.001220
0.001680
0.002650
0.003385
0.003722
0.003789
0.003183
0.002159
0.001298
0.000695
0.000181
0.000127
0.000580
0.001216
0.002223
0.003069
0.002938
0.001557
-0.000001
-0.000972
-0.001874
-0.002573
-0.002995
-0.003501
-0.003296
-0.001984
-0.000442
0.000202
0.000195
0.000017
-0.000010
0.001009
0.002471
0.003334
0.003402
0.002832
0.002030
0.001254
0.000828
0.000283
-0.000132
-0.000628
-0.000943
-0.000709
-0.000063
0.000763
0.001835
0.002828
0.003159
0.003286
0.003739
0.004553
0.005695
0.006488
0.006554
0.006481
0.006401
0.006266
0.005794
0.005106
0.004655
0.004214
0.003570
0.002687
0.001110
-0.000879
-0.002187
-0.002277
-0.001689
-0.001085
-0.000623
-0.000288
0.000012
0.000265
0.000608
0.001163
0.001773
0.002128
0.001982
0.001603
0.001224
0.000846
0.000387
-0.000294
-0.001089
-0.001837
-0.002168
-0.002544
-0.002967
-0.003017
-0.002929
-0.003204
-0.004045
-0.005065
-0.005939
-0.006627
-0.007330
-0.008041
-0.008387
-0.008037
-0.007255
-0.006396
-0.005820
-0.005384
-0.005036
-0.004860
-0.005026
-0.005318
-0.005490
-0.005772
-0.006169
-0.006339
-0.005910
-0.004984
-0.003928
-0.002249
-0.000523
0.000247
-0.000184
-0.000891
-0.001138
-0.000990
-0.000939
-0.001212
-0.001654
-0.002123
-0.002200
-0.001623
-0.000771
-0.000435
-0.000823
-0.001096
-0.001286
-0.001686
-0.002840
-0.004324
-0.005467
-0.005758
-0.005627
-0.005749
-0.005868
-0.005839
-0.005610
-0.005372
-0.005277
-0.005201
-0.004892
-0.004659
-0.004483
-0.004240
-0.004256
-0.004491
-0.004790
-0.005057
-0.005682
-0.006227
-0.006471
-0.006183
-0.005193
-0.004112
-0.003239
-0.002490
-0.001964
-0.001635
-0.001565
-0.001660
-0.001923
-0.002121
-0.002007
-0.001863
-0.001899
-0.001913
-0.001761
-0.001908
-0.002573
-0.003231
-0.003356
-0.003250
-0.003279
-0.003357
-0.003261
-0.002931
-0.002660
-0.002663
-0.002613
-0.002281
-0.001908
-0.001747
-0.001699
-0.001508
-0.000955
-0.000117
0.000577
0.001012
0.001304
0.001346
0.001277
0.001338
0.001530
0.001902
0.002303
0.002526
0.002339
0.001527
0.000388
-0.000867
-0.002108
-0.003048
-0.003448
-0.003614
-0.003906
-0.004291
-0.004405
-0.004048
-0.003429
-0.002988
-0.002854
-0.002765
-0.002546
-0.002321
-0.002376
-0.002761
-0.003125
-0.003450
-0.003445
-0.003014
-0.002328
-0.001477
-0.000986
-0.001023
-0.001297
-0.001482
-0.001907
-0.002267
-0.002498
-0.002294
-0.001588
-0.000853
-0.000261
-0.000163
-0.000821
-0.001434
-0.001275
-0.000502
0.000683
0.002222
0.003494
0.003911
0.003634
0.003186
0.002475
0.001242
-0.000146
-0.001401
-0.002449
-0.003348
-0.004490
-0.005400
-0.005666
-0.005459
-0.005119
-0.004813
-0.004452
-0.003554
-0.001996
-0.000668
0.000063
0.000377
0.000480
0.000328
-0.000246
-0.000997
-0.001972
-0.002983
-0.003591
-0.003713
-0.003183
-0.002404
-0.001479
-0.000972
-0.001476
-0.002609
-0.003657
-0.004083
-0.003965
-0.003866
-0.004067
-0.004490
-0.005104
-0.005816
-0.006378
-0.006680
-0.006554
-0.005905
-0.005035
-0.003760
-0.002407
-0.001477
-0.001130
-0.000619
-0.000092
0.000364
0.000591
0.000618
0.000590
0.001099
0.001780
0.002151
0.002076
0.001682
0.001091
0.000350
-0.000297
-0.000485
-0.000229
0.000094
-0.000045
-0.000127
0.000088
0.000128
-0.000076
-0.000626
-0.000769
-0.000052
0.000958
0.001069
0.000792
0.000852
0.001027
0.000617
-0.000116
-0.000752
-0.001079
-0.001471
-0.001844
-0.001924
-0.001397
-0.000709
-0.000474
-0.000887
-0.001936
-0.003042
-0.003450
-0.003308
-0.003213
-0.003129
-0.002581
-0.001297
0.000749
0.002692
0.003781
0.003875
0.003649
0.003399
0.002883
0.002090
0.001246
0.000628
0.000619
0.001447
0.002782
0.003584
0.003643
0.003513
0.003581
0.003780
0.003622
0.002678
0.001714
0.001439
0.001675
0.002350
0.003181
0.003710
0.003895
0.003968
0.004055
0.004344
0.004972
0.005791
0.006284
0.006290
0.006032
0.005926
0.006256
0.006740
0.007153
0.007457
0.007228
0.006667
0.006569
0.006551
0.006186
0.005608
0.005150
0.004685
0.004077
0.003464
0.002982
0.002536
0.002126
0.001535
0.000859
0.000501
0.000696
0.001467
0.002624
0.003900
0.005068
0.006113
0.006996
0.007285
0.006819
0.005984
0.005148
0.004158
0.003468
0.003268
0.003518
0.004340
0.005056
0.005236
0.005071
0.004876
0.004854
0.004937
0.004966
0.004568
0.004330
0.004983
0.006099
0.007027
0.007469
0.007828
0.008279
0.008333
0.007941
0.007230
0.006578
0.005996
0.005537
0.005642
0.006350
0.006915
0.007269
0.007272
0.006403
0.005449
0.005009
0.004553
0.004214
0.004400
0.004573
0.004708
0.005166
0.005159
0.004476
0.003829
0.003356
0.002914
0.002426
0.001973
0.001756
0.001858
0.001920
0.001917
0.002563
0.003466
0.003489
0.003060
0.002397
0.001787
0.001394
0.001134
0.000640
0.000308
0.000730
0.001736
0.002852
0.003663
0.004145
0.004250
0.004270
0.004134
0.003803
0.003453
0.002997
0.002267
0.001531
0.000947
0.000681
0.000464
0.000297
0.000611
0.001521
0.002333
0.002631
0.002939
0.003355
0.003811
0.004684
0.005665
0.006291
0.006681
0.007053
0.007348
0.007432
0.007060
0.006353
0.004806
0.002238
-0.000150
-0.002053
-0.003509
-0.004537
-0.005014
-0.004635
-0.003992
-0.003762
-0.004038
-0.004628
-0.005111
-0.005509
-0.005613
-0.005568
-0.005670
-0.005377
-0.003441
-0.000232
0.002798
0.005027
0.005437
0.003955
0.001372
-0.001663
-0.004592
-0.006425
-0.007293
-0.007434
-0.007284
-0.007096
-0.006765
-0.006580
-0.006865
-0.008119
-0.010019
-0.011618
-0.012671
-0.013441
-0.013331
-0.011662
-0.008282
-0.004343
-0.000972
0.001024
0.001615
0.001257
0.000528
0.000020
-0.000820
-0.001583
-0.002108
-0.002578
-0.002606
-0.001542
-0.000444
-0.000337
-0.000635
-0.000363
0.000444
0.001064
0.001426
0.001752
0.002039
0.002162
0.001978
0.001196
-0.000187
-0.001883
-0.003564
-0.004954
-0.005877
-0.006220
-0.006459
-0.006804
-0.006739
-0.006180
-0.005634
-0.005551
-0.005942
-0.006269
-0.006155
-0.005660
-0.005151
-0.005029
-0.004944
-0.004679
-0.004321
-0.004043
-0.004018
-0.004141
-0.004343
-0.004517
-0.004865
-0.005301
-0.005805
-0.006110
-0.006086
-0.006253
-0.006257
-0.005966
-0.005647
-0.005159
-0.004712
-0.004665
-0.004844
-0.004978
-0.005066
-0.005198
-0.005299
-0.005303
-0.005385
-0.005516
-0.005448
-0.005596
-0.005893
-0.006154
-0.006456
-0.006668
-0.006880
-0.006463
-0.005718
-0.005192
-0.004673
-0.004088
-0.003215
-0.002222
-0.001153
-0.000489
-0.000031
0.000457
0.000947
0.001127
0.000726
0.000234
-0.000139
-0.000349
-0.000277
-0.000045
0.000518
0.001070
0.001572
0.002160
0.002888
0.003902
0.004922
0.005517
0.005638
0.005451
0.005130
0.004752
0.004436
0.004277
0.004321
0.004358
0.004113
0.003617
0.002888
0.002115
0.001513
0.001068
0.000438
-0.000423
-0.001120
-0.001347
-0.001257
-0.001087
-0.001089
-0.001048
-0.000905
-0.000996
-0.001509
-0.002447
-0.003582
-0.004712
-0.005805
-0.006716
-0.007331
-0.007453
-0.006999
-0.006029
-0.004507
-0.002406
-0.000384
0.000878
0.001141
0.000640
0.000210
0.000497
0.001533
0.003013
0.004555
0.005812
0.006710
0.007216
0.007467
0.007687
0.007944
0.008155
0.008214
0.008091
0.007879
0.007603
0.007027
0.006151
0.005184
0.004358
0.003684
0.003098
0.002790
0.002808
0.002943
0.002869
0.002631
0.002537
0.002840
0.003449
0.003835
0.003698
0.003109
0.002113
0.000806
-0.000696
-0.002193
-0.003371
-0.004082
-0.004486
-0.004515
-0.003799
-0.002245
0.000111
0.002750
0.005148
0.006991
0.008027
0.008140
0.007518
0.006521
0.005347
0.004205
0.003248
0.002619
0.002512
0.002914
0.003493
0.003864
0.003934
0.003590
0.002520
0.000983
-0.000569
-0.001885
-0.002717
-0.002948
-0.002632
-0.001949
-0.001228
-0.000635
-0.000165
0.000156
0.000258
0.000029
-0.000605
-0.001506
-0.002407
-0.003074
-0.003244
-0.002615
-0.001211
0.000429
0.001640
0.001970
0.001543
0.000860
0.000238
-0.000249
-0.000565
-0.000762
-0.000902
-0.000859
-0.000719
-0.000608
-0.000464
-0.000256
-0.000061
-0.000017
-0.000167
-0.000449
-0.000729
-0.000894
-0.000951
-0.000934
-0.000865
-0.000835
-0.000899
-0.001037
-0.001246
-0.001459
-0.001585
-0.001573
-0.001446
-0.001233
-0.001016
-0.000883
-0.000824
-0.000853
-0.000943
-0.001029
-0.001066
-0.001065
-0.001003
-0.000916
-0.000880
-0.000860
-0.000751
-0.000546
-0.000385
-0.000356
-0.000394
-0.000424
-0.000443
-0.000454
-0.000478
-0.000503
-0.000554
-0.000602
-0.000607
-0.000560
-0.000485
-0.000438
-0.000406
-0.000399
-0.000425
-0.000455
-0.000471
-0.000489
-0.000503
-0.000488
-0.000474
-0.000486
-0.000482
-0.000438
-0.000370
-0.000259
-0.000097
0.000084
0.000207
0.000242
0.000193
0.000085
0.000004
0.000009
0.000045
0.000085
0.000092
0.000058
0.000034
0.000022
0.000008
-0.000041
-0.000126
-0.000224
-0.000288
-0.000316
-0.000316
-0.000254
-0.000168
-0.000085
-0.000032
0.000003
0.000029
0.000010
-0.000032
-0.000052
-0.000032
0.000025
0.000082
0.000096
0.000063
-0.000001
-0.000114
-0.000225
-0.000307
-0.000355
-0.000367
-0.000342
-0.000285
-0.000197
-0.000106
-0.000017
0.000071
0.000135
0.000175
0.000211
0.000233
0.000254
0.000282
0.000339
0.000394
0.000415
0.000393
0.000340
0.000281
0.000225
0.000177
0.000131
0.000092
0.000064
0.000056
0.000063
0.000085
0.000125
0.000179
0.000222
0.000250
0.000264
0.000265
0.000264
0.000275
0.000287
0.000279
0.000261
0.000212
0.000108
-0.000037
-0.000182
-0.000300
-0.000380
-0.000430
-0.000463
-0.000483
-0.000487
-0.000474
-0.000438
-0.000388
-0.000340
-0.000292
-0.000242
-0.000190
-0.000142
-0.000108
-0.000080
-0.000035
0.000021
0.000094
0.000175
0.000252
0.000323
0.000387
0.000445
0.000488
0.000504
0.000494
0.000463
0.000418
0.000366
0.000305
0.000239
0.000181
0.000139
0.000110
0.000083
0.000049
0.000006
-0.000039
-0.000077
-0.000100
-0.000106
-0.000101
-0.000092
-0.000082
-0.000072
-0.000060
-0.000042
-0.000020
-0.000000
0.000015
0.000023
0.000029
0.000031
0.000033
0.000035
0.000039
0.000045
0.000051
0.000054
0.000056
0.000057
0.000057
0.000056
0.000055
0.000052
0.000052
0.000051
0.000049
0.000045
0.000043
0.000041
0.000040
0.000039
0.000038
0.000036
0.000035
0.000035
0.000034
0.000034
0.000034
0.000034
0.000034
0.000034
0.000034
0.000034
0.000034
0.000034
0.000036
0.000038
0.000039
0.000041
0.000041
0.000042
0.000043
0.000043
0.000043
0.000043
0.000043
0.000043
0.000043
0.000043
0.000043
0.000043
0.000043
0.000043
0.000043
0.000043
0.000043
0.000042
0.000042
0.000042
0.000042
0.000042
0.000042
0.000042
0.000042
0.000042
0.000042
0.000042
0.000042
0.000042
0.000042
0.000042
0.000042
0.000042
0.000042
0.000042
0.000042
0.000042
0.000042
0.000041
0.000041
