0.000859
0.000855
0.000851
0.000848
0.000844
0.000840
0.000839
0.000837
0.000835
0.000828
0.000821
0.000811
0.000800
0.000785
0.000775
0.000775
0.000775
0.000771
0.000753
0.000717
0.000683
0.000674
0.000720
0.000765
0.000759
0.000736
0.000818
0.000832
0.000672
0.000538
0.000520
0.000533
0.000506
0.000482
0.000482
0.000413
0.000341
0.000269
0.000247
0.000242
0.000340
0.000453
0.000496
0.000430
0.000286
0.000099
-0.000050
0.000093
0.000188
0.000133
0.000159
0.000151
0.000341
0.000199
-0.000235
-0.000434
0.000048
0.000368
0.000120
0.000090
0.000670
0.000807
0.000468
-0.000069
-0.000808
-0.001419
-0.000836
0.000768
0.000996
0.000167
0.000316
0.000894
0.001144
0.002553
0.003228
0.002256
0.000712
-0.000242
0.000607
0.000471
-0.000989
-0.002366
-0.002341
-0.000542
0.000654
-0.000797
-0.002107
-0.001950
-0.001774
-0.001412
-0.000872
0.001028
0.003225
0.003378
0.002603
0.001520
-0.001799
-0.005535
-0.006276
-0.004406
-0.002763
0.000229
0.005733
0.007262
0.003604
-0.002596
-0.004974
-0.002386
-0.001496
-0.004129
-0.006123
-0.005234
-0.005215
-0.007108
-0.007321
-0.004614
-0.000955
-0.000640
-0.003406
-0.005231
-0.003955
0.002903
0.008456
0.005671
0.001810
0.000926
-0.001839
-0.006284
-0.010007
-0.011735
-0.012017
-0.009523
-0.005176
-0.001788
0.002164
0.006851
0.007593
0.005157
0.004387
0.008032
0.017371
0.024949
0.021850
0.017790
0.016577
0.011152
0.005129
0.004814
0.003906
-0.002133
-0.009338
-0.010742
-0.007700
-0.003942
0.002602
0.010519
0.012888
0.010760
0.008617
0.006570
0.003184
-0.005208
-0.019498
-0.028493
-0.019201
0.002374
0.017967
0.019154
0.017337
0.019813
0.022840
0.022321
0.022554
0.027393
0.031613
0.027635
0.017559
0.004391
-0.007238
-0.010279
-0.010595
-0.005063
0.010478
0.026991
0.026704
0.015574
-0.001539
-0.012907
-0.016048
-0.025350
-0.041708
-0.049783
-0.044027
-0.031386
-0.025572
-0.035048
-0.053439
-0.058125
-0.045910
-0.027578
-0.009010
-0.000232
-0.006829
-0.026639
-0.037886
-0.034566
-0.019961
-0.008918
-0.003246
-0.001002
-0.001577
-0.003127
-0.006018
-0.008727
-0.011031
-0.013334
-0.014566
-0.015767
-0.017808
-0.019347
-0.017971
-0.018279
-0.019715
-0.020082
-0.024240
-0.038794
-0.046655
-0.042635
-0.036922
-0.032308
-0.019629
0.006380
0.020500
0.017930
0.012076
0.011155
0.016081
0.025822
0.033867
0.040843
0.046999
0.049457
0.040091
0.018417
0.000786
-0.001067
0.014258
0.025088
0.019831
0.011383
0.017012
0.024573
0.023234
0.018423
0.012271
0.006089
-0.002920
-0.012520
-0.018706
-0.022259
-0.023924
-0.018882
-0.013996
-0.010921
-0.000050
0.009537
0.013887
0.012441
0.005280
-0.002900
-0.008075
-0.001089
0.008940
0.020089
0.034010
0.044900
0.049103
0.048675
0.046850
0.040722
0.035156
0.034638
0.035656
0.035814
0.031421
0.017931
0.001671
0.006786
0.019314
0.013819
-0.001933
-0.013031
-0.012882
0.004782
0.037926
0.046839
0.040554
0.032337
0.016867
-0.000677
-0.014910
-0.029717
-0.027943
-0.006258
0.008343
0.012810
0.009129
-0.001271
-0.020233
-0.030989
-0.027718
-0.014536
0.007942
0.026469
0.030394
0.031411
0.036614
0.040600
0.041459
0.043770
0.049588
0.054129
0.047371
0.017273
-0.023556
-0.042280
-0.036822
-0.007166
0.015395
0.016124
0.010641
0.007745
0.004976
0.003188
0.000334
-0.004044
-0.000290
0.014326
0.023931
0.007099
-0.023146
-0.029807
-0.024559
-0.021557
-0.024185
-0.031993
-0.036484
-0.029948
-0.011674
-0.011840
-0.025865
-0.034399
-0.036511
-0.036656
-0.036955
-0.035754
-0.035873
-0.034736
-0.031356
-0.031847
-0.029590
-0.028134
-0.022905
-0.007779
-0.001281
-0.012944
-0.033843
-0.042044
-0.041734
-0.044635
-0.049352
-0.050155
-0.042796
-0.029930
-0.016640
-0.009838
-0.001014
0.008647
0.007862
-0.001458
-0.005995
-0.011116
-0.012983
-0.009200
-0.007077
-0.010950
-0.020453
-0.031740
-0.036337
-0.035164
-0.032044
-0.034180
-0.043781
-0.047856
-0.046916
-0.036891
-0.015773
0.004225
0.010391
0.011256
0.017485
0.028341
0.038118
0.037042
0.032477
0.029311
0.026863
0.024648
0.028152
0.045006
0.069643
0.081333
0.077943
0.076787
0.083811
0.098910
0.116494
0.126613
0.124009
0.119372
0.118571
0.113683
0.104091
0.092391
0.082811
0.077747
0.081697
0.091790
0.100082
0.103968
0.104408
0.098810
0.086521
0.074395
0.072371
0.078254
0.086535
0.089810
0.089460
0.088811
0.083442
0.072241
0.063548
0.062108
0.068224
0.079341
0.094385
0.105512
0.111954
0.115502
0.116892
0.116306
0.113393
0.113350
0.126418
0.140643
0.135562
0.119137
0.102672
0.095337
0.090336
0.077046
0.065300
0.053179
0.030546
0.006639
-0.009138
-0.017644
-0.020020
-0.021738
-0.020302
-0.013496
-0.003005
0.002379
-0.002013
-0.006200
0.000327
0.008925
0.009773
0.008039
0.008061
0.007348
0.001123
-0.011455
-0.024164
-0.034426
-0.044378
-0.049616
-0.054724
-0.065456
-0.079312
-0.088124
-0.092588
-0.097031
-0.095150
-0.091850
-0.092047
-0.098937
-0.117189
-0.137611
-0.155825
-0.174486
-0.183990
-0.182412
-0.173292
-0.162325
-0.150227
-0.134172
-0.112052
-0.094824
-0.091497
-0.092096
-0.086452
-0.074424
-0.062897
-0.056681
-0.048890
-0.042275
-0.041895
-0.050935
-0.059480
-0.065603
-0.073744
-0.081067
-0.083735
-0.082380
-0.080828
-0.084342
-0.093734
-0.098725
-0.095450
-0.086498
-0.074417
-0.058771
-0.042072
-0.028161
-0.015067
-0.002961
0.005288
0.009824
0.015134
0.018351
0.017608
0.010662
-0.001286
-0.015828
-0.027172
-0.034265
-0.040342
-0.044038
-0.046280
-0.046816
-0.045136
-0.043692
-0.042883
-0.040792
-0.035805
-0.026128
-0.011137
0.000778
0.019202
0.038240
0.044773
0.040393
0.036098
0.039724
0.047075
0.051502
0.052063
0.052501
0.051755
0.046566
0.034338
0.014986
-0.008228
-0.025832
-0.044002
-0.070823
-0.096891
-0.114605
-0.124248
-0.131142
-0.134079
-0.139861
-0.149054
-0.157023
-0.168381
-0.183489
-0.202033
-0.209339
-0.206435
-0.206411
-0.205911
-0.201629
-0.201148
-0.204076
-0.207235
-0.209441
-0.203479
-0.188891
-0.172534
-0.155412
-0.128696
-0.097152
-0.070874
-0.047710
-0.019181
-0.000267
0.014837
0.031714
0.047332
0.058213
0.067355
0.076915
0.079528
0.075388
0.062108
0.034214
0.001116
-0.016310
-0.026625
-0.044035
-0.063227
-0.073400
-0.073100
-0.067702
-0.059214
-0.047314
-0.027939
-0.005443
0.011749
0.021126
0.028074
0.034273
0.036195
0.034886
0.030329
0.022925
0.014240
0.006888
-0.005975
-0.028859
-0.047321
-0.056342
-0.060334
-0.068967
-0.085405
-0.099147
-0.105394
-0.110311
-0.114351
-0.115025
-0.114448
-0.111073
-0.101777
-0.088140
-0.070066
-0.049462
-0.034769
-0.021425
-0.013118
-0.008242
-0.004166
-0.001431
0.001320
0.007864
0.017751
0.026047
0.030215
0.032937
0.035394
0.040582
0.051571
0.069900
0.090144
0.103381
0.123248
0.145776
0.157086
0.173947
0.195562
0.217555
0.233905
0.236866
0.236730
0.237897
0.240107
0.246325
0.261377
0.275386
0.275900
0.269456
0.263674
0.255316
0.241860
0.227153
0.212625
0.187911
0.151090
0.108651
0.072547
0.049808
0.035877
0.027243
0.026780
0.033361
0.040802
0.044291
0.044462
0.040813
0.032416
0.017865
-0.002605
-0.020507
-0.027712
-0.020772
-0.008608
0.002752
0.013338
0.026843
0.042641
0.058126
0.069512
0.078341
0.089832
0.106377
0.130240
0.155300
0.169769
0.175613
0.180959
0.184316
0.185011
0.181703
0.175666
0.163986
0.148179
0.137320
0.129173
0.113534
0.097717
0.087915
0.085814
0.087173
0.089781
0.092750
0.095870
0.102131
0.107365
0.109567
0.105013
0.098658
0.094273
0.090665
0.087676
0.084866
0.081085
0.081906
0.085352
0.087157
0.088601
0.090015
0.091672
0.095931
0.101782
0.104940
0.103673
0.100576
0.093100
0.085492
0.083604
0.083434
0.079835
0.072238
0.065991
0.059211
0.050616
0.045708
0.042704
0.038910
0.035736
0.036410
0.038201
0.036662
0.027309
0.015346
0.005175
-0.008173
-0.030212
-0.054771
-0.079140
-0.099236
-0.106755
-0.116743
-0.127375
-0.137639
-0.147564
-0.154611
-0.163190
-0.172509
-0.177904
-0.184128
-0.192772
-0.202482
-0.218217
-0.236871
-0.254644
-0.275207
-0.290717
-0.294148
-0.296157
-0.298443
-0.300000
-0.299747
-0.299063
-0.297615
-0.294618
-0.289008
-0.280393
-0.262065
-0.226354
-0.190608
-0.169658
-0.144451
-0.126129
-0.124693
-0.125167
-0.121800
-0.121063
-0.126494
-0.132153
-0.134581
-0.132806
-0.129720
-0.129035
-0.129557
-0.130816
-0.127367
-0.115962
-0.098365
-0.084048
-0.073050
-0.058234
-0.037252
-0.018527
-0.006051
0.007589
0.017613
0.027056
0.036713
0.046108
0.053801
0.055647
0.054757
0.053844
0.051611
0.047999
0.049007
0.052653
0.051751
0.046926
0.044846
0.049359
0.056570
0.060441
0.061865
0.066567
0.073258
0.080933
0.095098
0.110091
0.120793
0.129775
0.136427
0.141915
0.145699
0.145473
0.138093
0.121532
0.091511
0.055070
0.020606
-0.006681
-0.025123
-0.046720
-0.066675
-0.083024
-0.095017
-0.105913
-0.120327
-0.132326
-0.140401
-0.149380
-0.162307
-0.176344
-0.185604
-0.189482
-0.193296
-0.194358
-0.188342
-0.180284
-0.172639
-0.162871
-0.150714
-0.134918
-0.118813
-0.098153
-0.072523
-0.049040
-0.025417
-0.005060
0.012302
0.030197
0.043156
0.051635
0.060164
0.067999
0.074780
0.076016
0.073287
0.069029
0.064525
0.056479
0.046320
0.035529
0.021427
-0.000853
-0.019643
-0.031964
-0.037639
-0.038200
-0.036578
-0.029909
-0.020122
-0.010849
-0.001762
0.011332
0.029923
0.052482
0.069647
0.085825
0.109845
0.126416
0.132757
0.137100
0.143444
0.151805
0.157564
0.166119
0.177216
0.182485
0.174367
0.141464
0.088834
0.016218
-0.045559
-0.088762
-0.114852
-0.130030
-0.146160
-0.160528
-0.172248
-0.177773
-0.176900
-0.172882
-0.166074
-0.157485
-0.150853
-0.147697
-0.140997
-0.133260
-0.125431
-0.112238
-0.089318
-0.060943
-0.031016
-0.002186
0.027888
0.060157
0.089547
0.115467
0.136406
0.155633
0.174568
0.188179
0.194425
0.197290
0.197517
0.194029
0.189177
0.186364
0.187682
0.190720
0.191727
0.190968
0.190444
0.189764
0.185005
0.177240
0.168044
0.152031
0.126825
0.107656
0.087841
0.062190
0.034370
0.008220
-0.006650
-0.014395
-0.018685
-0.016616
-0.004904
0.011506
0.026358
0.043898
0.061687
0.078098
0.087704
0.096374
0.104644
0.110854
0.113646
0.117235
0.123645
0.129698
0.131134
0.130882
0.131458
0.132710
0.130234
0.121633
0.103029
0.079301
0.053876
0.026368
0.000264
-0.021161
-0.035957
-0.045797
-0.055756
-0.065303
-0.070457
-0.071749
-0.070920
-0.068781
-0.064181
-0.059212
-0.056294
-0.055968
-0.056487
-0.055917
-0.054351
-0.053403
-0.050963
-0.049113
-0.047531
-0.045016
-0.040310
-0.036130
-0.034949
-0.035729
-0.038154
-0.038531
-0.033143
-0.024639
-0.016704
-0.010554
-0.006583
-0.005419
-0.006823
-0.011799
-0.020429
-0.029341
-0.033737
-0.036305
-0.039841
-0.044789
-0.049163
-0.054344
-0.058021
-0.059762
-0.057514
-0.052650
-0.047712
-0.038630
-0.023463
-0.010847
-0.003558
0.006485
0.021640
0.035471
0.039518
0.034447
0.029498
0.028271
0.028282
0.028229
0.030146
0.033086
0.035492
0.040994
0.048588
0.056433
0.060188
0.062820
0.066359
0.069270
0.072735
0.074867
0.076067
0.077842
0.080327
0.085714
0.089782
0.092132
0.094016
0.096022
0.098796
0.100390
0.099830
0.103073
0.108646
0.110829
0.108315
0.103420
0.101179
0.099775
0.096442
0.089993
0.077898
0.062269
0.047206
0.029279
0.013294
0.000888
-0.009838
-0.016504
-0.021890
-0.030169
-0.042442
-0.057138
-0.068144
-0.074371
-0.081657
-0.087526
-0.090612
-0.094047
-0.098610
-0.104094
-0.105640
-0.107409
-0.109676
-0.109627
-0.106450
-0.105492
-0.109962
-0.119230
-0.126201
-0.128360
-0.127161
-0.128718
-0.130277
-0.131156
-0.132700
-0.135902
-0.139992
-0.140491
-0.135830
-0.131382
-0.131251
-0.130316
-0.131218
-0.135572
-0.138219
-0.138650
-0.139734
-0.142995
-0.146944
-0.148307
-0.149078
-0.151622
-0.155443
-0.157923
-0.161998
-0.167058
-0.169117
-0.165954
-0.161790
-0.159377
-0.158863
-0.158408
-0.155984
-0.155697
-0.156446
-0.154737
-0.152327
-0.150059
-0.145085
-0.136261
-0.122033
-0.106567
-0.091346
-0.073947
-0.057054
-0.038312
-0.020221
-0.003389
0.008734
0.018579
0.028459
0.038572
0.047687
0.049175
0.046027
0.043676
0.041955
0.036655
0.028903
0.022306
0.016604
0.009685
0.001912
-0.003988
-0.002661
-0.002511
-0.004466
-0.007297
-0.007064
-0.005368
-0.003362
-0.000095
0.001527
0.002773
0.004209
0.006454
0.011090
0.018680
0.023824
0.026362
0.028255
0.031700
0.035732
0.040523
0.046092
0.051494
0.056237
0.060456
0.063208
0.062950
0.061556
0.062083
0.064548
0.066729
0.066675
0.065053
0.063001
0.060883
0.059953
0.060217
0.060036
0.059856
0.058456
0.055107
0.051764
0.053655
0.060200
0.065126
0.068148
0.071063
0.073900
0.077612
0.082207
0.089463
0.096775
0.104254
0.111851
0.119367
0.126705
0.135373
0.143597
0.147868
0.149682
0.152751
0.154083
0.155038
0.156269
0.156406
0.157327
0.158125
0.157544
0.157517
0.158114
0.156013
0.153367
0.151510
0.151313
0.147641
0.142150
0.139472
0.138085
0.140071
0.140617
0.137307
0.133282
0.131562
0.129196
0.124240
0.121667
0.122545
0.124008
0.123788
0.121497
0.120480
0.120596
0.117398
0.111857
0.105994
0.104995
0.106725
0.106460
0.105137
0.102704
0.097433
0.091107
0.086015
0.080010
0.071050
0.062219
0.055972
0.052495
0.049870
0.044347
0.035273
0.028768
0.027566
0.027688
0.021278
0.010304
0.004024
0.003142
0.000076
-0.008543
-0.017340
-0.021159
-0.023627
-0.029116
-0.035080
-0.039660
-0.045189
-0.049175
-0.050810
-0.050746
-0.048542
-0.047133
-0.047587
-0.046771
-0.042262
-0.040271
-0.039551
-0.038847
-0.036398
-0.032716
-0.030432
-0.029925
-0.029626
-0.029365
-0.032099
-0.033865
-0.033925
-0.035809
-0.041685
-0.047742
-0.054259
-0.060635
-0.065261
-0.069774
-0.072451
-0.070063
-0.068153
-0.069503
-0.070453
-0.071836
-0.077140
-0.082235
-0.082120
-0.079983
-0.078273
-0.078367
-0.077769
-0.078669
-0.082162
-0.087921
-0.092550
-0.093108
-0.090727
-0.087047
-0.084255
-0.084759
-0.088092
-0.091064
-0.094890
-0.101093
-0.105888
-0.107846
-0.105744
-0.104814
-0.107984
-0.111502
-0.112222
-0.114174
-0.117348
-0.120667
-0.122708
-0.123867
-0.125106
-0.126521
-0.126661
-0.126219
-0.130524
-0.137813
-0.142563
-0.146261
-0.148212
-0.146906
-0.145982
-0.143846
-0.140717
-0.138266
-0.135403
-0.132843
-0.131143
-0.126886
-0.121984
-0.116752
-0.109863
-0.104411
-0.098632
-0.092903
-0.087060
-0.083766
-0.082399
-0.082445
-0.082514
-0.079377
-0.072659
-0.065521
-0.062092
-0.057857
-0.053590
-0.050770
-0.044458
-0.036004
-0.028622
-0.022127
-0.016736
-0.010139
-0.002647
0.001268
0.004227
0.006110
0.007209
0.008711
0.010163
0.010825
0.010418
0.011656
0.014373
0.017185
0.019925
0.024078
0.032496
0.039624
0.044505
0.052468
0.059707
0.064370
0.066517
0.067917
0.069787
0.071280
0.073707
0.076024
0.074766
0.071442
0.069437
0.071692
0.075290
0.075568
0.074203
0.074428
0.077255
0.081082
0.081635
0.080810
0.080515
0.080338
0.080365
0.080685
0.080821
0.079623
0.079551
0.079690
0.077368
0.074239
0.072239
0.070601
0.070827
0.071312
0.071659
0.069730
0.066727
0.065033
0.067793
0.069602
0.069260
0.070610
0.071698
0.071658
0.070956
0.069437
0.068963
0.067215
0.064783
0.067168
0.070473
0.071660
0.070859
0.071717
0.077110
0.084013
0.088956
0.093079
0.093661
0.094832
0.099967
0.104561
0.106139
0.107837
0.109904
0.113055
0.116423
0.118239
0.118988
0.119056
0.119036
0.118934
0.119542
0.117592
0.112994
0.113476
0.114542
0.112848
0.108274
0.102285
0.094535
0.090339
0.091313
0.092043
0.086926
0.077663
0.067845
0.059703
0.053881
0.048509
0.040798
0.032560
0.030504
0.030461
0.026865
0.019340
0.012492
0.010569
0.009658
0.007930
0.006699
0.004004
-0.000736
-0.005172
-0.006290
-0.007213
-0.010329
-0.013171
-0.016464
-0.019081
-0.022658
-0.028262
-0.033313
-0.037568
-0.042722
-0.048332
-0.053058
-0.056186
-0.059067
-0.060125
-0.061234
-0.064601
-0.066754
-0.065940
-0.065006
-0.065807
-0.065480
-0.063893
-0.065270
-0.067077
-0.065956
-0.064414
-0.063310
-0.062725
-0.063534
-0.066512
-0.068090
-0.068727
-0.068620
-0.068014
-0.067461
-0.065923
-0.064367
-0.063424
-0.062485
-0.062248
-0.062501
-0.061467
-0.059631
-0.055581
-0.053597
-0.056292
-0.058883
-0.058007
-0.055316
-0.053493
-0.053870
-0.054757
-0.054867
-0.053529
-0.054167
-0.057554
-0.061260
-0.061213
-0.057825
-0.054861
-0.054080
-0.054936
-0.057882
-0.059798
-0.060243
-0.059888
-0.058966
-0.056996
-0.055983
-0.053132
-0.049765
-0.048837
-0.051901
-0.055032
-0.056693
-0.056866
-0.053174
-0.050558
-0.049492
-0.049518
-0.047712
-0.043963
-0.039968
-0.034585
-0.032257
-0.031465
-0.026380
-0.020178
-0.018667
-0.019099
-0.019071
-0.019093
-0.018586
-0.017440
-0.018538
-0.022728
-0.024706
-0.024820
-0.025434
-0.026787
-0.028139
-0.027943
-0.028424
-0.029300
-0.028872
-0.025807
-0.023763
-0.024764
-0.025923
-0.023325
-0.018547
-0.017388
-0.018379
-0.020301
-0.021887
-0.023553
-0.025214
-0.026038
-0.026597
-0.026119
-0.024247
-0.023683
-0.026133
-0.027240
-0.023155
-0.021178
-0.021941
-0.021000
-0.017055
-0.014077
-0.012809
-0.011343
-0.011576
-0.010159
-0.007944
-0.008304
-0.011068
-0.014018
-0.015630
-0.015006
-0.013921
-0.012600
-0.009907
-0.002519
0.002500
0.003352
0.004786
0.006472
0.006454
0.003872
0.001556
0.001528
0.001112
-0.002395
-0.006974
-0.008990
-0.009640
-0.011509
-0.014659
-0.014778
-0.011941
-0.011007
-0.011572
-0.008419
-0.005074
-0.002910
0.000768
0.006518
0.013145
0.019367
0.022721
0.022838
0.023175
0.025080
0.027386
0.028554
0.028776
0.030915
0.035124
0.035639
0.033308
0.031236
0.031172
0.032655
0.033396
0.032908
0.033322
0.034067
0.033882
0.032354
0.029394
0.028396
0.030421
0.033608
0.035137
0.034609
0.032015
0.031884
0.032507
0.031315
0.031985
0.035445
0.038055
0.038321
0.036833
0.036596
0.037586
0.038729
0.040322
0.039645
0.038614
0.037090
0.032482
0.026941
0.023798
0.022593
0.022134
0.022560
0.022549
0.022337
0.024291
0.028127
0.031109
0.033986
0.036864
0.039850
0.040064
0.037570
0.035974
0.034223
0.030457
0.026568
0.024617
0.025716
0.028186
0.026592
0.023410
0.025209
0.030027
0.030490
0.029006
0.030056
0.033523
0.039098
0.043457
0.043770
0.040987
0.038725
0.035854
0.031880
0.029351
0.029538
0.030925
0.030097
0.027455
0.024692
0.023817
0.024533
0.025122
0.025953
0.026268
0.025412
0.021630
0.017931
0.018178
0.021736
0.024675
0.026969
0.028091
0.028391
0.028768
0.030830
0.032506
0.031779
0.032380
0.032993
0.030657
0.025424
0.020779
0.015419
0.009165
0.004590
0.002577
0.000991
-0.002464
-0.003731
-0.003211
-0.003536
-0.004940
-0.007314
-0.011308
-0.014651
-0.013127
-0.011619
-0.013011
-0.015194
-0.017045
-0.016961
-0.018065
-0.021286
-0.022411
-0.021014
-0.019628
-0.018057
-0.015380
-0.013284
-0.011453
-0.007137
-0.002588
0.000634
0.002489
0.002411
0.004401
0.007578
0.008054
0.006693
0.004630
0.005284
0.007716
0.009211
0.008054
0.004815
0.002070
0.001150
0.000006
-0.006627
-0.015289
-0.020639
-0.022668
-0.024060
-0.024588
-0.027874
-0.032170
-0.031724
-0.028233
-0.024782
-0.020428
-0.014530
-0.008636
-0.005480
-0.004775
-0.003843
-0.004350
-0.005381
-0.006537
-0.010514
-0.014934
-0.016117
-0.017826
-0.023339
-0.030998
-0.035159
-0.038230
-0.039482
-0.038642
-0.038381
-0.040013
-0.040921
-0.041364
-0.041289
-0.044125
-0.047994
-0.048405
-0.047469
-0.046876
-0.047506
-0.050256
-0.051992
-0.053475
-0.053395
-0.053548
-0.054629
-0.054959
-0.055642
-0.056487
-0.056952
-0.054207
-0.051477
-0.050061
-0.047933
-0.043524
-0.036065
-0.026433
-0.023772
-0.025502
-0.023405
-0.020288
-0.019847
-0.018053
-0.009701
-0.000292
-0.000850
-0.003613
0.001005
0.005823
0.005819
0.004897
0.006319
0.006912
0.005714
0.003858
0.002911
0.005481
0.007694
0.007730
0.007623
0.007898
0.008321
0.008090
0.007492
0.005924
0.002567
-0.000518
-0.000402
-0.000084
-0.003959
-0.009455
-0.013581
-0.016289
-0.017655
-0.018223
-0.018287
-0.018188
-0.017823
-0.016599
-0.016864
-0.017779
-0.016425
-0.012356
-0.007803
-0.004361
-0.001009
0.001712
0.003402
0.003729
0.002804
0.001691
0.000462
-0.000290
0.000801
0.002299
0.004411
0.007385
0.008843
0.008744
0.007823
0.006270
0.003905
0.003395
0.004498
0.004466
0.005516
0.006491
0.007651
0.010257
0.014674
0.019578
0.023397
0.027158
0.030227
0.031619
0.031185
0.030559
0.029163
0.028587
0.029553
0.029846
0.027395
0.023323
0.019910
0.017131
0.015927
0.015603
0.013704
0.011918
0.013059
0.015785
0.018415
0.019445
0.020185
0.021468
0.022531
0.024425
0.025554
0.025224
0.024059
0.022080
0.019032
0.015643
0.012668
0.009363
0.006237
0.005227
0.004793
0.005043
0.006638
0.009757
0.013331
0.015324
0.018894
0.023830
0.028088
0.030673
0.031841
0.032897
0.032993
0.033644
0.034062
0.033518
0.031928
0.030219
0.027205
0.022089
0.017522
0.014597
0.013135
0.012872
0.012857
0.012720
0.012206
0.011802
0.011622
0.011372
0.012414
0.014120
0.016371
0.019469
0.023003
0.026912
0.030776
0.034975
0.039745
0.043620
0.046471
0.047172
0.047173
0.047520
0.049070
0.050767
0.049696
0.045558
0.042051
0.039691
0.036037
0.033324
0.030227
0.025093
0.019758
0.014720
0.007557
0.002082
0.000214
-0.000848
-0.000987
-0.000502
-0.002157
-0.003573
-0.003331
-0.003018
-0.003594
-0.003316
-0.004299
-0.007061
-0.010195
-0.014449
-0.018864
-0.022438
-0.024783
-0.025960
-0.026912
-0.027132
-0.025774
-0.023505
-0.020567
-0.016499
-0.013569
-0.011977
-0.007347
-0.002915
-0.001161
-0.001346
-0.002791
-0.004055
-0.005012
-0.008173
-0.012208
-0.014210
-0.014359
-0.015503
-0.019813
-0.025717
-0.030212
-0.032923
-0.035301
-0.036569
-0.035896
-0.035514
-0.034411
-0.035684
-0.041179
-0.045466
-0.044970
-0.040999
-0.037585
-0.036308
-0.035121
-0.036390
-0.035855
-0.033281
-0.033401
-0.036782
-0.039091
-0.039595
-0.040010
-0.040235
-0.040839
-0.041708
-0.041739
-0.040006
-0.037368
-0.033824
-0.028485
-0.025517
-0.025746
-0.026509
-0.026137
-0.026876
-0.029652
-0.033621
-0.037045
-0.039261
-0.040127
-0.040961
-0.042276
-0.042113
-0.040384
-0.038399
-0.037447
-0.036268
-0.035626
-0.034844
-0.032562
-0.029767
-0.029567
-0.027407
-0.023795
-0.021931
-0.018927
-0.015534
-0.013324
-0.011288
-0.009548
-0.008518
-0.007101
-0.005841
-0.006713
-0.008197
-0.008809
-0.010993
-0.010914
-0.010656
-0.010106
-0.007854
-0.004532
-0.000513
0.004615
0.011760
0.019158
0.022695
0.022514
0.021993
0.022529
0.021579
0.018633
0.017284
0.016625
0.016852
0.015904
0.014039
0.011568
0.009497
0.009809
0.011217
0.011527
0.012327
0.014996
0.017916
0.020414
0.023140
0.024603
0.026118
0.027828
0.026625
0.021833
0.017562
0.013469
0.008271
0.004484
0.004784
0.007343
0.006632
0.002833
-0.000847
-0.002910
-0.003863
-0.005733
-0.007387
-0.007233
-0.005737
-0.002468
-0.001936
-0.005483
-0.010242
-0.012965
-0.013863
-0.016505
-0.019298
-0.020607
-0.018486
-0.013711
-0.009247
-0.006352
-0.004440
-0.002824
-0.000051
0.001032
0.001794
0.001436
0.000995
0.002301
0.002473
0.001619
0.001224
0.000379
-0.000590
-0.000817
-0.003595
-0.008745
-0.013013
-0.015683
-0.018012
-0.019414
-0.020194
-0.017812
-0.014095
-0.009426
-0.002519
0.004433
0.007238
0.008658
0.014336
0.021348
0.025826
0.029727
0.033821
0.037856
0.041368
0.043272
0.043333
0.043551
0.042791
0.041674
0.040886
0.039242
0.038479
0.039443
0.040365
0.040791
0.039008
0.034256
0.031218
0.027772
0.023056
0.017157
0.010736
0.006205
0.003218
0.000427
-0.002216
-0.004458
-0.004323
-0.001832
0.000203
0.000735
0.001619
0.005440
0.008469
0.009676
0.010020
0.008773
0.007568
0.007036
0.004529
0.001516
0.001090
0.001367
-0.000352
-0.003040
-0.004752
-0.005614
-0.006847
-0.007084
-0.007333
-0.006201
-0.003445
-0.001477
-0.000738
-0.000007
0.001512
0.003660
0.007967
0.013795
0.016616
0.017348
0.017831
0.018644
0.019595
0.019917
0.019539
0.018551
0.016693
0.013393
0.008781
0.005519
0.003937
0.003240
0.001847
-0.000091
-0.002356
-0.005650
-0.006356
-0.006204
-0.006808
-0.008040
-0.009048
-0.008033
-0.005617
-0.003547
-0.003974
-0.005357
-0.006565
-0.008534
-0.011261
-0.012711
-0.013339
-0.014029
-0.012097
-0.009245
-0.006461
-0.003441
-0.000499
0.003409
0.007261
0.011601
0.014243
0.015693
0.016519
0.014866
0.012383
0.006489
-0.001103
-0.006783
-0.008854
-0.008655
-0.006753
-0.004113
0.000745
0.006266
0.010065
0.010552
0.011213
0.014278
0.016041
0.014721
0.013298
0.010692
0.008565
0.005365
0.000922
-0.003402
-0.006186
-0.008190
-0.011415
-0.012936
-0.012613
-0.013208
-0.014763
-0.017843
-0.020381
-0.021202
-0.020931
-0.019239
-0.017648
-0.014247
-0.010094
-0.008069
-0.007079
-0.007571
-0.008770
-0.010606
-0.010539
-0.011738
-0.014598
-0.015427
-0.014995
-0.016859
-0.019984
-0.021174
-0.020718
-0.020882
-0.023654
-0.027447
-0.030126
-0.029513
-0.028424
-0.029648
-0.029999
-0.028722
-0.025879
-0.023025
-0.017148
-0.008060
-0.000101
0.004380
0.007430
0.009444
0.009392
0.009068
0.007569
0.004688
0.001856
-0.000510
-0.003995
-0.006960
-0.009542
-0.011288
-0.010009
-0.008242
-0.006244
-0.004967
-0.002904
-0.001458
-0.001354
0.001382
0.004960
0.006393
0.007738
0.008177
0.008622
0.009529
0.009462
0.008438
0.008202
0.009611
0.011087
0.010894
0.009958
0.009361
0.009624
0.011652
0.014406
0.016008
0.017838
0.020127
0.020500
0.019461
0.017474
0.014503
0.011355
0.007137
0.001376
-0.002168
-0.005061
-0.005238
-0.003135
-0.001333
0.000495
0.003848
0.006250
0.007709
0.007227
0.006098
0.003072
0.000379
0.000112
0.001386
0.002578
0.003794
0.006613
0.009440
0.011760
0.012202
0.010746
0.009805
0.010504
0.012208
0.014033
0.015543
0.016334
0.015453
0.013602
0.012028
0.011713
0.013853
0.016515
0.016651
0.017077
0.019129
0.020578
0.019575
0.017979
0.017059
0.017164
0.018048
0.018394
0.016886
0.015471
0.015412
0.015994
0.014826
0.013308
0.012802
0.011376
0.009538
0.007944
0.004625
0.001369
-0.000203
-0.000934
-0.001871
-0.003148
-0.004245
-0.004236
-0.003291
-0.005194
-0.009314
-0.010814
-0.011435
-0.012597
-0.014399
-0.015420
-0.017341
-0.020690
-0.020779
-0.019039
-0.016730
-0.012912
-0.008637
-0.004296
-0.000439
0.003916
0.007253
0.007727
0.007685
0.007507
0.007966
0.007971
0.006591
0.006997
0.008785
0.010217
0.011297
0.012351
0.013131
0.013348
0.013935
0.015125
0.016194
0.016074
0.014336
0.011743
0.008955
0.005690
0.001903
-0.002632
-0.007467
-0.011981
-0.014326
-0.015184
-0.014724
-0.013531
-0.011724
-0.009425
-0.007995
-0.006887
-0.007233
-0.007887
-0.010105
-0.013295
-0.017338
-0.022464
-0.026618
-0.029962
-0.030889
-0.029505
-0.027291
-0.023071
-0.016535
-0.010996
-0.006234
-0.001517
0.004553
0.008626
0.011322
0.011091
0.008322
0.004916
0.001184
-0.004475
-0.010171
-0.012682
-0.015398
-0.018127
-0.018521
-0.016700
-0.014236
-0.011239
-0.007239
-0.004296
-0.003004
-0.001831
0.000203
0.001081
0.000659
-0.000225
-0.001434
-0.003530
-0.006450
-0.009578
-0.011433
-0.011319
-0.011370
-0.011720
-0.010023
-0.007844
-0.005856
-0.003974
-0.001262
0.002943
0.007794
0.010344
0.012234
0.010797
0.009099
0.008427
0.006724
0.003747
0.001255
-0.000363
-0.000344
0.001773
0.004185
0.006252
0.007828
0.009790
0.010844
0.012119
0.012702
0.011522
0.010458
0.009483
0.007712
0.005003
0.003235
0.003248
0.003376
0.003605
0.005215
0.006834
0.008945
0.012774
0.018225
0.022207
0.024471
0.025911
0.025326
0.023835
0.022572
0.020475
0.018265
0.015487
0.012430
0.010409
0.010756
0.011455
0.010617
0.010569
0.010984
0.007742
0.002979
-0.001930
-0.007051
-0.011370
-0.014139
-0.015279
-0.017072
-0.020063
-0.021855
-0.021251
-0.021196
-0.023005
-0.023512
-0.023548
-0.022940
-0.023021
-0.024840
-0.025589
-0.024581
-0.023758
-0.023317
-0.023157
-0.023211
-0.022434
-0.020741
-0.019306
-0.018591
-0.018155
-0.017761
-0.017385
-0.018738
-0.021439
-0.023697
-0.025392
-0.027862
-0.031301
-0.034712
-0.037269
-0.036959
-0.036883
-0.037353
-0.037675
-0.037078
-0.034019
-0.029878
-0.024215
-0.018857
-0.013744
-0.007196
-0.001184
0.000173
0.000126
0.001340
0.002663
0.005067
0.008565
0.009837
0.011829
0.016284
0.020893
0.023190
0.025311
0.028944
0.031305
0.031509
0.031718
0.030936
0.029535
0.026387
0.021566
0.014666
0.005959
-0.002022
-0.008632
-0.012773
-0.014738
-0.015465
-0.014789
-0.012584
-0.010592
-0.010109
-0.008789
-0.006431
-0.004495
-0.002864
-0.001032
0.001984
0.005878
0.011912
0.016493
0.018409
0.020051
0.022354
0.023285
0.023968
0.025696
0.026209
0.026514
0.026505
0.026517
0.026155
0.025384
0.024646
0.024802
0.025398
0.023006
0.020131
0.017366
0.014175
0.009397
0.002227
-0.003742
-0.006707
-0.007673
-0.006393
-0.004538
-0.002585
0.000075
0.002531
0.005125
0.004623
0.002342
0.000584
0.000861
0.000828
-0.000401
-0.003583
-0.007311
-0.011763
-0.014439
-0.014869
-0.016205
-0.018775
-0.019245
-0.016759
-0.015097
-0.014868
-0.015357
-0.015549
-0.013320
-0.011987
-0.012123
-0.013667
-0.015336
-0.016363
-0.016249
-0.016983
-0.018415
-0.020139
-0.020285
-0.018373
-0.015600
-0.014348
-0.015447
-0.015926
-0.012291
-0.011397
-0.013272
-0.015025
-0.015583
-0.014738
-0.011889
-0.010511
-0.009921
-0.008259
-0.005118
0.000308
0.004854
0.008170
0.009009
0.009733
0.011189
0.011178
0.010909
0.011623
0.012803
0.014535
0.017264
0.019075
0.019081
0.017489
0.016527
0.018774
0.020353
0.019648
0.018824
0.019549
0.021192
0.022730
0.022774
0.024559
0.028855
0.032607
0.034540
0.035188
0.034428
0.033647
0.032235
0.030217
0.027034
0.023405
0.022278
0.023356
0.024222
0.022451
0.021265
0.022539
0.023864
0.025347
0.024790
0.023057
0.023126
0.023477
0.023890
0.024207
0.023462
0.022585
0.023632
0.024294
0.023812
0.022873
0.021312
0.022105
0.025068
0.025503
0.027053
0.029875
0.028843
0.028568
0.027765
0.023928
0.020051
0.018706
0.017928
0.016813
0.014600
0.012309
0.010863
0.009657
0.008416
0.004434
0.000463
-0.002723
-0.005088
-0.004669
-0.007044
-0.010232
-0.011596
-0.012013
-0.012944
-0.016252
-0.017013
-0.015919
-0.016451
-0.016513
-0.015904
-0.016734
-0.017172
-0.018419
-0.021305
-0.023428
-0.025386
-0.027737
-0.029434
-0.031722
-0.032937
-0.035544
-0.037789
-0.039124
-0.040629
-0.041180
-0.039812
-0.036560
-0.032953
-0.028695
-0.024870
-0.022739
-0.020566
-0.019041
-0.017896
-0.016042
-0.014334
-0.012814
-0.012733
-0.012769
-0.012056
-0.011778
-0.012440
-0.013328
-0.013207
-0.012903
-0.013906
-0.013841
-0.012223
-0.012509
-0.013834
-0.014665
-0.017664
-0.020002
-0.020704
-0.021380
-0.021964
-0.021769
-0.021412
-0.022261
-0.023506
-0.023678
-0.023328
-0.024113
-0.025274
-0.025304
-0.024248
-0.023008
-0.021956
-0.020317
-0.018293
-0.015214
-0.011543
-0.010345
-0.009280
-0.008549
-0.008025
-0.006822
-0.004296
-0.003258
-0.002795
-0.001986
0.001568
0.006113
0.007264
0.008451
0.010673
0.014449
0.018507
0.022561
0.026730
0.029710
0.032890
0.035608
0.037669
0.039692
0.041334
0.041616
0.040402
0.038525
0.035905
0.033162
0.031259
0.030166
0.029260
0.026962
0.023895
0.022518
0.021348
0.019571
0.018801
0.017085
0.015759
0.015336
0.013587
0.012412
0.011697
0.010121
0.009820
0.009774
0.008874
0.007886
0.007698
0.006675
0.004042
0.001071
0.000609
0.001032
0.002125
0.002203
-0.000298
-0.002216
-0.001995
-0.000902
-0.001132
-0.000032
0.002828
0.004231
0.004596
0.005342
0.005215
0.004231
0.003110
0.001673
-0.000673
-0.003369
-0.006388
-0.010460
-0.012164
-0.012943
-0.014717
-0.014583
-0.013732
-0.012696
-0.012217
-0.013198
-0.015581
-0.018253
-0.020922
-0.022138
-0.021703
-0.022149
-0.023761
-0.025453
-0.024570
-0.023495
-0.022941
-0.024069
-0.026915
-0.028579
-0.028745
-0.030494
-0.031194
-0.033076
-0.033360
-0.030995
-0.030421
-0.030270
-0.029963
-0.028727
-0.024986
-0.020266
-0.014460
-0.007228
-0.001036
0.004387
0.007774
0.009278
0.009621
0.008155
0.007369
0.008163
0.008144
0.008174
0.005712
0.003222
0.003351
0.003481
0.002555
0.002216
0.004145
0.005890
0.005548
0.005112
0.005716
0.005510
0.006009
0.008378
0.010686
0.012901
0.015166
0.018406
0.021232
0.021999
0.022393
0.021642
0.020527
0.020005
0.020447
0.021103
0.019419
0.016972
0.016237
0.015509
0.014454
0.013431
0.012459
0.010479
0.008635
0.006360
0.004429
0.004655
0.004699
0.002752
0.002962
0.003870
0.004938
0.005063
0.004057
0.002884
0.001197
0.000001
-0.001422
-0.003047
-0.002240
-0.000394
0.001590
0.003511
0.004862
0.006308
0.009121
0.011151
0.011141
0.010066
0.009382
0.011148
0.013696
0.014821
0.015115
0.015255
0.015850
0.016476
0.017385
0.019036
0.018799
0.017463
0.018415
0.019647
0.019541
0.017458
0.016030
0.016546
0.015600
0.014356
0.013677
0.011585
0.010146
0.011456
0.011545
0.009581
0.006610
0.005517
0.006107
0.005350
0.004945
0.004575
0.003989
0.004294
0.004478
0.002613
-0.001141
-0.001566
-0.000361
-0.000274
-0.001570
-0.002500
-0.001677
-0.000589
-0.001270
-0.002512
-0.003284
-0.004583
-0.004795
-0.004513
-0.004194
-0.005830
-0.008565
-0.008581
-0.008427
-0.010127
-0.012154
-0.013154
-0.013379
-0.014033
-0.014453
-0.014850
-0.013715
-0.013511
-0.015415
-0.014689
-0.012745
-0.011426
-0.010099
-0.009328
-0.007875
-0.007771
-0.006920
-0.005716
-0.006595
-0.007145
-0.006989
-0.005165
-0.001624
0.001992
0.002947
0.002205
0.002599
0.003899
0.003825
0.001934
-0.000289
-0.000900
-0.000350
-0.000406
-0.001599
-0.002646
-0.002733
-0.001331
0.000111
0.000662
0.002856
0.004010
0.004822
0.005495
0.005300
0.004018
0.003301
0.001911
-0.001277
-0.005089
-0.009263
-0.013693
-0.016983
-0.018216
-0.019197
-0.020487
-0.020856
-0.020004
-0.018927
-0.017765
-0.016998
-0.014989
-0.012164
-0.009911
-0.008092
-0.008112
-0.008353
-0.007069
-0.007116
-0.006957
-0.007607
-0.009852
-0.010820
-0.010410
-0.009088
-0.009646
-0.010145
-0.008958
-0.007474
-0.005200
-0.002667
-0.001981
-0.002603
-0.002942
-0.001630
0.000111
0.001596
0.001856
0.001373
-0.000171
-0.001626
-0.002678
-0.003481
-0.005060
-0.006900
-0.008336
-0.008289
-0.007340
-0.007399
-0.007366
-0.005819
-0.003850
-0.001157
0.001966
0.003377
0.003240
0.003278
0.004343
0.003479
0.002824
0.002361
0.001046
0.000156
-0.000924
-0.000533
-0.000234
-0.000891
-0.000307
0.000064
0.000759
0.001512
0.001103
0.001730
0.003203
0.005465
0.007245
0.008221
0.009567
0.009909
0.010160
0.010656
0.010078
0.007821
0.006304
0.005444
0.004893
0.004167
0.001893
-0.001314
-0.002598
-0.002703
-0.003635
-0.003535
-0.003494
-0.004242
-0.004083
-0.002915
-0.000669
0.001593
0.003311
0.004500
0.005346
0.007287
0.007582
0.005741
0.003430
0.002015
0.002348
0.002545
0.003289
0.003749
0.004757
0.006526
0.007461
0.007227
0.007326
0.008016
0.009095
0.010521
0.011726
0.013446
0.015547
0.017624
0.019157
0.018437
0.017239
0.015822
0.013386
0.009558
0.005698
0.003091
0.000434
-0.000598
-0.001129
-0.002558
-0.004445
-0.005734
-0.005165
-0.005106
-0.004843
-0.004502
-0.004687
-0.002852
-0.000035
0.002178
0.003579
0.005324
0.007177
0.006889
0.005961
0.005867
0.005222
0.004227
0.002085
-0.001022
-0.002922
-0.003887
-0.005356
-0.008256
-0.009958
-0.010673
-0.010702
-0.011192
-0.012387
-0.012867
-0.012385
-0.011199
-0.009400
-0.008249
-0.008436
-0.008004
-0.005900
-0.002384
-0.000325
0.001748
0.002788
0.002377
0.002823
0.002714
0.001047
-0.002296
-0.006324
-0.007902
-0.008568
-0.009498
-0.010009
-0.009516
-0.008473
-0.006986
-0.004842
-0.002886
-0.002688
-0.001700
-0.000557
-0.000714
-0.000146
-0.000316
-0.000880
-0.001459
-0.000173
0.002577
0.003934
0.005153
0.007182
0.009947
0.013222
0.014011
0.011498
0.008459
0.006457
0.002118
-0.000996
-0.001418
-0.001991
-0.001249
0.002334
0.005664
0.008133
0.008393
0.008125
0.009006
0.008994
0.007113
0.003568
0.000310
-0.001682
-0.003132
-0.004549
-0.007410
-0.010493
-0.012780
-0.015156
-0.016902
-0.017948
-0.018784
-0.019742
-0.020491
-0.019629
-0.018140
-0.017026
-0.015332
-0.012715
-0.009064
-0.006087
-0.004558
-0.003946
-0.003814
-0.003374
-0.003185
-0.002382
0.000590
0.004665
0.008412
0.009634
0.011267
0.013417
0.012624
0.011460
0.010302
0.010130
0.010098
0.009813
0.009292
0.007760
0.005461
0.004207
0.003030
0.002571
0.001846
0.001799
0.002904
0.003457
0.006048
0.009553
0.011294
0.011061
0.009797
0.009073
0.010981
0.012921
0.013867
0.013345
0.012125
0.011650
0.010695
0.009321
0.008139
0.007340
0.006776
0.006402
0.005353
0.003811
0.002917
0.002625
0.004021
0.005799
0.005396
0.005191
0.006840
0.007790
0.008202
0.007739
0.006210
0.005656
0.005392
0.005110
0.004686
0.003110
0.002001
0.002787
0.004999
0.005317
0.004716
0.004372
0.003637
0.002874
0.002518
0.001653
0.001734
0.001282
0.001289
0.002255
0.003550
0.004116
0.003380
0.003358
0.004120
0.004546
0.004557
0.003926
0.003941
0.003141
0.002730
0.002783
0.002654
0.002962
0.003283
0.002269
0.001104
0.002093
0.003110
0.002046
0.001347
0.000967
0.000622
0.001284
0.001563
0.001339
-0.000134
-0.002368
-0.002953
-0.002401
-0.002117
-0.001731
-0.002613
-0.003503
-0.003767
-0.003974
-0.003703
-0.004323
-0.005469
-0.006128
-0.006677
-0.006199
-0.005416
-0.003309
-0.001747
-0.000605
0.001606
0.003235
0.003981
0.005408
0.006395
0.006834
0.006411
0.005667
0.003979
0.000699
-0.002031
-0.004075
-0.005187
-0.006298
-0.008177
-0.009971
-0.011323
-0.011996
-0.012914
-0.013431
-0.014937
-0.017570
-0.019613
-0.019520
-0.019784
-0.020929
-0.022184
-0.023001
-0.023618
-0.024493
-0.025321
-0.027114
-0.028950
-0.029507
-0.029564
-0.029959
-0.029710
-0.029131
-0.028305
-0.026215
-0.023738
-0.022257
-0.021435
-0.019574
-0.017315
-0.015002
-0.013248
-0.012374
-0.012063
-0.011109
-0.009233
-0.008756
-0.009407
-0.009687
-0.008889
-0.007294
-0.005184
-0.004011
-0.003284
-0.002191
-0.000051
0.001264
0.001939
0.002823
0.003398
0.004596
0.006218
0.007242
0.008166
0.008456
0.009062
0.009509
0.010276
0.010949
0.011120
0.011087
0.010709
0.009933
0.009074
0.008350
0.007880
0.006750
0.005879
0.005343
0.006422
0.007511
0.007683
0.008144
0.008995
0.009547
0.010369
0.011024
0.011793
0.012333
0.012571
0.012556
0.012517
0.012684
0.012213
0.011457
0.011224
0.011289
0.011562
0.010833
0.009564
0.007996
0.006555
0.006378
0.005935
0.004498
0.003197
0.003360
0.003689
0.003771
0.003908
0.004647
0.005179
0.006041
0.006645
0.006561
0.006357
0.006393
0.006243
0.005806
0.004804
0.003717
0.002942
0.002381
0.001784
0.000361
-0.001317
-0.002560
-0.003081
-0.003522
-0.003945
-0.004684
-0.005086
-0.005155
-0.005191
-0.005584
-0.006150
-0.006414
-0.006207
-0.005864
-0.005816
-0.005983
-0.005953
-0.005566
-0.005141
-0.005024
-0.005036
-0.005061
-0.004965
-0.004579
-0.003921
-0.003594
-0.003645
-0.003641
-0.003550
-0.003476
-0.003406
-0.003566
-0.003739
-0.003700
-0.003418
-0.003453
-0.003640
-0.003584
-0.003297
-0.002964
-0.002795
-0.002827
-0.002697
-0.002064
-0.001488
-0.001194
-0.000828
-0.000399
0.000065
0.000470
0.000839
0.001115
0.001372
0.001599
0.001795
0.002150
0.002566
0.002797
0.002851
0.002935
0.003036
0.003131
0.003190
0.003192
0.003172
0.003103
0.003092
0.003135
0.003044
0.002822
0.002675
0.002558
0.002497
0.002392
0.002230
0.002118
0.002051
0.002012
0.001979
0.001936
0.001876
0.001849
0.001832
0.001800
0.001774
0.001727
0.001687
0.001666
0.001640
0.001619
0.001588
0.001535
0.001478
0.001440
0.001402
0.001365
0.001317
0.001241
0.001177
0.001136
0.001092
0.001052
0.001011
0.000963
0.000916
0.000893
0.000873
0.000843
0.000818
0.000801
0.000789
0.000781
0.000777
0.000768
0.000759
0.000753
0.000752
0.000746
0.000739
0.000730
0.000716
0.000706
0.000696
0.000685
0.000672
0.000658
0.000647
0.000634
0.000622
0.000609
0.000596
0.000582
0.000569
0.000557
0.000543
0.000531
0.000518
0.000506
0.000492
0.000479
0.000467
0.000455
0.000442
0.000430
0.000417
0.000405
0.000392
0.000380
0.000368
0.000354
0.000341
0.000329
0.000316
0.000304
0.000292
0.000279
0.000267
0.000253
0.000240
0.000228
