0.003117
0.003541
0.001485
-0.001938
-0.001910
-0.001942
-0.001950
-0.001959
-0.001971
-0.001969
-0.001952
-0.001917
-0.001862
-0.001777
-0.001665
-0.001545
-0.001456
-0.001416
-0.001420
-0.001441
-0.001458
-0.001464
-0.001460
-0.001443
-0.001412
-0.001363
-0.001314
-0.001285
-0.001287
-0.001299
-0.001302
-0.001293
-0.001276
-0.001249
-0.001213
-0.001169
-0.001116
-0.001044
-0.000957
-0.000873
-0.000811
-0.000775
-0.000754
-0.000738
-0.000731
-0.000748
-0.000797
-0.000883
-0.000985
-0.001088
-0.001154
-0.001139
-0.001040
-0.000930
-0.000875
-0.000890
-0.000959
-0.001042
-0.001090
-0.001088
-0.001071
-0.001080
-0.001128
-0.001223
-0.001352
-0.001473
-0.001536
-0.001498
-0.001361
-0.001187
-0.001057
-0.000999
-0.000981
-0.000964
-0.000930
-0.000869
-0.000797
-0.000763
-0.000801
-0.000892
-0.000970
-0.000978
-0.000915
-0.000828
-0.000780
-0.000803
-0.000900
-0.001046
-0.001183
-0.001247
-0.001221
-0.001086
-0.000866
-0.000653
-0.000577
-0.000691
-0.000907
-0.001065
-0.001084
-0.000993
-0.000858
-0.000716
-0.000592
-0.000516
-0.000507
-0.000524
-0.000482
-0.000357
-0.000243
-0.000266
-0.000454
-0.000716
-0.000915
-0.001025
-0.001112
-0.001202
-0.001300
-0.001435
-0.001507
-0.001352
-0.001023
-0.000682
-0.000347
-0.000053
0.000057
-0.000076
-0.000380
-0.000750
-0.001061
-0.001192
-0.001143
-0.001061
-0.001149
-0.001500
-0.002009
-0.002462
-0.002667
-0.002521
-0.001953
-0.000953
0.000125
0.000784
0.000862
0.000456
-0.000275
-0.001002
-0.001409
-0.001505
-0.001505
-0.001513
-0.001513
-0.001486
-0.001418
-0.001329
-0.001261
-0.001156
-0.000894
-0.000467
-0.000027
0.000209
0.000104
-0.000357
-0.001130
-0.002102
-0.003110
-0.003795
-0.003738
-0.003007
-0.002105
-0.001357
-0.000778
-0.000327
0.000013
0.000268
0.000526
0.000786
0.000862
0.000570
-0.000158
-0.001232
-0.002508
-0.003806
-0.004759
-0.004902
-0.004144
-0.002905
-0.001722
-0.000887
-0.000420
-0.000218
-0.000167
-0.000154
-0.000049
0.000249
0.000611
0.000744
0.000414
-0.000486
-0.001927
-0.003615
-0.005018
-0.005616
-0.005099
-0.003603
-0.001767
-0.000251
0.000721
0.001204
0.001255
0.000911
0.000222
-0.000630
-0.001386
-0.002018
-0.002645
-0.003265
-0.003799
-0.004201
-0.004317
-0.003943
-0.003049
-0.002001
-0.001359
-0.001278
-0.001568
-0.002056
-0.002396
-0.002236
-0.002065
-0.002608
-0.003563
-0.004118
-0.004047
-0.003700
-0.003343
-0.003015
-0.002755
-0.002722
-0.002988
-0.003222
-0.002975
-0.002166
-0.001230
-0.000731
-0.000871
-0.001392
-0.001885
-0.002117
-0.002109
-0.002157
-0.002441
-0.002745
-0.002542
-0.001494
-0.000004
0.001000
0.000765
-0.000640
-0.002388
-0.003539
-0.003930
-0.004401
-0.005722
-0.007510
-0.008296
-0.007292
-0.005401
-0.003561
-0.001640
0.000541
0.002639
0.004184
0.004864
0.004450
0.002939
0.000702
-0.001578
-0.003235
-0.004065
-0.004277
-0.004325
-0.004729
-0.005688
-0.006872
-0.007890
-0.008681
-0.009124
-0.008689
-0.006496
-0.002515
0.001655
0.004370
0.005111
0.004233
0.002405
0.000357
-0.000926
-0.000693
0.000393
0.000744
-0.000440
-0.002720
-0.005143
-0.007043
-0.008237
-0.008706
-0.008395
-0.007317
-0.006005
-0.005071
-0.004435
-0.003835
-0.003296
-0.002946
-0.002684
-0.001904
-0.000085
0.002295
0.004085
0.004570
0.004063
0.003172
0.001957
0.000270
-0.001972
-0.004634
-0.007077
-0.008625
-0.008807
-0.007484
-0.005217
-0.003094
-0.001716
-0.000756
0.000161
0.001344
0.003041
0.005112
0.006954
0.007846
0.007389
0.005553
0.002846
0.000402
-0.000562
0.000133
0.001424
0.001593
-0.000549
-0.004268
-0.007523
-0.008801
-0.007560
-0.003926
0.000936
0.005606
0.010012
0.014624
0.018557
0.019721
0.016898
0.011229
0.004976
-0.000501
-0.004598
-0.007024
-0.008254
-0.009137
-0.009710
-0.009264
-0.007780
-0.006506
-0.006405
-0.006553
-0.005154
-0.001921
0.001671
0.004154
0.005336
0.006090
0.006979
0.007531
0.006857
0.004433
0.000336
-0.004856
-0.009697
-0.012480
-0.012376
-0.009663
-0.005786
-0.002785
-0.002035
-0.003525
-0.005898
-0.007036
-0.005361
-0.001293
0.002599
0.003804
0.002126
-0.000568
-0.002419
-0.003015
-0.002884
-0.002244
-0.000980
0.000773
0.002806
0.004877
0.006432
0.006610
0.004926
0.001464
-0.003064
-0.007093
-0.009074
-0.008321
-0.005750
-0.002931
-0.000651
0.000985
0.002407
0.004006
0.005798
0.007121
0.007189
0.006170
0.004869
0.003875
0.002808
0.001025
-0.001693
-0.004135
-0.004302
-0.002236
0.000380
0.002293
0.003544
0.004440
0.005280
0.006859
0.008976
0.010662
0.011499
0.011064
0.009036
0.006010
0.002861
-0.000180
-0.003167
-0.006003
-0.008831
-0.010977
-0.010174
-0.005559
0.000780
0.005691
0.007417
0.006787
0.005729
0.005519
0.005841
0.005403
0.003630
0.001485
0.000338
0.000765
0.002263
0.003822
0.004788
0.004621
0.003328
0.001726
0.000704
0.000437
-0.000203
-0.002751
-0.007349
-0.012427
-0.015252
-0.013676
-0.008239
-0.001523
0.004514
0.009338
0.012611
0.014555
0.015316
0.013934
0.009629
0.002757
-0.005112
-0.011292
-0.013674
-0.012241
-0.008374
-0.004256
-0.001395
0.000433
0.002012
0.003444
0.004188
0.003753
0.002312
0.001002
0.001018
0.002117
0.002730
0.001663
-0.000921
-0.003670
-0.005281
-0.005166
-0.003584
-0.000619
0.003626
0.006470
0.005540
0.001274
-0.003878
-0.006474
-0.005114
-0.001388
0.001340
0.001352
-0.000197
-0.002267
-0.004416
-0.006984
-0.010191
-0.013185
-0.014897
-0.013961
-0.010242
-0.005866
-0.003871
-0.005107
-0.007985
-0.010094
-0.009002
-0.004598
0.001669
0.007675
0.010758
0.009752
0.005393
0.000180
-0.002532
-0.001547
0.001128
0.001879
-0.002202
-0.011117
-0.022229
-0.031271
-0.033699
-0.027677
-0.015605
-0.001916
0.009217
0.014739
0.014639
0.011466
0.007746
0.004909
0.003193
0.002308
0.002208
0.002827
0.003296
0.001718
-0.002445
-0.006944
-0.009540
-0.009287
-0.005972
0.000171
0.007248
0.012419
0.014508
0.013245
0.009424
0.003592
-0.004196
-0.011945
-0.016959
-0.017760
-0.014215
-0.006998
0.001636
0.008674
0.012402
0.012896
0.012131
0.011757
0.012051
0.012780
0.013693
0.014705
0.015725
0.015827
0.013380
0.007351
-0.003045
-0.016214
-0.028499
-0.036734
-0.038327
-0.032471
-0.021196
-0.007482
0.005999
0.016137
0.021484
0.022686
0.020757
0.017002
0.013124
0.009667
0.005262
-0.001752
-0.011664
-0.021868
-0.028486
-0.028998
-0.023305
-0.014728
-0.006794
-0.001811
-0.001069
-0.003186
-0.005701
-0.006859
-0.005614
-0.001729
0.003292
0.007911
0.010608
0.009769
0.006208
0.002056
-0.000357
0.000254
0.003368
0.007653
0.011159
0.013828
0.016023
0.016900
0.016581
0.014295
0.009171
0.001822
-0.007182
-0.015992
-0.021452
-0.022113
-0.018339
-0.011123
-0.003580
0.000110
-0.001213
-0.004898
-0.007024
-0.005769
-0.002500
-0.000030
0.000169
-0.001688
-0.004275
-0.006185
-0.006918
-0.007330
-0.008659
-0.011113
-0.014586
-0.017841
-0.018804
-0.015656
-0.008025
0.001819
0.010377
0.015651
0.017483
0.016283
0.013059
0.008981
0.004068
-0.001805
-0.006681
-0.009627
-0.010388
-0.008097
-0.004127
-0.000309
0.001551
0.000843
-0.000458
-0.000087
0.003013
0.007992
0.013652
0.018644
0.020613
0.018147
0.011098
0.001133
-0.008471
-0.015288
-0.017331
-0.015058
-0.012251
-0.010751
-0.009090
-0.005454
-0.000334
0.004807
0.008490
0.009340
0.008300
0.007440
0.009380
0.014886
0.019725
0.018914
0.010525
-0.003858
-0.017946
-0.023176
-0.016755
-0.005319
0.002388
0.003134
-0.001143
-0.006035
-0.007184
-0.003280
0.002971
0.007279
0.006922
0.001895
-0.004351
-0.008123
-0.006937
-0.000351
0.008594
0.017251
0.022844
0.023341
0.019383
0.013555
0.009830
0.009462
0.010506
0.010849
0.008938
0.004516
-0.001437
-0.008129
-0.015400
-0.021644
-0.024323
-0.022677
-0.017591
-0.011871
-0.007634
-0.004395
-0.000397
0.006069
0.014489
0.021950
0.024833
0.021872
0.014354
0.005270
-0.002705
-0.009669
-0.015863
-0.021067
-0.024797
-0.026388
-0.026081
-0.023123
-0.016249
-0.004985
0.010460
0.026992
0.039335
0.043123
0.037103
0.024324
0.009802
-0.001264
-0.004583
-0.000277
0.007512
0.015461
0.021876
0.026443
0.029974
0.032104
0.032622
0.030069
0.022884
0.012564
0.000839
-0.010269
-0.019383
-0.024514
-0.022599
-0.015913
-0.010512
-0.009270
-0.011808
-0.014899
-0.014903
-0.010717
-0.003269
0.003630
0.007062
0.006183
0.002523
0.001561
0.006868
0.016812
0.026253
0.029023
0.021807
0.004776
-0.018329
-0.037276
-0.041097
-0.029388
-0.010772
0.006048
0.014333
0.012150
0.004642
-0.002084
-0.004995
-0.004661
-0.003032
-0.000634
0.002713
0.007497
0.014128
0.021910
0.029887
0.037389
0.041226
0.036634
0.020742
-0.003411
-0.024366
-0.030927
-0.021881
-0.006445
0.002196
-0.001564
-0.011106
-0.015315
-0.008849
0.002986
0.010557
0.008059
-0.004251
-0.020309
-0.031204
-0.030878
-0.022107
-0.012374
-0.004659
0.001807
0.008905
0.018561
0.029782
0.038984
0.042680
0.039791
0.031464
0.019537
0.006493
-0.005999
-0.018549
-0.031183
-0.041904
-0.047675
-0.046135
-0.036199
-0.016476
0.010029
0.032619
0.041091
0.034849
0.020972
0.006200
-0.004476
-0.005014
0.006536
0.022994
0.034728
0.034967
0.022990
0.006715
-0.004118
-0.005272
-0.000469
0.002595
-0.001257
-0.011888
-0.021893
-0.022246
-0.010164
0.010508
0.029703
0.036011
0.027483
0.011280
-0.002967
-0.007235
-0.002282
0.003616
0.005145
0.002645
-0.001281
-0.005401
-0.010929
-0.016700
-0.019863
-0.020156
-0.019480
-0.020552
-0.021465
-0.015812
-0.000814
0.019956
0.039214
0.050625
0.051130
0.043153
0.030961
0.015721
-0.000925
-0.015992
-0.026086
-0.030749
-0.032034
-0.030743
-0.028385
-0.026022
-0.021686
-0.012568
0.000501
0.011428
0.012524
0.003030
-0.009942
-0.018424
-0.017857
-0.010295
-0.003738
-0.004545
-0.010690
-0.016793
-0.018384
-0.014231
-0.009426
-0.009194
-0.016879
-0.032421
-0.049129
-0.057146
-0.049697
-0.029845
-0.008095
0.005737
0.007740
0.004171
0.004833
0.013211
0.027931
0.045112
0.057218
0.055142
0.035799
0.007901
-0.013135
-0.016847
-0.003896
0.015432
0.028361
0.027833
0.015804
0.002134
-0.002293
0.005226
0.018339
0.026787
0.022468
0.004188
-0.019438
-0.033809
-0.031550
-0.018194
-0.006495
-0.007085
-0.019261
-0.032962
-0.038445
-0.032795
-0.021576
-0.012044
-0.006787
-0.002143
0.008209
0.027529
0.052393
0.071018
0.070902
0.047886
0.010663
-0.021035
-0.030168
-0.016414
0.008503
0.032269
0.045308
0.044340
0.034980
0.026259
0.021293
0.017857
0.013756
0.007956
0.001198
-0.003878
-0.004184
-0.000349
0.003628
0.004970
0.001574
-0.008397
-0.023461
-0.038306
-0.045784
-0.042612
-0.030853
-0.014024
0.001130
0.009993
0.013538
0.014130
0.015886
0.021137
0.028026
0.032733
0.032226
0.027444
0.023123
0.022762
0.026267
0.030073
0.028602
0.019820
0.005065
-0.012755
-0.029629
-0.043836
-0.056336
-0.068290
-0.078065
-0.081594
-0.077252
-0.067195
-0.055001
-0.043426
-0.032438
-0.021473
-0.013207
-0.009868
-0.010318
-0.010405
-0.004247
0.009853
0.026213
0.032909
0.023404
0.004490
-0.009044
-0.005536
0.015605
0.045160
0.065507
0.064167
0.044488
0.019062
0.001238
-0.003542
-0.002301
-0.002825
-0.006529
-0.013338
-0.021247
-0.029226
-0.038191
-0.047085
-0.055878
-0.066705
-0.077974
-0.084018
-0.077794
-0.056021
-0.023432
0.004651
0.011618
0.000689
-0.012131
-0.016076
-0.009534
0.001523
0.012072
0.020951
0.028902
0.037012
0.045319
0.054130
0.063453
0.072311
0.078431
0.080015
0.076404
0.065279
0.045401
0.016757
-0.018191
-0.048839
-0.064867
-0.065448
-0.056869
-0.046699
-0.038491
-0.032184
-0.029830
-0.033522
-0.039854
-0.043574
-0.041416
-0.036600
-0.034777
-0.035793
-0.036679
-0.032837
-0.023370
-0.013393
-0.007269
-0.009101
-0.019662
-0.032989
-0.042259
-0.042984
-0.036121
-0.027996
-0.022310
-0.020195
-0.021857
-0.022308
-0.014439
0.006679
0.041856
0.084218
0.125110
0.156977
0.171369
0.165846
0.145353
0.111280
0.062431
0.008421
-0.035592
-0.058449
-0.058864
-0.045389
-0.025435
-0.003356
0.018191
0.037537
0.050405
0.051943
0.041181
0.023444
0.007275
-0.002326
-0.004727
-0.003208
-0.001483
-0.001878
-0.002495
0.003861
0.021898
0.049463
0.075185
0.085774
0.076345
0.049995
0.012520
-0.027123
-0.055607
-0.065418
-0.058475
-0.041000
-0.016214
0.015223
0.043554
0.057040
0.052415
0.032683
0.003615
-0.027977
-0.051233
-0.060176
-0.061558
-0.065370
-0.076503
-0.092366
-0.104518
-0.104616
-0.092432
-0.071798
-0.042528
-0.006517
0.032188
0.072761
0.112350
0.144269
0.165252
0.176745
0.180650
0.177763
0.168073
0.152291
0.135149
0.123986
0.122359
0.128083
0.135762
0.141425
0.143883
0.142957
0.139071
0.133385
0.127468
0.121455
0.115424
0.110773
0.108956
0.110577
0.113366
0.114661
0.111435
0.101926
0.087367
0.067071
0.038536
0.000055
-0.044425
-0.084903
-0.114095
-0.134361
-0.152345
-0.173117
-0.196432
-0.217085
-0.230343
-0.234449
-0.232202
-0.226472
-0.218218
-0.205478
-0.185062
-0.158898
-0.132702
-0.111899
-0.096977
-0.083783
-0.067229
-0.039939
0.008849
0.080907
0.159885
0.227962
0.276186
0.299789
0.300000
0.286679
0.269164
0.249770
0.225217
0.190068
0.147464
0.108210
0.080406
0.064596
0.053594
0.040245
0.022656
0.003322
-0.014033
-0.028436
-0.042944
-0.060998
-0.080863
-0.097871
-0.107582
-0.106610
-0.094416
-0.071941
-0.041224
-0.007404
0.020273
0.034103
0.031514
0.015220
-0.010046
-0.042515
-0.075143
-0.093307
-0.090452
-0.073993
-0.054054
-0.037243
-0.029676
-0.033220
-0.038612
-0.035660
-0.020985
0.006145
0.043732
0.085142
0.119363
0.137609
0.144102
0.153905
0.176242
0.207086
0.236524
0.255138
0.258487
0.250685
0.240073
0.231674
0.224327
0.215207
0.203788
0.190528
0.177165
0.165495
0.156789
0.153968
0.159988
0.174013
0.189035
0.196616
0.193787
0.183270
0.166795
0.142917
0.115227
0.093936
0.085962
0.087954
0.091587
0.091584
0.085165
0.071121
0.048161
0.013923
-0.033283
-0.092787
-0.154831
-0.199596
-0.214358
-0.202751
-0.171932
-0.125015
-0.062035
0.010789
0.076542
0.118729
0.132212
0.127532
0.116857
0.106853
0.105765
0.119035
0.143291
0.171175
0.198822
0.223199
0.240109
0.247678
0.247488
0.242715
0.234859
0.222307
0.204411
0.183794
0.163559
0.148271
0.141550
0.142444
0.147570
0.153732
0.160582
0.169041
0.179446
0.191879
0.204141
0.211655
0.211224
0.199386
0.174055
0.141620
0.108182
0.075620
0.046692
0.023246
0.006335
-0.001608
0.000592
0.008097
0.015734
0.022650
0.030458
0.041813
0.057167
0.074682
0.090409
0.100015
0.100981
0.093945
0.081273
0.063500
0.041006
0.012190
-0.019622
-0.043705
-0.054825
-0.056250
-0.054965
-0.056347
-0.057526
-0.052943
-0.042111
-0.025538
-0.006179
0.011322
0.024061
0.031780
0.035797
0.036154
0.031819
0.023643
0.015151
0.010798
0.010844
0.012604
0.014606
0.013745
0.010153
0.005475
-0.001443
-0.010255
-0.020393
-0.032228
-0.044057
-0.054272
-0.064717
-0.076711
-0.088140
-0.096373
-0.100180
-0.100447
-0.099956
-0.099715
-0.098183
-0.094762
-0.089251
-0.081218
-0.072020
-0.063062
-0.056022
-0.054690
-0.057896
-0.064358
-0.074843
-0.087379
-0.103927
-0.126600
-0.153484
-0.178138
-0.194305
-0.203332
-0.210064
-0.215171
-0.216346
-0.213567
-0.205867
-0.193434
-0.177326
-0.158226
-0.139581
-0.122615
-0.108489
-0.099455
-0.095324
-0.093397
-0.090796
-0.089021
-0.092212
-0.101776
-0.117926
-0.136664
-0.150389
-0.159061
-0.164965
-0.168005
-0.172257
-0.180071
-0.189280
-0.194472
-0.191234
-0.181618
-0.168963
-0.157732
-0.151821
-0.151205
-0.154271
-0.161028
-0.169104
-0.174108
-0.178700
-0.184306
-0.187547
-0.190186
-0.192849
-0.194615
-0.192946
-0.185924
-0.180223
-0.175162
-0.166712
-0.157795
-0.147262
-0.134165
-0.120686
-0.110856
-0.105361
-0.100814
-0.096603
-0.091551
-0.085036
-0.077647
-0.071523
-0.065076
-0.058665
-0.056146
-0.056436
-0.060108
-0.069444
-0.082319
-0.094422
-0.104345
-0.108140
-0.104992
-0.099549
-0.094708
-0.089959
-0.083555
-0.078346
-0.074745
-0.069585
-0.067383
-0.070938
-0.077146
-0.086505
-0.101869
-0.123976
-0.150270
-0.175042
-0.188980
-0.193850
-0.198909
-0.205442
-0.214706
-0.223101
-0.225508
-0.227336
-0.226167
-0.216097
-0.203520
-0.190378
-0.176088
-0.163587
-0.152263
-0.144345
-0.139323
-0.134433
-0.134528
-0.135957
-0.130103
-0.117835
-0.101283
-0.079629
-0.054866
-0.031749
-0.012731
0.001259
0.014362
0.024755
0.028389
0.026823
0.021773
0.014889
0.007011
0.000818
-0.005308
-0.011197
-0.017160
-0.021367
-0.021980
-0.026866
-0.034990
-0.047842
-0.070840
-0.095821
-0.118623
-0.134982
-0.140707
-0.138547
-0.131952
-0.125588
-0.115868
-0.104385
-0.095912
-0.088804
-0.083470
-0.080478
-0.083772
-0.093082
-0.103842
-0.115908
-0.126763
-0.135823
-0.144162
-0.148079
-0.149440
-0.153391
-0.155589
-0.158839
-0.163788
-0.164977
-0.170778
-0.176441
-0.175274
-0.170159
-0.153060
-0.122911
-0.087506
-0.050752
-0.012879
0.024412
0.054855
0.081258
0.106329
0.125968
0.145660
0.166763
0.176122
0.169620
0.147063
0.097710
0.020402
-0.062010
-0.116637
-0.131582
-0.118780
-0.092307
-0.063635
-0.044812
-0.042147
-0.048757
-0.055605
-0.061017
-0.061106
-0.057125
-0.056134
-0.059216
-0.063796
-0.066709
-0.064189
-0.057218
-0.050377
-0.040996
-0.030599
-0.019820
-0.006252
0.007453
0.019037
0.028317
0.037845
0.047988
0.053245
0.052738
0.051872
0.049646
0.050208
0.052429
0.053978
0.057158
0.057125
0.056609
0.057101
0.056484
0.056590
0.058244
0.059269
0.055692
0.050509
0.046819
0.040533
0.033192
0.028066
0.025727
0.025116
0.025234
0.024488
0.020108
0.016406
0.017281
0.022980
0.030650
0.035852
0.040660
0.044939
0.048315
0.053845
0.057636
0.057247
0.057723
0.058806
0.057198
0.053739
0.043628
0.024452
-0.002903
-0.041786
-0.087963
-0.128726
-0.154735
-0.164521
-0.158344
-0.141419
-0.121404
-0.100850
-0.082186
-0.067584
-0.056034
-0.047014
-0.042646
-0.041530
-0.043958
-0.050984
-0.055265
-0.053630
-0.050078
-0.046135
-0.042675
-0.038284
-0.027521
-0.011447
0.005145
0.019759
0.028723
0.030183
0.026441
0.019146
0.006561
-0.008978
-0.022988
-0.029585
-0.025202
-0.014886
-0.003039
0.006553
0.010867
0.013278
0.014806
0.015746
0.017147
0.015859
0.014210
0.015409
0.017946
0.021050
0.025475
0.027299
0.026248
0.024877
0.021868
0.019666
0.017802
0.016742
0.019100
0.024292
0.032040
0.041564
0.051595
0.060220
0.065456
0.066612
0.062018
0.051309
0.039516
0.030629
0.025595
0.024681
0.028814
0.037803
0.049412
0.062268
0.075354
0.083916
0.083745
0.080324
0.074887
0.066473
0.060467
0.055899
0.050071
0.046959
0.045378
0.042291
0.042701
0.047320
0.052939
0.059711
0.066173
0.069177
0.069758
0.068598
0.065103
0.060622
0.053972
0.043104
0.027609
0.006785
-0.017959
-0.039037
-0.050061
-0.052360
-0.049583
-0.043170
-0.031744
-0.016347
0.001957
0.021281
0.036921
0.050111
0.060943
0.067891
0.072985
0.078141
0.082014
0.083090
0.082530
0.079109
0.072263
0.064941
0.058978
0.053985
0.051557
0.052905
0.057811
0.066454
0.076427
0.085008
0.093366
0.100468
0.104174
0.108007
0.110722
0.111396
0.113746
0.115054
0.112833
0.107713
0.098912
0.086365
0.073004
0.060140
0.047271
0.037946
0.031273
0.023812
0.015054
0.005473
-0.001135
-0.002481
0.001659
0.009071
0.017957
0.027079
0.033433
0.037965
0.042561
0.047383
0.052639
0.058096
0.064034
0.068246
0.069670
0.071409
0.073499
0.074638
0.075168
0.073776
0.070234
0.067293
0.067510
0.071832
0.078604
0.086129
0.093729
0.098513
0.098646
0.098116
0.096791
0.093389
0.091491
0.090040
0.090443
0.094686
0.097516
0.098748
0.101611
0.103922
0.105300
0.103244
0.095506
0.084871
0.070492
0.055290
0.043939
0.035799
0.031345
0.030234
0.028342
0.024955
0.020774
0.015746
0.013055
0.014177
0.020841
0.033249
0.046022
0.056548
0.065410
0.073300
0.077116
0.075610
0.072903
0.069220
0.066504
0.066139
0.066676
0.068077
0.069175
0.068150
0.066466
0.065896
0.062390
0.055808
0.050959
0.045103
0.038360
0.037414
0.038268
0.039652
0.046177
0.052814
0.055819
0.055018
0.047956
0.035119
0.020894
0.009224
0.004564
0.010603
0.023360
0.037080
0.049710
0.056892
0.057150
0.055003
0.049355
0.040512
0.034715
0.028543
0.019495
0.010838
0.001462
-0.008587
-0.015899
-0.018770
-0.020201
-0.020188
-0.018730
-0.018682
-0.021500
-0.029071
-0.040279
-0.052770
-0.063483
-0.068064
-0.065782
-0.056700
-0.043314
-0.029915
-0.018899
-0.012028
-0.009016
-0.010326
-0.014267
-0.017541
-0.016877
-0.010390
-0.000761
0.012264
0.025898
0.034468
0.039521
0.042230
0.041351
0.040083
0.043003
0.046473
0.050749
0.059990
0.069004
0.075043
0.077408
0.075607
0.070342
0.061344
0.050597
0.039556
0.029953
0.022263
0.016258
0.012269
0.010274
0.010663
0.009714
0.003795
-0.005392
-0.016423
-0.029509
-0.043561
-0.057663
-0.070619
-0.081412
-0.089055
-0.089998
-0.083593
-0.075711
-0.068702
-0.061995
-0.056419
-0.049972
-0.042185
-0.033837
-0.027774
-0.024030
-0.021109
-0.019713
-0.017521
-0.013511
-0.007337
-0.000397
0.006327
0.013129
0.016372
0.017540
0.020152
0.020226
0.020962
0.023487
0.022967
0.022819
0.024169
0.025352
0.026343
0.027463
0.027576
0.024501
0.019723
0.015081
0.010475
0.006741
0.002206
-0.000849
-0.001659
-0.004966
-0.008516
-0.008492
-0.004562
0.001986
0.010939
0.021126
0.028368
0.031466
0.033513
0.035776
0.040059
0.047003
0.055199
0.061748
0.066160
0.070650
0.074240
0.078705
0.086860
0.097554
0.107481
0.116643
0.121869
0.121573
0.120356
0.117097
0.107912
0.092939
0.074902
0.052991
0.028161
0.004594
-0.018003
-0.035821
-0.044913
-0.046339
-0.041532
-0.036199
-0.031136
-0.026449
-0.025192
-0.024742
-0.025507
-0.027184
-0.026356
-0.025634
-0.025215
-0.023747
-0.022077
-0.018381
-0.015250
-0.014789
-0.014157
-0.013663
-0.015584
-0.022430
-0.034025
-0.045792
-0.056489
-0.062935
-0.061048
-0.053547
-0.043939
-0.034779
-0.025143
-0.015034
-0.005684
0.002016
0.005437
0.004737
-0.000814
-0.009367
-0.016397
-0.022196
-0.025815
-0.026819
-0.025259
-0.018891
-0.008351
0.005428
0.019259
0.030726
0.037429
0.037082
0.030229
0.017386
0.003186
-0.009680
-0.019558
-0.022276
-0.016340
-0.004429
0.009688
0.024421
0.037636
0.047248
0.050758
0.045089
0.032055
0.017040
0.002238
-0.009665
-0.013259
-0.010457
-0.006198
-0.000659
0.005483
0.010673
0.014502
0.016894
0.017331
0.015411
0.011487
0.006504
0.002500
0.000611
-0.001037
-0.003277
-0.007358
-0.014187
-0.022128
-0.030156
-0.036562
-0.041868
-0.046388
-0.050678
-0.054642
-0.058278
-0.061408
-0.061579
-0.059445
-0.055658
-0.051383
-0.046883
-0.042071
-0.037801
-0.034210
-0.032030
-0.030973
-0.030325
-0.029266
-0.026627
-0.021033
-0.013910
-0.005597
0.005251
0.019277
0.035351
0.050289
0.065505
0.078627
0.087213
0.091474
0.091354
0.088326
0.084689
0.082456
0.081361
0.083745
0.088992
0.094940
0.099832
0.100461
0.096812
0.088406
0.074283
0.059022
0.047962
0.042375
0.039326
0.037570
0.036960
0.034267
0.029205
0.020698
0.009145
-0.004418
-0.020349
-0.033877
-0.042864
-0.046882
-0.042551
-0.032260
-0.020021
-0.006009
0.008864
0.021530
0.028795
0.031952
0.031390
0.026048
0.018466
0.010278
0.003178
-0.002439
-0.007672
-0.011791
-0.015971
-0.022048
-0.031694
-0.044569
-0.056896
-0.066338
-0.070187
-0.067973
-0.063440
-0.056286
-0.048619
-0.042627
-0.036169
-0.029672
-0.023801
-0.020131
-0.018567
-0.019954
-0.024281
-0.028510
-0.033063
-0.038092
-0.042874
-0.045748
-0.045359
-0.044203
-0.042411
-0.040943
-0.039808
-0.038639
-0.040858
-0.045232
-0.050433
-0.056763
-0.062735
-0.065754
-0.065439
-0.061059
-0.052761
-0.042901
-0.032300
-0.022407
-0.011138
0.002329
0.015501
0.028205
0.037274
0.040239
0.039058
0.033211
0.023618
0.011802
-0.000725
-0.009441
-0.014329
-0.018386
-0.022375
-0.026234
-0.030251
-0.033388
-0.035461
-0.036357
-0.034982
-0.033141
-0.029198
-0.023725
-0.018098
-0.009796
-0.001023
0.007282
0.012535
0.013617
0.014208
0.015153
0.017109
0.020717
0.024604
0.029634
0.036036
0.041272
0.046094
0.050912
0.053032
0.052482
0.052539
0.052205
0.050037
0.046316
0.040032
0.032328
0.025270
0.018637
0.011736
0.003945
-0.005597
-0.015664
-0.024695
-0.033860
-0.044041
-0.053209
-0.061129
-0.068740
-0.074304
-0.076349
-0.074680
-0.070587
-0.064909
-0.057849
-0.051721
-0.048288
-0.047491
-0.047231
-0.046752
-0.046707
-0.045782
-0.042432
-0.036759
-0.030187
-0.022067
-0.012334
-0.003854
0.002749
0.007717
0.012182
0.016923
0.022384
0.028471
0.032930
0.037452
0.041038
0.041982
0.043024
0.043618
0.042504
0.040556
0.036981
0.030246
0.022261
0.013340
0.001866
-0.009336
-0.018633
-0.026950
-0.032406
-0.035747
-0.036890
-0.033989
-0.029600
-0.024653
-0.019409
-0.014437
-0.010409
-0.007110
-0.003649
-0.000199
0.003028
0.005192
0.007389
0.009010
0.008125
0.006098
0.003911
0.001724
-0.001230
-0.006582
-0.014641
-0.024596
-0.034616
-0.042804
-0.047434
-0.049363
-0.049949
-0.048613
-0.046629
-0.044900
-0.042861
-0.039662
-0.034988
-0.029957
-0.023578
-0.016351
-0.010356
-0.005633
-0.003037
-0.004676
-0.010119
-0.016302
-0.022823
-0.027083
-0.026847
-0.024626
-0.020590
-0.016687
-0.013923
-0.009997
-0.005055
0.001251
0.009236
0.017737
0.026096
0.035119
0.044387
0.052144
0.057496
0.059240
0.056975
0.052677
0.046187
0.036448
0.025788
0.015440
0.005756
-0.000906
-0.004898
-0.009342
-0.015039
-0.022663
-0.032977
-0.044165
-0.055432
-0.067369
-0.078494
-0.087077
-0.091062
-0.088878
-0.082217
-0.071350
-0.056376
-0.041169
-0.028471
-0.017862
-0.006544
0.004404
0.009623
0.009403
0.004828
-0.003486
-0.014643
-0.029331
-0.043764
-0.056041
-0.067901
-0.077966
-0.085666
-0.091132
-0.092692
-0.091491
-0.088184
-0.082069
-0.074872
-0.067413
-0.059079
-0.051432
-0.045300
-0.039324
-0.032903
-0.026527
-0.021868
-0.019930
-0.020503
-0.022141
-0.023533
-0.023764
-0.023772
-0.024362
-0.025437
-0.027749
-0.031079
-0.035411
-0.039611
-0.043635
-0.046690
-0.049093
-0.052104
-0.055024
-0.059464
-0.064022
-0.067377
-0.068480
-0.066211
-0.062787
-0.058893
-0.055943
-0.054246
-0.053477
-0.054483
-0.057799
-0.064303
-0.071643
-0.076998
-0.081382
-0.083711
-0.082729
-0.079603
-0.074428
-0.066052
-0.053264
-0.038451
-0.022008
-0.004228
0.010586
0.022284
0.030868
0.034342
0.033708
0.030713
0.027130
0.023749
0.020923
0.018234
0.015436
0.012797
0.011056
0.011233
0.013226
0.017192
0.021448
0.025289
0.028903
0.031351
0.031542
0.029382
0.025946
0.020773
0.013803
0.005860
-0.001805
-0.009059
-0.016391
-0.021298
-0.023035
-0.023930
-0.023127
-0.019578
-0.015398
-0.012165
-0.010181
-0.007685
-0.005055
-0.002996
-0.000220
0.003254
0.006889
0.008974
0.008558
0.005061
-0.001335
-0.009680
-0.016568
-0.018086
-0.014388
-0.006445
0.000902
0.004888
0.007863
0.009644
0.011647
0.014341
0.016803
0.018914
0.019178
0.017128
0.013579
0.010295
0.009078
0.010071
0.012363
0.015550
0.018439
0.020683
0.022272
0.021547
0.017076
0.009786
0.000782
-0.009105
-0.017961
-0.026648
-0.034914
-0.041659
-0.046705
-0.049448
-0.049315
-0.043400
-0.032505
-0.019180
-0.004471
0.008091
0.017919
0.026115
0.031694
0.035823
0.039142
0.039267
0.036279
0.029936
0.019449
0.007402
-0.005044
-0.017407
-0.028484
-0.036941
-0.040691
-0.040505
-0.039168
-0.037397
-0.034944
-0.032583
-0.030044
-0.028340
-0.028829
-0.028919
-0.028533
-0.029725
-0.032252
-0.036894
-0.043816
-0.050037
-0.052256
-0.051255
-0.049087
-0.046031
-0.043051
-0.040324
-0.038261
-0.038732
-0.043280
-0.051916
-0.062390
-0.068603
-0.066843
-0.059269
-0.049790
-0.042147
-0.036531
-0.033010
-0.031351
-0.029809
-0.029490
-0.031616
-0.035713
-0.042196
-0.050794
-0.058635
-0.065046
-0.070329
-0.074824
-0.080613
-0.086260
-0.088913
-0.086086
-0.079582
-0.072804
-0.066711
-0.063031
-0.061226
-0.060962
-0.061545
-0.060163
-0.055842
-0.049746
-0.043134
-0.037169
-0.031749
-0.025513
-0.017363
-0.006345
0.006014
0.016867
0.024490
0.026301
0.024044
0.023666
0.027352
0.034625
0.040598
0.041137
0.037251
0.030669
0.026314
0.026720
0.030830
0.035595
0.037372
0.036545
0.036226
0.040140
0.048178
0.057621
0.065573
0.069697
0.071449
0.071164
0.066874
0.060376
0.053325
0.047030
0.043424
0.041879
0.040624
0.038538
0.034665
0.030604
0.029528
0.030910
0.033462
0.036512
0.038101
0.037775
0.037319
0.036772
0.035916
0.033593
0.027876
0.021133
0.015540
0.011971
0.011628
0.012763
0.014166
0.016047
0.017995
0.020480
0.023351
0.026360
0.029682
0.033124
0.036514
0.040349
0.044799
0.048763
0.052045
0.053505
0.051736
0.049069
0.046673
0.043696
0.041424
0.038823
0.034853
0.031548
0.027985
0.022623
0.016659
0.012347
0.009678
0.007546
0.006686
0.007058
0.008721
0.012773
0.018358
0.024188
0.030314
0.034589
0.036199
0.037600
0.040049
0.042509
0.044079
0.043931
0.040567
0.033834
0.024803
0.015208
0.007533
0.002502
-0.001416
-0.003140
-0.002113
0.000761
0.004666
0.007345
0.009086
0.011220
0.013103
0.013817
0.013587
0.012266
0.010599
0.010143
0.012465
0.017576
0.021219
0.023409
0.026166
0.027106
0.026944
0.027423
0.026810
0.024695
0.020687
0.014918
0.009458
0.006474
0.006291
0.006331
0.006269
0.006679
0.008503
0.011901
0.014736
0.016419
0.017181
0.015776
0.011590
0.008120
0.005895
0.002950
0.000518
-0.001879
-0.004499
-0.005316
-0.006083
-0.009133
-0.013399
-0.018043
-0.020336
-0.018394
-0.013944
-0.008587
-0.003554
0.000497
0.004970
0.011125
0.018570
0.027161
0.036324
0.046397
0.056503
0.065625
0.073716
0.077663
0.077328
0.075272
0.072801
0.069477
0.063329
0.054773
0.046080
0.038870
0.035635
0.036869
0.040715
0.045061
0.045856
0.043531
0.040780
0.037889
0.034352
0.030306
0.025443
0.019668
0.015233
0.011531
0.008000
0.004619
0.002155
0.002595
0.006933
0.014770
0.022181
0.027504
0.029325
0.027045
0.025023
0.025574
0.026823
0.028795
0.032294
0.035743
0.039876
0.045712
0.053505
0.060391
0.062394
0.060053
0.053881
0.046601
0.044049
0.046644
0.051859
0.056960
0.057444
0.054126
0.048753
0.042680
0.038378
0.036220
0.034734
0.032294
0.030240
0.029539
0.030172
0.033152
0.037600
0.039802
0.038145
0.033074
0.026794
0.023844
0.025481
0.028173
0.028212
0.025105
0.019368
0.010810
0.003713
0.002037
0.002986
0.004319
0.003814
-0.000211
-0.006244
-0.012125
-0.013557
-0.011730
-0.008438
-0.002591
0.000767
0.000959
0.000837
-0.001686
-0.005367
-0.008159
-0.010979
-0.011687
-0.010584
-0.009625
-0.008503
-0.007928
-0.007915
-0.007865
-0.007825
-0.008192
-0.009456
-0.012309
-0.014111
-0.011501
-0.007189
-0.004932
-0.004794
-0.005363
-0.005147
-0.002001
0.001502
0.001261
-0.002557
-0.010578
-0.021913
-0.033748
-0.041600
-0.042988
-0.038785
-0.031195
-0.024997
-0.021063
-0.017131
-0.012934
-0.007337
0.000389
0.008953
0.016068
0.016550
0.010504
0.005433
0.005486
0.011075
0.021553
0.027914
0.026361
0.021240
0.015129
0.013809
0.016235
0.018487
0.019453
0.017712
0.015313
0.014889
0.014751
0.014690
0.012892
0.006303
0.000309
-0.004178
-0.006707
-0.003780
0.000596
0.004146
0.007275
0.007487
0.002798
-0.006567
-0.016571
-0.023282
-0.023611
-0.016452
-0.008833
-0.004833
-0.003174
-0.003102
-0.002339
0.002010
0.006969
0.006760
0.003440
0.000524
0.000516
0.006396
0.019804
0.034606
0.044041
0.047333
0.044666
0.041082
0.037627
0.034435
0.033365
0.032351
0.032909
0.035111
0.039842
0.049112
0.058525
0.064744
0.065814
0.064244
0.062883
0.059836
0.059772
0.066652
0.075608
0.083413
0.087282
0.086633
0.082023
0.073923
0.067582
0.063064
0.058600
0.055094
0.051170
0.047865
0.046997
0.048651
0.052691
0.058225
0.065655
0.072681
0.078027
0.082450
0.084419
0.084298
0.084512
0.084413
0.081962
0.078775
0.077435
0.078498
0.080060
0.082513
0.085173
0.086118
0.087193
0.089017
0.090857
0.092613
0.094494
0.095337
0.094549
0.091711
0.089351
0.089976
0.091407
0.093119
0.093138
0.090188
0.087329
0.086215
0.086293
0.087734
0.089091
0.089634
0.087641
0.082021
0.073968
0.061520
0.047202
0.032138
0.019675
0.016412
0.017207
0.019072
0.023565
0.025955
0.024231
0.021634
0.015985
0.006350
-0.002214
-0.007427
-0.007132
-0.002035
0.004839
0.011787
0.014269
0.011362
0.004551
-0.006141
-0.017481
-0.027671
-0.037224
-0.046097
-0.053758
-0.061528
-0.069262
-0.075016
-0.076115
-0.069906
-0.058540
-0.042665
-0.024047
-0.008644
-0.000999
-0.002436
-0.007478
-0.008993
-0.007939
-0.005735
-0.003034
-0.002362
-0.003755
-0.006747
-0.008907
-0.007951
-0.001293
0.013000
0.031880
0.051390
0.065598
0.068003
0.058500
0.042405
0.024905
0.010432
0.001261
-0.004600
-0.009445
-0.016127
-0.026155
-0.036081
-0.043899
-0.048626
-0.049985
-0.049775
-0.046396
-0.038597
-0.024951
-0.005783
0.014286
0.032323
0.043373
0.042608
0.034363
0.023438
0.008188
-0.009604
-0.026935
-0.042551
-0.052839
-0.054834
-0.047922
-0.032155
-0.008981
0.015461
0.032712
0.038914
0.035552
0.025384
0.008814
-0.012275
-0.033463
-0.050758
-0.060434
-0.063149
-0.061492
-0.056731
-0.050257
-0.042800
-0.035531
-0.029724
-0.026174
-0.026825
-0.031015
-0.038103
-0.048309
-0.057902
-0.061909
-0.058238
-0.047284
-0.031837
-0.016864
-0.004613
0.002850
0.005638
0.005796
0.003222
-0.001927
-0.010100
-0.019176
-0.028211
-0.036957
-0.041923
-0.041974
-0.037727
-0.030880
-0.023981
-0.019060
-0.016287
-0.016226
-0.017509
-0.018568
-0.018456
-0.017067
-0.018451
-0.022770
-0.026371
-0.027476
-0.025919
-0.021378
-0.016917
-0.015098
-0.013794
-0.009705
-0.003806
0.001654
0.007222
0.009805
0.008370
0.006464
0.005063
0.004590
0.005215
0.003810
-0.000917
-0.008169
-0.017076
-0.022764
-0.021365
-0.013143
-0.001500
0.008769
0.016943
0.022866
0.024427
0.021355
0.015804
0.009587
0.004364
0.000404
-0.003087
-0.006179
-0.009655
-0.011681
-0.011983
-0.010043
-0.002918
0.006597
0.015920
0.022922
0.025304
0.023968
0.017300
0.006775
-0.004719
-0.015888
-0.022168
-0.021957
-0.016811
-0.009653
-0.003985
-0.001486
-0.000822
-0.001175
-0.003104
-0.005131
-0.008490
-0.012847
-0.017642
-0.023212
-0.028550
-0.034880
-0.039692
-0.040577
-0.038661
-0.034473
-0.029866
-0.029268
-0.034280
-0.042287
-0.052250
-0.060694
-0.066720
-0.072003
-0.074617
-0.076738
-0.078342
-0.076873
-0.072987
-0.068180
-0.062367
-0.055842
-0.051134
-0.047007
-0.041648
-0.036571
-0.033982
-0.035392
-0.038965
-0.042132
-0.044034
-0.044129
-0.043324
-0.042555
-0.041572
-0.039986
-0.036558
-0.030075
-0.022056
-0.015195
-0.010221
-0.006745
-0.005016
-0.004203
-0.003339
-0.004232
-0.007284
-0.011523
-0.016928
-0.023220
-0.029906
-0.035149
-0.037133
-0.037585
-0.038261
-0.039013
-0.042650
-0.048704
-0.053220
-0.056083
-0.057308
-0.057853
-0.060049
-0.065655
-0.075813
-0.089581
-0.104987
-0.118091
-0.127352
-0.134357
-0.138532
-0.142797
-0.149806
-0.157548
-0.163471
-0.164401
-0.162539
-0.159731
-0.154811
-0.148559
-0.139492
-0.128356
-0.115418
-0.100594
-0.085072
-0.065245
-0.040277
-0.010014
0.023869
0.055202
0.082456
0.103354
0.112971
0.112286
0.105492
0.094483
0.082373
0.071377
0.061693
0.055555
0.055064
0.059009
0.063743
0.067417
0.067553
0.062354
0.054282
0.046187
0.039548
0.033422
0.025188
0.011446
-0.006876
-0.024406
-0.032055
-0.023689
-0.005469
0.016338
0.037974
0.053422
0.058143
0.049141
0.028408
0.003239
-0.021390
-0.041902
-0.054162
-0.058010
-0.058394
-0.058612
-0.058240
-0.056677
-0.052503
-0.046052
-0.039831
-0.036197
-0.037564
-0.045828
-0.057330
-0.067216
-0.074504
-0.074874
-0.068601
-0.059183
-0.046809
-0.032738
-0.017306
-0.001671
0.008843
0.012740
0.014168
0.014381
0.015787
0.019616
0.025329
0.033046
0.039717
0.043878
0.046963
0.049186
0.049845
0.047273
0.039882
0.026491
0.006796
-0.014029
-0.027611
-0.031755
-0.030274
-0.028797
-0.032011
-0.037469
-0.044199
-0.051895
-0.053368
-0.049558
-0.043305
-0.034257
-0.028163
-0.026496
-0.027622
-0.032959
-0.040653
-0.046052
-0.046853
-0.041380
-0.029359
-0.014291
0.000015
0.009130
0.008702
-0.000380
-0.015643
-0.034132
-0.049883
-0.058813
-0.058631
-0.050380
-0.036573
-0.018680
-0.000906
0.009802
0.012154
0.010918
0.007911
0.004883
0.003544
0.005054
0.009120
0.014755
0.019951
0.022434
0.022990
0.019316
0.010008
-0.001900
-0.012900
-0.020556
-0.022430
-0.017885
-0.010986
-0.003427
0.003616
0.008556
0.012144
0.015406
0.018620
0.019271
0.016364
0.010007
-0.001002
-0.014916
-0.027924
-0.037220
-0.039793
-0.034593
-0.025634
-0.016053
-0.007449
-0.001595
0.000784
-0.002610
-0.011964
-0.026698
-0.045114
-0.060928
-0.069311
-0.070980
-0.068831
-0.065057
-0.061232
-0.057640
-0.053076
-0.047178
-0.044045
-0.044252
-0.045044
-0.045367
-0.042413
-0.036226
-0.028104
-0.019108
-0.011430
-0.006500
-0.004133
-0.002297
-0.000756
0.000097
0.003041
0.008704
0.014031
0.018923
0.023252
0.024150
0.022208
0.018965
0.014728
0.013792
0.018177
0.026024
0.035009
0.043174
0.047214
0.042927
0.031294
0.015064
0.000423
-0.005560
-0.002840
0.006288
0.018665
0.031187
0.040955
0.044873
0.043453
0.038139
0.031654
0.027981
0.026183
0.023983
0.023457
0.023670
0.022086
0.020452
0.021198
0.025050
0.029887
0.033198
0.034025
0.032562
0.029987
0.027854
0.028744
0.031975
0.035983
0.040214
0.041705
0.041262
0.040936
0.041089
0.041551
0.040987
0.037433
0.032089
0.028119
0.025752
0.026432
0.030434
0.034335
0.037105
0.038618
0.038834
0.039407
0.039645
0.038834
0.035248
0.027007
0.016066
0.004864
-0.003996
-0.008452
-0.007971
-0.004266
-0.000944
-0.000659
-0.002802
-0.006240
-0.010944
-0.015111
-0.018690
-0.022927
-0.027677
-0.032442
-0.036247
-0.039022
-0.039650
-0.037253
-0.033276
-0.029145
-0.027030
-0.027502
-0.028419
-0.028505
-0.027463
-0.023905
-0.018789
-0.014941
-0.011759
-0.010086
-0.011447
-0.013720
-0.014449
-0.013401
-0.011242
-0.009181
-0.008469
-0.008002
-0.007273
-0.005295
-0.000184
0.007077
0.014060
0.017695
0.016757
0.013467
0.010614
0.009154
0.011732
0.017948
0.023485
0.028864
0.032081
0.032469
0.031512
0.028949
0.027159
0.025703
0.023096
0.019580
0.017300
0.015882
0.013289
0.011250
0.009731
0.009851
0.012659
0.014548
0.013908
0.011544
0.008249
0.003009
-0.004389
-0.012288
-0.019132
-0.023127
-0.025114
-0.025557
-0.024042
-0.021993
-0.019241
-0.016220
-0.014715
-0.011381
-0.006248
-0.002574
0.001122
0.004976
0.007322
0.007725
0.005530
0.000634
-0.003261
-0.003795
-0.000475
0.005794
0.013877
0.022741
0.030012
0.035692
0.040879
0.045093
0.047783
0.049496
0.048322
0.045300
0.041029
0.035271
0.032378
0.031960
0.032981
0.038612
0.045824
0.050897
0.054614
0.055162
0.051489
0.046642
0.042451
0.038060
0.035193
0.033500
0.030094
0.025987
0.023187
0.021270
0.020009
0.020129
0.019662
0.017200
0.013893
0.010563
0.009367
0.010160
0.011235
0.013181
0.015261
0.016121
0.015465
0.013661
0.012330
0.012778
0.014344
0.016063
0.017046
0.018001
0.018726
0.019404
0.021035
0.022103
0.021238
0.017646
0.012949
0.008285
0.004144
0.002481
0.002982
0.004325
0.004615
0.002734
0.000416
-0.001944
-0.003789
-0.003341
-0.000423
0.003579
0.007148
0.010202
0.013205
0.015821
0.016520
0.014690
0.012102
0.009382
0.005815
0.002806
0.000336
-0.002206
-0.004473
-0.007292
-0.009469
-0.010244
-0.009448
-0.006722
-0.004277
-0.003138
-0.002269
-0.000268
0.002996
0.006007
0.007377
0.007539
0.006012
0.002529
0.000139
-0.000241
0.000735
0.001917
0.002481
0.002646
0.002396
0.002498
0.002751
0.003106
0.004617
0.006679
0.008983
0.010855
0.011932
0.013002
0.012412
0.009934
0.005929
0.001194
-0.002417
-0.004904
-0.006090
-0.006312
-0.006886
-0.007730
-0.008334
-0.010102
-0.012344
-0.013448
-0.014069
-0.013602
-0.012290
-0.010635
-0.009316
-0.009462
-0.010457
-0.013503
-0.017207
-0.018295
-0.018500
-0.018996
-0.019354
-0.019723
-0.019799
-0.019347
-0.018162
-0.017230
-0.016389
-0.015461
-0.015681
-0.016507
-0.017420
-0.017648
-0.016353
-0.014872
-0.013756
-0.012245
-0.011734
-0.011671
-0.011235
-0.011831
-0.011615
-0.009784
-0.006905
-0.003567
-0.000440
0.003436
0.006345
0.007668
0.008670
0.008890
0.008771
0.008983
0.009775
0.011487
0.013756
0.014565
0.013560
0.011265
0.007140
0.001642
-0.005067
-0.012509
-0.020083
-0.027030
-0.031930
-0.034587
-0.035016
-0.033602
-0.031829
-0.030610
-0.030770
-0.031728
-0.032414
-0.033029
-0.034460
-0.037084
-0.039219
-0.040696
-0.041779
-0.041737
-0.041591
-0.041249
-0.039527
-0.036864
-0.033336
-0.029784
-0.025940
-0.021050
-0.016260
-0.011715
-0.007451
-0.004740
-0.004123
-0.005037
-0.006696
-0.008203
-0.009435
-0.010261
-0.010681
-0.010943
-0.011812
-0.011747
-0.010115
-0.009128
-0.008727
-0.008038
-0.007463
-0.007569
-0.009133
-0.012625
-0.015789
-0.017224
-0.018198
-0.017959
-0.016328
-0.015628
-0.015877
-0.017887
-0.020845
-0.023772
-0.027590
-0.029048
-0.029207
-0.030238
-0.031392
-0.033048
-0.034308
-0.035330
-0.036958
-0.038730
-0.038654
-0.038377
-0.038963
-0.038705
-0.038179
-0.036826
-0.034709
-0.033146
-0.030944
-0.027322
-0.024693
-0.021817
-0.017860
-0.014407
-0.010316
-0.007087
-0.006677
-0.008158
-0.010762
-0.014415
-0.017283
-0.019115
-0.020930
-0.021025
-0.019501
-0.017638
-0.015269
-0.012036
-0.008623
-0.005103
-0.002339
-0.000693
0.001205
0.002405
0.002202
0.001126
0.000017
-0.000256
-0.000180
-0.000710
-0.001243
-0.001893
-0.002825
-0.004214
-0.006817
-0.009729
-0.012712
-0.015417
-0.017963
-0.020672
-0.023531
-0.026025
-0.028795
-0.032228
-0.034629
-0.036239
-0.037014
-0.038409
-0.039873
-0.040564
-0.042781
-0.044560
-0.045653
-0.047208
-0.047802
-0.047956
-0.047083
-0.044286
-0.041963
-0.041520
-0.041067
-0.040357
-0.040767
-0.040193
-0.038268
-0.037203
-0.036552
-0.035641
-0.035696
-0.037967
-0.039854
-0.038289
-0.035907
-0.032446
-0.026815
-0.021874
-0.018024
-0.016689
-0.017270
-0.019478
-0.022286
-0.023240
-0.025520
-0.028412
-0.028404
-0.027030
-0.025870
-0.025479
-0.026043
-0.026515
-0.027632
-0.029824
-0.032364
-0.034496
-0.035734
-0.036347
-0.036184
-0.035979
-0.036184
-0.036433
-0.038238
-0.041211
-0.043056
-0.045955
-0.050377
-0.053222
-0.055176
-0.057498
-0.058559
-0.057207
-0.054363
-0.050320
-0.046031
-0.042629
-0.038925
-0.034589
-0.030487
-0.027599
-0.026001
-0.025541
-0.026261
-0.028004
-0.030043
-0.030994
-0.031404
-0.031387
-0.031187
-0.031045
-0.030665
-0.030921
-0.030485
-0.028604
-0.026069
-0.022804
-0.019692
-0.016841
-0.014101
-0.011485
-0.008228
-0.004925
-0.001029
0.002806
0.005464
0.008486
0.011920
0.014817
0.016323
0.016406
0.016216
0.014954
0.012461
0.009783
0.006525
0.003734
0.002707
0.003419
0.005027
0.006415
0.008349
0.011113
0.013063
0.014920
0.017112
0.018969
0.020960
0.022379
0.023607
0.025128
0.026956
0.029948
0.032938
0.035411
0.037695
0.039352
0.040698
0.041970
0.042346
0.041970
0.042033
0.041758
0.040928
0.040302
0.039666
0.038682
0.036936
0.034902
0.032854
0.031070
0.030570
0.031288
0.033023
0.034561
0.035599
0.036822
0.038166
0.039109
0.039705
0.040829
0.041435
0.041562
0.042160
0.042504
0.042435
0.042971
0.044336
0.045462
0.045517
0.044328
0.042447
0.040968
0.040203
0.039954
0.040182
0.041435
0.043294
0.045560
0.048298
0.051030
0.054018
0.056174
0.057175
0.057228
0.056584
0.055590
0.053993
0.052281
0.050937
0.049659
0.047848
0.045648
0.043825
0.042804
0.042451
0.042549
0.041387
0.039225
0.037203
0.035362
0.034202
0.033798
0.034464
0.035001
0.035140
0.035548
0.036332
0.037913
0.039360
0.040241
0.041095
0.040698
0.039451
0.039261
0.038652
0.037574
0.037004
0.035702
0.034118
0.032085
0.029771
0.027709
0.024997
0.022035
0.020091
0.019286
0.018686
0.019227
0.020372
0.020909
0.021372
0.021342
0.020723
0.019932
0.019559
0.019263
0.018963
0.019569
0.020848
0.021989
0.022933
0.023679
0.023588
0.022996
0.022754
0.022960
0.023077
0.023149
0.022272
0.021038
0.020408
0.018849
0.017446
0.016740
0.015890
0.015083
0.014067
0.013536
0.013202
0.012351
0.012307
0.012733
0.012934
0.012934
0.013198
0.014115
0.014310
0.014210
0.014151
0.012953
0.011316
0.010390
0.009989
0.009255
0.008239
0.007062
0.005251
0.003681
0.001771
-0.000653
-0.002500
-0.004818
-0.007104
-0.008154
-0.009502
-0.010886
-0.011489
-0.013321
-0.014536
-0.014532
-0.015148
-0.016085
-0.017769
-0.018823
-0.019113
-0.018918
-0.018124
-0.017069
-0.015820
-0.015199
-0.014084
-0.012425
-0.011303
-0.010308
-0.009883
-0.009891
-0.009181
-0.008729
-0.008706
-0.007404
-0.005067
-0.002738
-0.000465
0.000928
0.002346
0.005424
0.008080
0.010506
0.014259
0.017879
0.020471
0.021143
0.020858
0.020795
0.019656
0.017006
0.013961
0.011933
0.010377
0.008662
0.007201
0.005595
0.004330
0.005306
0.006472
0.006179
0.006016
0.004374
0.001259
-0.000680
-0.001080
-0.002189
-0.004414
-0.006288
-0.008233
-0.010073
-0.012055
-0.014329
-0.015949
-0.016970
-0.017418
-0.017014
-0.016040
-0.014196
-0.011580
-0.009695
-0.007763
-0.004955
-0.002656
-0.000921
0.000693
0.000980
0.000418
0.000283
-0.000380
-0.001384
-0.001627
-0.001570
-0.002720
-0.004579
-0.005802
-0.006688
-0.006988
-0.006840
-0.006946
-0.007045
-0.007981
-0.009849
-0.011132
-0.012137
-0.013784
-0.016028
-0.018775
-0.021589
-0.022937
-0.023360
-0.024552
-0.025435
-0.025167
-0.025838
-0.026337
-0.025538
-0.025209
-0.024769
-0.024655
-0.023814
-0.022658
-0.023352
-0.023554
-0.022515
-0.021333
-0.019559
-0.017726
-0.016228
-0.014905
-0.014160
-0.013420
-0.013014
-0.012695
-0.011814
-0.010225
-0.009371
-0.010181
-0.010105
-0.008270
-0.006155
-0.004902
-0.003243
-0.002050
-0.002075
-0.001891
-0.002739
-0.004139
-0.005124
-0.006569
-0.007015
-0.006382
-0.006635
-0.007535
-0.007503
-0.008047
-0.009779
-0.009728
-0.009974
-0.010840
-0.011132
-0.012027
-0.012406
-0.011945
-0.010333
-0.008051
-0.005486
-0.003478
-0.002436
-0.000664
0.000169
0.000364
0.000351
-0.000983
-0.000909
-0.000653
-0.000850
0.000009
0.000556
0.001912
0.004626
0.006870
0.008606
0.009900
0.010187
0.010253
0.010827
0.011954
0.013154
0.013733
0.014200
0.015212
0.016028
0.016102
0.015713
0.015094
0.014559
0.014301
0.013350
0.011863
0.010658
0.008786
0.006534
0.004418
0.002242
-0.000156
-0.001251
-0.001532
-0.002612
-0.002925
-0.003373
-0.004260
-0.004340
-0.004129
-0.004499
-0.005616
-0.006240
-0.005397
-0.004091
-0.002267
-0.000514
-0.000570
-0.001130
-0.002350
-0.004139
-0.005211
-0.005946
-0.006952
-0.007503
-0.007070
-0.006753
-0.005798
-0.005016
-0.005103
-0.005355
-0.007087
-0.009321
-0.010574
-0.012032
-0.013743
-0.014407
-0.014534
-0.013215
-0.010426
-0.008676
-0.007626
-0.006656
-0.006608
-0.006595
-0.006009
-0.006449
-0.007427
-0.007550
-0.007389
-0.006905
-0.005914
-0.004980
-0.003508
-0.002231
-0.001061
0.001126
0.002726
0.003954
0.004583
0.003782
0.002867
0.002084
0.001936
0.002335
0.003280
0.004182
0.004828
0.005857
0.006675
0.008700
0.011001
0.012325
0.013805
0.014880
0.015100
0.015768
0.016926
0.017122
0.017701
0.017864
0.016989
0.017040
0.016769
0.016634
0.017164
0.017893
0.018523
0.018563
0.017595
0.014589
0.011975
0.010136
0.008262
0.007366
0.006836
0.006079
0.005659
0.005566
0.005192
0.005219
0.005859
0.006840
0.007512
0.008159
0.008683
0.008799
0.009205
0.009560
0.010426
0.010329
0.008427
0.006880
0.006749
0.007493
0.008662
0.010026
0.009845
0.009845
0.010548
0.010466
0.011051
0.011037
0.010971
0.011440
0.011423
0.011914
0.012797
0.014033
0.015951
0.018474
0.019427
0.019013
0.019459
0.020304
0.020129
0.018472
0.016078
0.014037
0.012638
0.010775
0.009361
0.008433
0.007749
0.008313
0.008778
0.009447
0.010912
0.012251
0.013344
0.013934
0.014134
0.014295
0.015491
0.016435
0.016226
0.017017
0.018046
0.018718
0.019588
0.020814
0.021921
0.022177
0.021822
0.020941
0.020962
0.020845
0.019474
0.018020
0.015783
0.013815
0.012395
0.011658
0.012152
0.011732
0.011060
0.011064
0.010897
0.011299
0.012315
0.013388
0.014204
0.014779
0.015341
0.015651
0.016167
0.016938
0.017925
0.018923
0.020059
0.021179
0.021614
0.022513
0.023425
0.023480
0.022956
0.022399
0.022384
0.021824
0.020512
0.018865
0.017350
0.016342
0.015518
0.013991
0.013052
0.014324
0.015852
0.017798
0.020004
0.020670
0.020372
0.020744
0.021241
0.021154
0.021410
0.021541
0.020911
0.019791
0.018126
0.016317
0.015504
0.015073
0.013562
0.012315
0.012537
0.012176
0.012042
0.011998
0.011594
0.013281
0.013963
0.013773
0.015062
0.015394
0.015449
0.016025
0.015892
0.015943
0.016862
0.016228
0.014705
0.015341
0.015542
0.014614
0.015151
0.016438
0.017503
0.018439
0.019594
0.020788
0.021312
0.021663
0.022344
0.022971
0.023326
0.023261
0.022800
0.022707
0.021606
0.020264
0.020579
0.019753
0.018335
0.017600
0.017120
0.017640
0.017638
0.017036
0.017636
0.017467
0.016362
0.016962
0.017363
0.017141
0.018487
0.019404
0.020571
0.023153
0.024941
0.027060
0.028659
0.028727
0.029241
0.029479
0.028871
0.029686
0.030227
0.029249
0.029617
0.029539
0.028679
0.027941
0.027204
0.027263
0.026745
0.025513
0.023924
0.022656
0.022018
0.021587
0.021558
0.021733
0.022612
0.023087
0.022343
0.022183
0.021710
0.020395
0.019411
0.019108
0.018251
0.015840
0.015220
0.017054
0.018756
0.019969
0.020108
0.019539
0.019846
0.019115
0.018033
0.017796
0.016676
0.016258
0.016006
0.015204
0.015248
0.015537
0.016087
0.017743
0.018749
0.019307
0.020241
0.020004
0.019561
0.018906
0.018405
0.019846
0.021779
0.022117
0.021870
0.021454
0.020773
0.021420
0.022690
0.024569
0.025796
0.025541
0.024955
0.023645
0.023611
0.024007
0.024023
0.024681
0.025564
0.026956
0.028672
0.029090
0.027954
0.027075
0.026445
0.024752
0.023408
0.023049
0.021809
0.021344
0.021431
0.022075
0.023233
0.023030
0.022305
0.021355
0.019985
0.018445
0.017788
0.016596
0.014386
0.012222
0.010083
0.008266
0.005418
0.002722
0.000949
-0.001217
-0.004066
-0.006513
-0.007199
-0.008120
-0.009650
-0.010035
-0.010493
-0.011140
-0.010160
-0.009327
-0.009585
-0.009697
-0.010548
-0.011070
-0.010878
-0.010905
-0.010130
-0.009680
-0.009407
-0.009410
-0.010595
-0.011749
-0.013743
-0.016032
-0.017686
-0.019597
-0.021946
-0.024497
-0.025784
-0.026022
-0.025454
-0.024178
-0.023586
-0.023265
-0.023658
-0.024797
-0.026008
-0.027020
-0.026916
-0.026515
-0.025598
-0.024643
-0.025798
-0.027140
-0.027649
-0.027964
-0.027609
-0.028089
-0.029473
-0.031060
-0.031943
-0.031432
-0.030939
-0.030367
-0.030709
-0.033012
-0.034800
-0.034475
-0.033232
-0.032062
-0.031104
-0.031628
-0.034608
-0.036799
-0.036976
-0.036169
-0.034403
-0.033667
-0.034473
-0.035294
-0.036136
-0.037351
-0.037482
-0.036824
-0.036846
-0.037949
-0.039068
-0.039696
-0.039838
-0.038650
-0.037467
-0.037124
-0.037484
-0.037944
-0.037380
-0.036772
-0.035702
-0.033589
-0.032159
-0.031459
-0.031073
-0.030884
-0.029756
-0.028581
-0.027049
-0.024877
-0.024032
-0.023341
-0.022407
-0.021796
-0.020731
-0.019474
-0.018215
-0.017352
-0.016454
-0.015161
-0.014289
-0.013868
-0.013631
-0.013784
-0.014360
-0.013917
-0.013317
-0.012814
-0.012019
-0.012099
-0.011512
-0.011326
-0.011899
-0.011939
-0.012353
-0.012611
-0.013230
-0.012148
-0.009317
-0.008300
-0.008009
-0.008292
-0.008541
-0.007696
-0.006819
-0.005838
-0.005202
-0.005073
-0.004678
-0.004606
-0.005196
-0.005323
-0.005059
-0.005154
-0.005355
-0.006122
-0.007960
-0.010350
-0.012011
-0.012928
-0.013287
-0.012708
-0.013052
-0.014217
-0.015250
-0.016668
-0.017276
-0.016875
-0.015694
-0.014215
-0.014420
-0.015237
-0.015001
-0.014400
-0.013401
-0.012123
-0.011463
-0.010929
-0.010071
-0.009027
-0.007689
-0.006950
-0.006935
-0.006671
-0.006420
-0.006859
-0.007206
-0.007056
-0.008017
-0.009012
-0.009390
-0.010168
-0.009416
-0.007601
-0.006673
-0.005589
-0.003558
-0.001938
-0.000951
-0.001390
-0.003265
-0.004089
-0.004731
-0.004757
-0.004009
-0.004868
-0.006179
-0.007651
-0.009052
-0.009052
-0.008292
-0.006736
-0.005720
-0.005500
-0.004311
-0.002897
-0.001281
-0.000156
-0.000866
-0.002515
-0.004047
-0.004537
-0.004330
-0.004594
-0.004752
-0.004873
-0.005870
-0.006918
-0.007074
-0.007045
-0.007442
-0.007706
-0.007863
-0.007706
-0.006419
-0.004949
-0.004609
-0.005475
-0.006734
-0.007299
-0.006980
-0.006005
-0.005452
-0.005209
-0.003410
-0.000537
0.001936
0.004101
0.005513
0.006158
0.006457
0.006274
0.006641
0.007413
0.008461
0.010005
0.010876
0.011746
0.012716
0.012837
0.013416
0.014920
0.015858
0.016194
0.017059
0.017803
0.017631
0.016962
0.015943
0.015229
0.015757
0.016376
0.016636
0.017317
0.017676
0.018088
0.018572
0.018791
0.019060
0.018479
0.017688
0.017050
0.016456
0.016300
0.015766
0.014627
0.012731
0.010650
0.009429
0.008120
0.006827
0.007279
0.007440
0.006272
0.005242
0.003539
0.001914
0.000921
0.000925
0.002532
0.004106
0.005192
0.005709
0.005285
0.004708
0.003947
0.002853
0.001756
0.000220
-0.002177
-0.005002
-0.006832
-0.007134
-0.006855
-0.006502
-0.006715
-0.007964
-0.009517
-0.011476
-0.014401
-0.016531
-0.017012
-0.017407
-0.018084
-0.018679
-0.019066
-0.019396
-0.019711
-0.019873
-0.020205
-0.020495
-0.020142
-0.019334
-0.019875
-0.021445
-0.022356
-0.023527
-0.024501
-0.024028
-0.023463
-0.023863
-0.024334
-0.024305
-0.022494
-0.019225
-0.017260
-0.016630
-0.016704
-0.017853
-0.018344
-0.017215
-0.016664
-0.017131
-0.017276
-0.015890
-0.013353
-0.011368
-0.009781
-0.008127
-0.006967
-0.006141
-0.005253
-0.004507
-0.003704
-0.002514
-0.001758
-0.000805
0.001228
0.002434
0.003229
0.003537
0.002343
0.001374
0.001348
0.001788
0.001794
0.001149
0.000232
0.000101
0.001078
0.002048
0.003487
0.004465
0.003635
0.001570
-0.000649
-0.003580
-0.006887
-0.008634
-0.008727
-0.008418
-0.008495
-0.008093
-0.007244
-0.006139
-0.005321
-0.006299
-0.008239
-0.010193
-0.013281
-0.016068
-0.017914
-0.020083
-0.021230
-0.021710
-0.021963
-0.022206
-0.023015
-0.022534
-0.020795
-0.018941
-0.017074
-0.015354
-0.013779
-0.012735
-0.011704
-0.009838
-0.008951
-0.009316
-0.010339
-0.012399
-0.013234
-0.012689
-0.011601
-0.008932
-0.006356
-0.004816
-0.003672
-0.003571
-0.003501
-0.003051
-0.003055
-0.003408
-0.004296
-0.005230
-0.005889
-0.006286
-0.006345
-0.006382
-0.006633
-0.007920
-0.010071
-0.011742
-0.012032
-0.011134
-0.009784
-0.009040
-0.008543
-0.007975
-0.007715
-0.006737
-0.005908
-0.005390
-0.004657
-0.004306
-0.004887
-0.006094
-0.006206
-0.006062
-0.006103
-0.005357
-0.004034
-0.002527
-0.001538
-0.000987
-0.001054
-0.002141
-0.003284
-0.003983
-0.004495
-0.004287
-0.003277
-0.001654
0.000471
0.002774
0.005317
0.007804
0.010813
0.014512
0.017674
0.019770
0.020533
0.020264
0.019937
0.020000
0.020218
0.019842
0.019747
0.021148
0.022830
0.023975
0.024651
0.024941
0.026155
0.027607
0.027852
0.028406
0.029196
0.028499
0.027087
0.026050
0.024524
0.022982
0.022286
0.022622
0.023231
0.023702
0.024562
0.024837
0.023719
0.021399
0.019189
0.017739
0.016885
0.016736
0.016045
0.014935
0.013970
0.011632
0.008767
0.007111
0.006291
0.005629
0.004943
0.003535
0.001403
-0.000431
-0.001794
-0.002559
-0.002301
-0.001929
-0.002392
-0.002663
-0.003094
-0.004638
-0.005910
-0.007252
-0.008216
-0.008552
-0.009898
-0.010675
-0.011275
-0.011903
-0.011009
-0.009578
-0.008127
-0.007087
-0.006929
-0.007535
-0.008676
-0.009921
-0.011559
-0.013257
-0.014396
-0.015337
-0.015573
-0.014838
-0.014096
-0.014739
-0.016080
-0.017317
-0.019465
-0.021166
-0.021841
-0.022278
-0.022982
-0.023810
-0.024104
-0.024180
-0.023776
-0.023584
-0.023766
-0.023178
-0.021782
-0.019988
-0.017680
-0.015567
-0.013686
-0.012283
-0.012064
-0.011523
-0.010382
-0.008746
-0.007430
-0.006884
-0.007425
-0.009173
-0.010120
-0.010616
-0.010861
-0.010910
-0.011043
-0.010933
-0.010586
-0.010187
-0.010031
-0.009306
-0.008347
-0.007746
-0.007332
-0.007423
-0.008158
-0.009989
-0.012643
-0.014324
-0.015975
-0.017445
-0.017099
-0.017359
-0.018660
-0.018477
-0.016955
-0.015782
-0.014369
-0.012490
-0.010382
-0.007279
-0.003878
-0.001044
0.000355
0.000410
0.000720
0.001392
0.000890
-0.001576
-0.005154
-0.009652
-0.014986
-0.019723
-0.022453
-0.022589
-0.020856
-0.016942
-0.011354
-0.005414
-0.000089
0.002574
0.002365
-0.000744
-0.006751
-0.014278
-0.022472
-0.030559
-0.036505
-0.038802
-0.036924
-0.031886
-0.025676
-0.018625
-0.012754
-0.010441
-0.011324
-0.014956
-0.019804
-0.023404
-0.024461
-0.022166
-0.018312
-0.015161
-0.012161
-0.009697
-0.008955
-0.008904
-0.008433
-0.007865
-0.007186
-0.006561
-0.005984
-0.004568
-0.001621
0.002354
0.006276
0.009223
0.010483
0.011330
0.012784
0.014016
0.014204
0.013260
0.012163
0.012114
0.012374
0.011880
0.010411
0.007265
0.004448
0.003542
0.004452
0.008197
0.013720
0.018952
0.022352
0.022284
0.019823
0.017082
0.014115
0.011694
0.010107
0.008509
0.007231
0.008190
0.012015
0.016822
0.022029
0.026597
0.028167
0.027199
0.025164
0.021093
0.015197
0.009526
0.004598
0.000792
-0.000864
-0.000685
0.001378
0.004852
0.007829
0.009517
0.010126
0.010187
0.010458
0.011227
0.011411
0.010908
0.009906
0.008273
0.005779
0.002098
-0.000951
-0.002694
-0.003573
-0.004338
-0.005443
-0.006479
-0.007996
-0.008740
-0.008530
-0.008524
-0.007818
-0.006288
-0.005737
-0.006132
-0.006457
-0.007140
-0.008748
-0.011677
-0.015504
-0.019573
-0.022764
-0.024773
-0.025361
-0.024061
-0.021158
-0.016693
-0.012773
-0.011180
-0.010922
-0.012139
-0.015497
-0.019687
-0.023580
-0.027193
-0.029655
-0.030128
-0.028847
-0.025931
-0.022119
-0.018044
-0.013416
-0.009167
-0.006119
-0.004065
-0.004159
-0.006174
-0.009445
-0.013017
-0.015146
-0.015702
-0.014231
-0.011468
-0.008795
-0.006417
-0.004568
-0.003372
-0.001908
-0.000027
0.000989
0.000999
-0.000032
-0.001627
-0.002889
-0.003711
-0.004410
-0.004928
-0.004524
-0.003030
-0.000729
0.001168
0.002168
0.002515
0.002229
0.001754
0.000456
-0.000767
-0.001219
-0.001693
-0.001171
0.000623
0.002701
0.004349
0.004805
0.003144
0.000032
-0.002887
-0.004626
-0.004830
-0.004313
-0.003820
-0.003136
-0.002927
-0.003022
-0.002605
-0.002538
-0.003301
-0.004440
-0.005367
-0.006029
-0.005887
-0.005652
-0.005908
-0.005382
-0.005147
-0.004281
-0.001350
0.001348
0.003915
0.006641
0.008030
0.007787
0.006476
0.004602
0.002367
0.001243
0.001572
0.001879
0.002383
0.002992
0.002958
0.002386
0.001131
-0.000258
-0.001633
-0.002895
-0.003017
-0.001830
0.000028
0.002688
0.006428
0.009560
0.010278
0.009433
0.007867
0.005729
0.004252
0.004209
0.005336
0.007036
0.008241
0.008401
0.008019
0.007673
0.007358
0.006895
0.007250
0.008577
0.010024
0.012457
0.015556
0.017915
0.020000
0.021162
0.020998
0.020173
0.018798
0.017502
0.016953
0.017103
0.017906
0.018726
0.018559
0.017760
0.016414
0.014460
0.012410
0.010667
0.009439
0.008427
0.008070
0.008862
0.010493
0.012368
0.013211
0.012898
0.011594
0.009169
0.005969
0.002519
0.000213
0.000190
0.001955
0.004448
0.007189
0.009741
0.010996
0.011017
0.011204
0.010681
0.008759
0.007165
0.006195
0.005395
0.005124
0.005131
0.005186
0.005511
0.006504
0.007660
0.008391
0.008697
0.007869
0.006039
0.004564
0.004220
0.004528
0.005238
0.005933
0.005982
0.005851
0.005281
0.003905
0.001969
0.001348
0.003486
0.006536
0.010318
0.014100
0.016057
0.016581
0.015204
0.012902
0.010398
0.007637
0.005437
0.004114
0.004232
0.005010
0.006134
0.007899
0.009373
0.010493
0.011746
0.012285
0.011810
0.010354
0.007746
0.004471
0.001547
-0.000670
-0.002067
-0.001016
0.002100
0.004830
0.007246
0.008822
0.008325
0.006935
0.005350
0.004376
0.004883
0.005840
0.006525
0.007411
0.007768
0.008106
0.009266
0.010168
0.010561
0.010362
0.009274
0.007622
0.005762
0.004175
0.003241
0.002836
0.002899
0.002502
0.001625
0.000617
-0.000938
-0.002783
-0.003567
-0.003533
-0.003484
-0.001952
-0.000146
0.001412
0.003368
0.004357
0.004203
0.003465
0.002944
0.002532
0.002701
0.004308
0.006460
0.008670
0.010075
0.010276
0.009663
0.009169
0.009283
0.009336
0.009111
0.008271
0.006967
0.005243
0.003250
0.001361
-0.000230
-0.001346
-0.001669
-0.000951
0.000302
0.001699
0.002912
0.004273
0.005536
0.005557
0.004978
0.004085
0.002627
0.002346
0.003681
0.005566
0.007725
0.009230
0.010045
0.011136
0.012266
0.012712
0.012573
0.012064
0.011130
0.010620
0.010612
0.010329
0.010261
0.010265
0.009862
0.009076
0.007930
0.006732
0.005095
0.003083
0.001196
-0.000146
-0.000583
-0.000139
0.000839
0.001519
0.001553
0.001131
0.000182
-0.000839
-0.001418
-0.001766
-0.001815
-0.002016
-0.002986
-0.004558
-0.006365
-0.007996
-0.008550
-0.007719
-0.006534
-0.005130
-0.003727
-0.002791
-0.002502
-0.003427
-0.005435
-0.007108
-0.007315
-0.006684
-0.005853
-0.005479
-0.005627
-0.005731
-0.006214
-0.007203
-0.008309
-0.009439
-0.010079
-0.010276
-0.010783
-0.011846
-0.012879
-0.013498
-0.014079
-0.014794
-0.015558
-0.015751
-0.016011
-0.016505
-0.016452
-0.016175
-0.015721
-0.015694
-0.015801
-0.015220
-0.014119
-0.012765
-0.011656
-0.010774
-0.010265
-0.010196
-0.010508
-0.010889
-0.010939
-0.011784
-0.013093
-0.013699
-0.014122
-0.014248
-0.013805
-0.013101
-0.012752
-0.012670
-0.012389
-0.012738
-0.012868
-0.011647
-0.009783
-0.007935
-0.007127
-0.007457
-0.007928
-0.007861
-0.007172
-0.006189
-0.004957
-0.003635
-0.002443
-0.001200
0.000127
0.001849
0.003298
0.003844
0.003901
0.003229
0.002307
0.001942
0.002050
0.002417
0.003457
0.004786
0.005760
0.006445
0.006553
0.005872
0.004885
0.003896
0.003045
0.002768
0.002665
0.002250
0.001149
-0.000283
-0.001280
-0.002646
-0.004644
-0.006172
-0.006523
-0.005346
-0.003616
-0.002327
-0.001120
-0.000625
-0.001052
-0.001386
-0.002312
-0.004015
-0.005200
-0.005859
-0.006121
-0.006113
-0.005912
-0.005454
-0.004262
-0.002143
-0.000699
-0.000222
-0.000501
-0.001591
-0.002557
-0.003801
-0.005431
-0.006546
-0.007174
-0.007258
-0.006673
-0.005500
-0.003531
-0.001116
0.001399
0.003387
0.003719
0.002736
0.001321
0.000294
0.000361
0.001435
0.003501
0.005665
0.006493
0.006819
0.007017
0.006593
0.006553
0.006677
0.006515
0.006413
0.006149
0.005991
0.006550
0.006812
0.006662
0.006698
0.006060
0.005405
0.005319
0.005595
0.006950
0.008598
0.008883
0.007861
0.006610
0.006157
0.006257
0.006889
0.008156
0.009308
0.010700
0.011966
0.012858
0.014244
0.015580
0.016368
0.017023
0.017737
0.018219
0.018331
0.017989
0.017450
0.017276
0.017446
0.017965
0.018785
0.019580
0.020431
0.021469
0.021758
0.021287
0.020645
0.019755
0.019265
0.019189
0.019239
0.019709
0.020689
0.021855
0.022990
0.023540
0.023220
0.022631
0.021467
0.020237
0.019603
0.018766
0.017817
0.016666
0.015341
0.014931
0.015005
0.014749
0.014739
0.014819
0.014018
0.012771
0.011785
0.011136
0.011174
0.011789
0.012575
0.013602
0.014536
0.014823
0.014686
0.014610
0.014682
0.014544
0.014392
0.014460
0.014662
0.015459
0.016687
0.017522
0.018060
0.018798
0.020064
0.021564
0.022739
0.023005
0.022024
0.020501
0.019482
0.018772
0.018314
0.018147
0.017369
0.016516
0.016484
0.017160
0.017691
0.017790
0.017701
0.017166
0.015977
0.014329
0.012423
0.010878
0.010559
0.011529
0.012628
0.012902
0.013257
0.013653
0.014003
0.014954
0.015417
0.014882
0.013858
0.013063
0.012672
0.011981
0.011254
0.010844
0.010358
0.010050
0.010181
0.010343
0.010305
0.010122
0.009870
0.009521
0.009509
0.009931
0.010969
0.012471
0.013579
0.014187
0.014316
0.014003
0.013287
0.012452
0.011622
0.011191
0.011307
0.011237
0.011172
0.011168
0.011184
0.011497
0.011825
0.012752
0.014491
0.016108
0.017232
0.017885
0.018246
0.018453
0.018276
0.017703
0.016848
0.015776
0.015362
0.016237
0.017577
0.018720
0.019427
0.019905
0.020391
0.020805
0.021128
0.020854
0.020249
0.019924
0.019848
0.019730
0.019586
0.019514
0.019806
0.020480
0.021156
0.022018
0.022382
0.021545
0.019744
0.017674
0.015918
0.014417
0.012921
0.011242
0.009538
0.008036
0.007068
0.006850
0.006848
0.006679
0.006339
0.005517
0.004951
0.005274
0.005428
0.005114
0.004668
0.003782
0.002711
0.001819
0.000714
-0.000744
-0.002033
-0.002529
-0.002371
-0.002586
-0.003470
-0.004949
-0.007115
-0.008997
-0.010310
-0.011692
-0.013167
-0.014711
-0.015880
-0.016296
-0.016883
-0.018204
-0.019337
-0.020083
-0.020847
-0.021384
-0.021581
-0.021549
-0.021488
-0.021579
-0.021989
-0.022046
-0.021553
-0.021982
-0.024353
-0.027768
-0.030299
-0.031314
-0.031660
-0.032567
-0.034069
-0.034959
-0.035182
-0.035187
-0.035352
-0.035812
-0.036068
-0.036061
-0.036205
-0.036463
-0.036505
-0.036190
-0.035624
-0.035071
-0.034219
-0.032799
-0.031223
-0.029843
-0.028573
-0.027761
-0.027301
-0.027356
-0.028059
-0.028461
-0.028624
-0.028397
-0.027525
-0.026314
-0.024719
-0.023043
-0.021974
-0.021830
-0.021855
-0.021221
-0.020319
-0.019394
-0.018439
-0.017824
-0.017234
-0.016577
-0.015905
-0.015064
-0.014982
-0.015318
-0.015208
-0.015203
-0.015362
-0.015603
-0.016034
-0.016803
-0.017532
-0.017887
-0.018160
-0.018132
-0.017809
-0.017270
-0.016885
-0.016964
-0.017241
-0.017095
-0.015983
-0.014806
-0.014181
-0.014231
-0.014574
-0.014927
-0.015174
-0.014426
-0.013162
-0.011861
-0.010500
-0.008966
-0.007527
-0.006550
-0.005363
-0.004598
-0.004706
-0.005145
-0.005866
-0.006434
-0.006779
-0.007216
-0.007634
-0.007983
-0.007971
-0.007812
-0.007732
-0.007383
-0.006960
-0.006973
-0.007372
-0.007518
-0.007742
-0.007575
-0.006529
-0.005579
-0.004693
-0.003903
-0.003362
-0.002743
-0.002111
-0.001830
-0.001635
-0.001268
-0.001059
-0.000378
0.001025
0.002920
0.004906
0.005953
0.006168
0.005597
0.004444
0.003368
0.002652
0.002738
0.003448
0.004932
0.006293
0.006777
0.007225
0.007656
0.008220
0.008905
0.009416
0.009661
0.009853
0.009822
0.009133
0.008106
0.007373
0.007146
0.006487
0.005395
0.004904
0.004913
0.004850
0.005111
0.005796
0.007037
0.008940
0.010384
0.010734
0.010200
0.009576
0.009367
0.008938
0.008268
0.008178
0.008522
0.008824
0.008735
0.007992
0.006519
0.004831
0.003074
0.001253
-0.000190
-0.001743
-0.002618
-0.002958
-0.003823
-0.004163
-0.004607
-0.005530
-0.006443
-0.007484
-0.007248
-0.006286
-0.006252
-0.007544
-0.009984
-0.012123
-0.013424
-0.013735
-0.013074
-0.012626
-0.012630
-0.012940
-0.013851
-0.014639
-0.015218
-0.016421
-0.017745
-0.018580
-0.018762
-0.018512
-0.018420
-0.018791
-0.019406
-0.019968
-0.020404
-0.020334
-0.019559
-0.018796
-0.018282
-0.017420
-0.015937
-0.014024
-0.012197
-0.009927
-0.007829
-0.007601
-0.008936
-0.011104
-0.012552
-0.012292
-0.011180
-0.009940
-0.008607
-0.007104
-0.005779
-0.004801
-0.004216
-0.003951
-0.004099
-0.004560
-0.004818
-0.004570
-0.003833
-0.003074
-0.003127
-0.004008
-0.005327
-0.006474
-0.006384
-0.005807
-0.006244
-0.007753
-0.009557
-0.011186
-0.012461
-0.012930
-0.012774
-0.012125
-0.010872
-0.010120
-0.009893
-0.009217
-0.008454
-0.008625
-0.009750
-0.011178
-0.013021
-0.015034
-0.015812
-0.015713
-0.015983
-0.016142
-0.016233
-0.015911
-0.014838
-0.014031
-0.013690
-0.013295
-0.012545
-0.011537
-0.010772
-0.010102
-0.009135
-0.008237
-0.007292
-0.006643
-0.006466
-0.005974
-0.006062
-0.006555
-0.005672
-0.003757
-0.002149
-0.001280
-0.001412
-0.002770
-0.004355
-0.005902
-0.007675
-0.009325
-0.010718
-0.011979
-0.012970
-0.013631
-0.014219
-0.014377
-0.014840
-0.015768
-0.016247
-0.016535
-0.016336
-0.015928
-0.015892
-0.015487
-0.015575
-0.016357
-0.016651
-0.017152
-0.017509
-0.017133
-0.016518
-0.015592
-0.015053
-0.014379
-0.013323
-0.012382
-0.011070
-0.009606
-0.008049
-0.006584
-0.005737
-0.005122
-0.004547
-0.004241
-0.004009
-0.004271
-0.005293
-0.006466
-0.007683
-0.008786
-0.008900
-0.008926
-0.009154
-0.008370
-0.007218
-0.006181
-0.005735
-0.006504
-0.007848
-0.009333
-0.010935
-0.012427
-0.013699
-0.014722
-0.014984
-0.014462
-0.014075
-0.014553
-0.015144
-0.015290
-0.015239
-0.014426
-0.013551
-0.012530
-0.010920
-0.010817
-0.012364
-0.013722
-0.014350
-0.014580
-0.015708
-0.016397
-0.016864
-0.016742
-0.015939
-0.015588
-0.015871
-0.015749
-0.015009
-0.014050
-0.013086
-0.012560
-0.012596
-0.012588
-0.012541
-0.012913
-0.013319
-0.013363
-0.013885
-0.013756
-0.012087
-0.010337
-0.009374
-0.008934
-0.008178
-0.007239
-0.006457
-0.005652
-0.005437
-0.005560
-0.005266
-0.004869
-0.004704
-0.004676
-0.004232
-0.003675
-0.003203
-0.002481
-0.001940
-0.001445
-0.000898
-0.000843
-0.001059
-0.001428
-0.001923
-0.002538
-0.003280
-0.003626
-0.003463
-0.002679
-0.001657
-0.001112
-0.001076
-0.001498
-0.001860
-0.002176
-0.002553
-0.002732
-0.003015
-0.003136
-0.002927
-0.002597
-0.002422
-0.002586
-0.002483
-0.001750
-0.000651
0.000461
0.001604
0.002639
0.003149
0.003459
0.003698
0.003609
0.003700
0.004213
0.004178
0.003829
0.003641
0.003601
0.003909
0.004072
0.004080
0.003730
0.002874
0.002179
0.002022
0.002278
0.003273
0.004877
0.006153
0.007117
0.008319
0.009794
0.010603
0.010094
0.009065
0.008600
0.008985
0.009805
0.010785
0.011778
0.012752
0.013976
0.015383
0.016704
0.018111
0.019140
0.019719
0.020133
0.019816
0.019237
0.018580
0.017591
0.016833
0.016182
0.015370
0.014386
0.012953
0.011958
0.011998
0.012247
0.012478
0.012966
0.014086
0.015641
0.017002
0.018012
0.018736
0.019763
0.021088
0.021988
0.022980
0.024133
0.024657
0.024820
0.025249
0.025997
0.026553
0.026470
0.026134
0.026293
0.026996
0.027485
0.027354
0.027089
0.027206
0.027799
0.028604
0.029386
0.029727
0.029562
0.028888
0.027763
0.026948
0.026160
0.025344
0.024864
0.023983
0.022770
0.021811
0.021342
0.021222
0.020661
0.019675
0.018493
0.017141
0.016195
0.015890
0.015793
0.015677
0.015261
0.014443
0.013407
0.012146
0.011250
0.010815
0.010502
0.010267
0.009988
0.009655
0.009257
0.008526
0.008046
0.008116
0.008330
0.009130
0.009724
0.009655
0.010064
0.011070
0.012653
0.014502
0.016053
0.017091
0.017160
0.016666
0.016587
0.016976
0.017209
0.017126
0.017202
0.017553
0.017834
0.018143
0.018432
0.018413
0.018010
0.017245
0.016636
0.016495
0.016740
0.017388
0.018229
0.018601
0.018200
0.017767
0.017350
0.016528
0.016182
0.016738
0.017217
0.017234
0.016653
0.015577
0.014741
0.014257
0.014048
0.013621
0.013080
0.012873
0.012757
0.012850
0.012985
0.012771
0.012664
0.012754
0.012831
0.012719
0.012176
0.011952
0.012148
0.012268
0.012095
0.011793
0.011584
0.011091
0.010512
0.010176
0.009748
0.008981
0.008125
0.007647
0.007182
0.007005
0.007392
0.007260
0.007034
0.006867
0.006441
0.006181
0.005741
0.005416
0.005261
0.004875
0.004433
0.004116
0.004135
0.004347
0.004461
0.004395
0.004251
0.004197
0.004239
0.004182
0.004091
0.003810
0.003252
0.003030
0.003385
0.003899
0.004140
0.004074
0.003814
0.003782
0.003590
0.003339
0.003504
0.003265
0.002984
0.002673
0.002308
0.002407
0.002358
0.002138
0.001701
0.000858
-0.000169
-0.000752
-0.000769
-0.000782
-0.000792
-0.000659
0.000025
0.001097
0.002126
0.003148
0.003717
0.003871
0.004002
0.003994
0.004061
0.004030
0.003924
0.003998
0.003937
0.003482
0.002741
0.002346
0.002593
0.003449
0.004308
0.004644
0.004968
0.005331
0.005327
0.005591
0.006102
0.005940
0.005401
0.004820
0.004121
0.003487
0.003098
0.003037
0.003227
0.003288
0.003075
0.002882
0.002859
0.003098
0.003360
0.003402
0.003216
0.002876
0.002430
0.002016
0.001910
0.001805
0.001665
0.001504
0.000987
0.000169
-0.000645
-0.001139
-0.001636
-0.002065
-0.002259
-0.002730
-0.003079
-0.002832
-0.002179
-0.001608
-0.001409
-0.001086
-0.001027
-0.001340
-0.001297
-0.001329
-0.001397
-0.001397
-0.001579
-0.001448
-0.001471
-0.001840
-0.001762
-0.001181
-0.000644
-0.000513
-0.000475
-0.000328
-0.000148
0.000070
0.000313
0.000632
0.000993
0.001101
0.001086
0.001390
0.001612
0.001610
0.002018
0.002665
0.003070
0.003254
0.003123
0.002457
0.001574
0.001075
0.000940
0.000904
0.000685
0.000159
-0.000374
-0.000725
-0.001128
-0.001401
-0.001283
-0.000993
-0.000607
-0.000304
-0.000072
0.000013
0.000044
0.000019
-0.000203
-0.000408
-0.000708
-0.000875
-0.000837
-0.000573
-0.000146
-0.000030
-0.000108
-0.000311
-0.000773
-0.001333
-0.001769
-0.002164
-0.002591
-0.002876
-0.003075
-0.003277
-0.003622
-0.003954
-0.003829
-0.003392
-0.002992
-0.002578
-0.002447
-0.002656
-0.002899
-0.003472
-0.004171
-0.004742
-0.005251
-0.005728
-0.006139
-0.006346
-0.006755
-0.007081
-0.006935
-0.006868
-0.006696
-0.006439
-0.006576
-0.006878
-0.007339
-0.007700
-0.007911
-0.008178
-0.008205
-0.008252
-0.008450
-0.008562
-0.008438
-0.008197
-0.008233
-0.008364
-0.008351
-0.008142
-0.007761
-0.007478
-0.007157
-0.006813
-0.006646
-0.006301
-0.005840
-0.005496
-0.005205
-0.005063
-0.004837
-0.004505
-0.004323
-0.004104
-0.003818
-0.003584
-0.003201
-0.002840
-0.002760
-0.002827
-0.002943
-0.002895
-0.002713
-0.002656
-0.002757
-0.003003
-0.003370
-0.003635
-0.003784
-0.003932
-0.004120
-0.004275
-0.004353
-0.004482
-0.004621
-0.004792
-0.005000
-0.004983
-0.004877
-0.004814
-0.004685
-0.004830
-0.005135
-0.005291
-0.005371
-0.005515
-0.005841
-0.006215
-0.006466
-0.006443
-0.006337
-0.006157
-0.005870
-0.005762
-0.005739
-0.005802
-0.005834
-0.005876
-0.005948
-0.005849
-0.005866
-0.005957
-0.006050
-0.006288
-0.006443
-0.006512
-0.006625
-0.006588
-0.006483
-0.006462
-0.006411
-0.006308
-0.006236
-0.006212
-0.006143
-0.006126
-0.006231
-0.006318
-0.006441
-0.006529
-0.006502
-0.006515
-0.006451
-0.006364
-0.006293
-0.006214
-0.006172
-0.006083
-0.006035
-0.005957
-0.005830
-0.005747
-0.005710
-0.005691
-0.005654
-0.005604
-0.005467
-0.005350
-0.005274
-0.005130
-0.005046
-0.004997
-0.004868
-0.004706
-0.004558
-0.004459
-0.004332
-0.004203
-0.004118
-0.003990
-0.003905
-0.003803
-0.003670
-0.003563
-0.003438
-0.003336
-0.003233
-0.003138
-0.003015
-0.002851
-0.002751
-0.002656
-0.002529
-0.002462
-0.002453
-0.002447
-0.002403
-0.002345
-0.002288
-0.002217
-0.002174
-0.002164
-0.002124
-0.002064
-0.002033
-0.001990
-0.001919
-0.001859
-0.001821
-0.001775
-0.001705
-0.001638
-0.001583
-0.001570
-0.001583
-0.001562
-0.001538
-0.001545
-0.001521
-0.001492
-0.001469
-0.001405
-0.001378
-0.001373
-0.001354
-0.001323
-0.001278
-0.001257
-0.001226
-0.001207
-0.001209
-0.001190
-0.001162
-0.001141
-0.001120
-0.001078
-0.001044
-0.001019
-0.000980
-0.000947
-0.000911
-0.000860
-0.000814
-0.000795
-0.000757
-0.000704
-0.000687
-0.000661
-0.000602
-0.000568
-0.000539
-0.000497
-0.000461
-0.000410
-0.000378
-0.000357
-0.000317
-0.000289
-0.000247
-0.000201
-0.000182
-0.000144
-0.000106
-0.000091
-0.000059
-0.000030
-0.000015
0.000015
0.000046
0.000068
0.000093
0.000118
0.000139
0.000167
0.000197
0.000215
0.000241
0.000270
0.000287
0.000308
0.000330
0.000349
0.000366
0.000385
0.000406
0.000421
0.000435
0.000454
0.000469
0.000482
0.000495
0.000511
0.000524
0.000532
0.000541
0.000549
0.000556
0.000568
0.000577
0.000589
0.000600
0.000609
0.000621
0.000632
0.000640
0.000647
0.000657
0.000664
0.000670
0.000678
0.000685
0.000693
0.000699
0.000706
0.000712
0.000718
0.000725
0.000729
0.000735
0.000740
0.000746
0.000752
0.000756
0.000761
0.000767
0.000771
0.000776
0.000780
0.000786
0.000788
0.000792
0.000795
0.000799
0.000801
0.000805
0.000807
0.000809
0.000811
0.000813
0.000816
0.000816
0.000818
0.000820
0.000822
0.000822
0.000824
0.000824
0.000824
0.000826
0.000826
0.000826
0.000826
0.000826
0.000826
0.000824
