0.003111
0.003098
0.003085
0.003073
0.003061
0.003048
0.003034
0.003020
0.003007
0.002996
0.002985
0.002975
0.002966
0.002958
0.002949
0.002937
0.002924
0.002905
0.002889
0.002877
0.002867
0.002853
0.002841
0.002838
0.002844
0.002857
0.002860
0.002834
0.002789
0.002747
0.002726
0.002719
0.002719
0.002732
0.002754
0.002742
0.002704
0.002707
0.002761
0.002812
0.002827
0.002809
0.002753
0.002667
0.002583
0.002542
0.002545
0.002552
0.002548
0.002550
0.002555
0.002565
0.002620
0.002724
0.002806
0.002743
0.002524
0.002351
0.002330
0.002366
0.002412
0.002515
0.002676
0.002825
0.002890
0.002896
0.002919
0.003018
0.003139
0.003101
0.002940
0.002846
0.002795
0.002653
0.002423
0.002227
0.002165
0.002182
0.002215
0.002336
0.002578
0.002850
0.003028
0.003066
0.003044
0.003040
0.003043
0.002960
0.002719
0.002377
0.002120
0.002211
0.002586
0.003004
0.003486
0.004056
0.004399
0.004406
0.004311
0.004278
0.004280
0.004276
0.004133
0.003597
0.002981
0.002768
0.002691
0.002478
0.002529
0.002882
0.003137
0.003361
0.003845
0.004504
0.005038
0.005266
0.005300
0.005308
0.005338
0.005340
0.005241
0.004960
0.004543
0.004278
0.004278
0.004376
0.004544
0.004798
0.004781
0.004202
0.003140
0.002036
0.001332
0.001073
0.001224
0.002065
0.003717
0.006001
0.008382
0.010193
0.010840
0.010510
0.009809
0.008973
0.008046
0.007335
0.007333
0.008504
0.010025
0.010745
0.011015
0.011501
0.011769
0.011014
0.008986
0.006603
0.004609
0.002619
0.000581
-0.000651
-0.000661
0.000215
0.001574
0.003280
0.005318
0.007167
0.008274
0.008863
0.009450
0.010178
0.010716
0.010792
0.010637
0.010823
0.012020
0.013795
0.015107
0.015619
0.015721
0.015854
0.015989
0.015883
0.015811
0.016139
0.016702
0.016817
0.015742
0.014014
0.012606
0.011482
0.010338
0.009487
0.009047
0.008834
0.008991
0.009764
0.011177
0.012730
0.013759
0.014036
0.013711
0.012956
0.011986
0.011101
0.010743
0.011088
0.011689
0.012305
0.013325
0.014915
0.016699
0.018041
0.018851
0.019587
0.020468
0.021067
0.020309
0.018350
0.017171
0.017126
0.016925
0.016513
0.016821
0.018149
0.019646
0.020301
0.020311
0.020544
0.021717
0.022863
0.021686
0.018501
0.015444
0.013533
0.012450
0.011987
0.012130
0.012990
0.014899
0.017949
0.021829
0.025040
0.025623
0.023756
0.020748
0.016935
0.012646
0.008906
0.006226
0.004679
0.004762
0.006592
0.009917
0.014143
0.018631
0.022710
0.026211
0.029445
0.031872
0.032466
0.031880
0.031084
0.029444
0.027230
0.025844
0.024736
0.022531
0.019492
0.016345
0.013020
0.010006
0.008078
0.006805
0.005748
0.005576
0.006002
0.005931
0.005321
0.004787
0.004483
0.004263
0.004143
0.004221
0.004480
0.004879
0.005639
0.007213
0.009595
0.012191
0.014095
0.015058
0.015456
0.016298
0.017986
0.019270
0.018983
0.016920
0.014011
0.011355
0.009487
0.008614
0.009130
0.010533
0.012069
0.014473
0.017769
0.019431
0.018485
0.016192
0.013311
0.010001
0.007295
0.005976
0.006068
0.007351
0.009663
0.012491
0.015225
0.017575
0.019736
0.021696
0.022725
0.022057
0.019015
0.014269
0.009112
0.004475
0.000850
-0.001285
-0.002364
-0.003188
-0.003784
-0.003216
0.000011
0.005418
0.011016
0.016296
0.021426
0.024867
0.025775
0.025059
0.022995
0.018886
0.013588
0.008756
0.004999
0.001907
-0.000811
-0.003086
-0.004878
-0.006162
-0.007630
-0.010333
-0.013895
-0.016497
-0.015813
-0.012390
-0.008928
-0.005731
-0.001759
0.001772
0.003075
0.001666
-0.000937
-0.003201
-0.005228
-0.007215
-0.008160
-0.008175
-0.008305
-0.007883
-0.005898
-0.003114
-0.000781
0.000685
0.001450
0.001547
0.000818
-0.000464
-0.001616
-0.001885
-0.000929
0.000666
0.002115
0.003015
0.003287
0.002675
0.000857
-0.002267
-0.006765
-0.011529
-0.014701
-0.015800
-0.015354
-0.013512
-0.010482
-0.006948
-0.004407
-0.004219
-0.006587
-0.010162
-0.013198
-0.015809
-0.018609
-0.020420
-0.019895
-0.016716
-0.012082
-0.007482
-0.004044
-0.002083
-0.001163
-0.001064
-0.002345
-0.005418
-0.009406
-0.012055
-0.012681
-0.012317
-0.011729
-0.010654
-0.008310
-0.005493
-0.004628
-0.005658
-0.006952
-0.008547
-0.011246
-0.015024
-0.019290
-0.023513
-0.026876
-0.028659
-0.028587
-0.026795
-0.022983
-0.016915
-0.009291
-0.001767
0.004475
0.008877
0.011245
0.011596
0.010516
0.008683
0.005916
0.001752
-0.003885
-0.010122
-0.015910
-0.020560
-0.023899
-0.025592
-0.025467
-0.023668
-0.020260
-0.016145
-0.012697
-0.009795
-0.007505
-0.008238
-0.012918
-0.020301
-0.029302
-0.039090
-0.047426
-0.052578
-0.053940
-0.051767
-0.045534
-0.033966
-0.018788
-0.005134
0.004620
0.011333
0.016223
0.019794
0.022245
0.024083
0.025702
0.027233
0.028619
0.029736
0.029973
0.028086
0.024363
0.020119
0.016020
0.012258
0.009425
0.007860
0.007760
0.009567
0.013031
0.017034
0.020815
0.024397
0.027914
0.031306
0.034509
0.037444
0.039862
0.041671
0.043189
0.045223
0.047329
0.047564
0.046030
0.044391
0.043295
0.042389
0.041450
0.040293
0.038415
0.035324
0.031192
0.026595
0.020918
0.012592
0.002423
-0.007887
-0.018546
-0.030436
-0.043806
-0.058142
-0.072328
-0.084489
-0.093877
-0.100653
-0.105046
-0.107040
-0.107404
-0.106960
-0.105333
-0.102870
-0.100808
-0.099714
-0.099329
-0.099502
-0.100609
-0.103378
-0.107591
-0.112702
-0.119005
-0.126721
-0.135727
-0.145566
-0.155467
-0.164235
-0.171193
-0.175920
-0.178437
-0.178691
-0.176918
-0.173019
-0.165206
-0.152950
-0.136730
-0.117293
-0.096219
-0.075849
-0.056447
-0.036201
-0.014137
0.008647
0.029666
0.047656
0.062475
0.075664
0.088328
0.099098
0.107201
0.113784
0.120543
0.127805
0.133542
0.136770
0.139314
0.147486
0.165630
0.182377
0.186222
0.180479
0.172906
0.163248
0.144599
0.116924
0.093565
0.080066
0.068200
0.052067
0.033932
0.018438
0.006152
-0.005239
-0.016684
-0.027587
-0.038289
-0.049003
-0.058088
-0.064892
-0.069986
-0.073388
-0.075374
-0.077663
-0.080147
-0.080483
-0.078888
-0.077498
-0.076982
-0.076660
-0.076255
-0.076674
-0.078394
-0.079805
-0.079926
-0.080140
-0.082093
-0.086139
-0.090665
-0.094980
-0.101074
-0.109860
-0.120308
-0.130939
-0.140678
-0.148590
-0.154783
-0.159771
-0.163242
-0.164932
-0.165939
-0.167347
-0.169450
-0.173399
-0.180689
-0.190886
-0.201375
-0.208279
-0.209073
-0.200839
-0.180359
-0.148036
-0.107166
-0.066034
-0.033779
-0.010675
0.007826
0.023303
0.035468
0.044315
0.051760
0.059316
0.065927
0.070400
0.072652
0.073650
0.074358
0.075342
0.077109
0.080407
0.084723
0.088678
0.091436
0.092994
0.093395
0.091669
0.085968
0.077068
0.066701
0.054333
0.039717
0.024021
0.008419
-0.006562
-0.020382
-0.033677
-0.048340
-0.063291
-0.075701
-0.085367
-0.094317
-0.104402
-0.116787
-0.132524
-0.150955
-0.170738
-0.191834
-0.213096
-0.231556
-0.245584
-0.255284
-0.260627
-0.262535
-0.261662
-0.257322
-0.248045
-0.233429
-0.213875
-0.187999
-0.157451
-0.126044
-0.095947
-0.067112
-0.038933
-0.012007
0.011719
0.030427
0.044386
0.055499
0.065749
0.075717
0.084827
0.092586
0.099314
0.106153
0.114584
0.123639
0.132186
0.141197
0.157996
0.195369
0.236617
0.252480
0.246955
0.240796
0.240235
0.239586
0.235791
0.231380
0.228496
0.226461
0.223384
0.217885
0.211205
0.205141
0.199637
0.193884
0.187719
0.181363
0.174967
0.168695
0.162608
0.156218
0.148721
0.138504
0.123577
0.102123
0.071240
0.033603
-0.004980
-0.041796
-0.076429
-0.107398
-0.134379
-0.157885
-0.177784
-0.193012
-0.202489
-0.206857
-0.206741
-0.203866
-0.200267
-0.196839
-0.193574
-0.190193
-0.186095
-0.180829
-0.175486
-0.170970
-0.166474
-0.161622
-0.157456
-0.154985
-0.154200
-0.154488
-0.154442
-0.152467
-0.149638
-0.147957
-0.147349
-0.147293
-0.148975
-0.152883
-0.158641
-0.166303
-0.176276
-0.189032
-0.201985
-0.211042
-0.215479
-0.216778
-0.215053
-0.210354
-0.203218
-0.194637
-0.185841
-0.178099
-0.171844
-0.166862
-0.162347
-0.157589
-0.152562
-0.147598
-0.142916
-0.138282
-0.133119
-0.126744
-0.119109
-0.110631
-0.101660
-0.092140
-0.081979
-0.071408
-0.060787
-0.049539
-0.036314
-0.021320
-0.005591
0.010900
0.027397
0.041700
0.053915
0.065876
0.078391
0.090506
0.100508
0.108875
0.117349
0.126784
0.136671
0.145850
0.153258
0.158257
0.161968
0.165771
0.169382
0.171864
0.172288
0.170441
0.165785
0.156586
0.141923
0.121608
0.099896
0.081668
0.066387
0.051905
0.039216
0.029268
0.021639
0.016053
0.012413
0.010556
0.009705
0.009122
0.008502
0.007946
0.007856
0.007342
0.004221
-0.001891
-0.010008
-0.019803
-0.030901
-0.042636
-0.055108
-0.068392
-0.080905
-0.090987
-0.097741
-0.102427
-0.106347
-0.108825
-0.108788
-0.105391
-0.096559
-0.078164
-0.049331
-0.014964
0.016663
0.043436
0.068789
0.093404
0.115145
0.133702
0.150388
0.165204
0.177585
0.187626
0.195525
0.205339
0.225737
0.248717
0.257827
0.255703
0.254728
0.258461
0.262909
0.265581
0.267558
0.269871
0.271927
0.273074
0.273307
0.273139
0.273021
0.273086
0.273118
0.272635
0.271508
0.269869
0.267858
0.265537
0.262307
0.254957
0.239292
0.216273
0.191249
0.169357
0.149401
0.126592
0.100601
0.073958
0.047089
0.020133
-0.005592
-0.031611
-0.059818
-0.087207
-0.111216
-0.133141
-0.154930
-0.176381
-0.196161
-0.213223
-0.226124
-0.235370
-0.242465
-0.248225
-0.253207
-0.258242
-0.263775
-0.269487
-0.274604
-0.278615
-0.281628
-0.283768
-0.284742
-0.285243
-0.286045
-0.286037
-0.285133
-0.285788
-0.288808
-0.292812
-0.296724
-0.299749
-0.300000
-0.296773
-0.290200
-0.280454
-0.267736
-0.251989
-0.234812
-0.218615
-0.204061
-0.189939
-0.174282
-0.157205
-0.140644
-0.125290
-0.110245
-0.094311
-0.077925
-0.063214
-0.050795
-0.040063
-0.030808
-0.023392
-0.018694
-0.016674
-0.016820
-0.018146
-0.019542
-0.020252
-0.019804
-0.017354
-0.012462
-0.004987
0.005545
0.018609
0.032989
0.047156
0.059823
0.070438
0.079384
0.087152
0.093857
0.099366
0.104117
0.108654
0.112865
0.116908
0.121418
0.126610
0.131968
0.136635
0.140237
0.142858
0.145291
0.148489
0.152903
0.158253
0.164062
0.169810
0.174929
0.178989
0.181882
0.183476
0.184435
0.185497
0.186113
0.185720
0.184809
0.183719
0.182009
0.179653
0.177118
0.174612
0.171925
0.168623
0.164344
0.159146
0.153775
0.148634
0.143262
0.137289
0.130934
0.124911
0.119257
0.112910
0.105463
0.097384
0.089280
0.081407
0.073739
0.066393
0.059918
0.055060
0.051858
0.049295
0.046742
0.044761
0.043995
0.044421
0.045372
0.046675
0.049073
0.052039
0.054233
0.055506
0.056720
0.058550
0.060249
0.060602
0.060015
0.059225
0.057570
0.054816
0.051913
0.049994
0.049220
0.048636
0.047339
0.044901
0.041722
0.038113
0.033537
0.027582
0.020297
0.012555
0.005542
0.000106
-0.003741
-0.006359
-0.007816
-0.007898
-0.007521
-0.007359
-0.006219
-0.003927
-0.001778
0.000429
0.003499
0.006359
0.008442
0.010904
0.013533
0.014976
0.015429
0.015678
0.015362
0.014270
0.013021
0.012331
0.012625
0.014448
0.017312
0.020360
0.023949
0.028852
0.035215
0.042223
0.049101
0.055991
0.063414
0.071594
0.079753
0.086405
0.091456
0.095733
0.099625
0.102876
0.104870
0.106046
0.107146
0.107673
0.107185
0.106403
0.106210
0.106620
0.106511
0.104896
0.101676
0.097898
0.094718
0.091744
0.088231
0.084753
0.082139
0.080524
0.079245
0.077607
0.075344
0.072657
0.070008
0.068109
0.067332
0.066381
0.064541
0.063443
0.063943
0.065230
0.066493
0.067614
0.068647
0.069560
0.070331
0.070951
0.071450
0.071944
0.072307
0.071924
0.070660
0.068628
0.065834
0.061312
0.052547
0.040676
0.028972
0.017917
0.006388
-0.005544
-0.016699
-0.026065
-0.033910
-0.040720
-0.046005
-0.049676
-0.051909
-0.052040
-0.049393
-0.045060
-0.039704
-0.031810
-0.022340
-0.014325
-0.008747
-0.004821
-0.002631
-0.002125
-0.002991
-0.005526
-0.009734
-0.014641
-0.019167
-0.022812
-0.025754
-0.028366
-0.031005
-0.033319
-0.034431
-0.034951
-0.036714
-0.041306
-0.048164
-0.055263
-0.061335
-0.065906
-0.068538
-0.069116
-0.067790
-0.065304
-0.062450
-0.059667
-0.057461
-0.056711
-0.057673
-0.060036
-0.062952
-0.065618
-0.067873
-0.068892
-0.066350
-0.059527
-0.049370
-0.036845
-0.024002
-0.014431
-0.008772
-0.005163
-0.001881
0.001801
0.006246
0.011472
0.017641
0.025336
0.035102
0.047279
0.060952
0.074948
0.089809
0.105622
0.119519
0.130342
0.139917
0.148306
0.154088
0.158052
0.163773
0.175329
0.187786
0.192694
0.191384
0.189865
0.189372
0.185182
0.173324
0.160791
0.154510
0.150122
0.141357
0.126963
0.108747
0.088306
0.067261
0.047458
0.030299
0.014461
-0.001915
-0.017987
-0.032516
-0.045570
-0.056835
-0.064880
-0.069679
-0.072359
-0.073079
-0.071901
-0.069579
-0.068006
-0.068773
-0.072131
-0.076802
-0.081604
-0.087212
-0.094409
-0.102005
-0.108428
-0.112999
-0.116051
-0.118053
-0.119585
-0.120718
-0.120416
-0.118813
-0.116786
-0.114118
-0.109701
-0.102192
-0.092147
-0.080734
-0.067978
-0.053791
-0.039292
-0.024768
-0.009048
0.007094
0.021730
0.034833
0.046986
0.057269
0.065806
0.073311
0.078337
0.080660
0.083173
0.086634
0.089004
0.090001
0.090728
0.091036
0.091056
0.092122
0.094641
0.097979
0.101800
0.105540
0.108118
0.110048
0.112594
0.115783
0.118387
0.118942
0.118002
0.117178
0.117207
0.117965
0.119553
0.122946
0.129289
0.137403
0.145421
0.153176
0.161174
0.168959
0.174654
0.177347
0.178758
0.180377
0.181710
0.182336
0.182721
0.183248
0.183806
0.184182
0.184633
0.185531
0.186687
0.187460
0.186924
0.184775
0.180600
0.173970
0.162242
0.138542
0.108914
0.089078
0.077821
0.063656
0.044290
0.024716
0.007900
-0.006359
-0.018517
-0.029728
-0.040231
-0.047713
-0.051812
-0.054331
-0.056815
-0.059256
-0.060479
-0.060986
-0.062847
-0.067354
-0.073957
-0.080977
-0.087285
-0.092747
-0.098202
-0.104064
-0.109282
-0.113152
-0.115956
-0.118214
-0.119867
-0.120307
-0.119773
-0.119469
-0.119403
-0.118696
-0.117675
-0.117326
-0.118063
-0.119397
-0.120814
-0.122276
-0.123960
-0.125972
-0.127885
-0.128614
-0.127274
-0.123381
-0.116726
-0.107768
-0.096944
-0.085541
-0.074913
-0.065080
-0.055035
-0.043591
-0.031396
-0.019813
-0.008558
0.003188
0.015196
0.027353
0.040077
0.052580
0.063652
0.073237
0.081650
0.088086
0.091729
0.092761
0.092487
0.091554
0.088847
0.084360
0.079042
0.073060
0.065557
0.054898
0.041297
0.026067
0.010419
-0.005189
-0.021173
-0.038009
-0.055798
-0.073641
-0.090248
-0.104623
-0.117149
-0.128527
-0.138502
-0.146090
-0.150589
-0.152417
-0.152035
-0.150482
-0.148963
-0.147940
-0.147545
-0.148223
-0.149503
-0.150081
-0.149116
-0.146870
-0.144247
-0.141161
-0.136424
-0.130046
-0.122886
-0.115040
-0.106647
-0.098422
-0.090619
-0.083081
-0.076180
-0.069521
-0.061210
-0.051013
-0.040409
-0.030765
-0.021982
-0.012828
-0.002742
0.007476
0.015638
0.020607
0.023477
0.025702
0.027498
0.028874
0.030019
0.030657
0.030494
0.029334
0.027077
0.023471
0.018270
0.011844
0.004737
-0.003339
-0.012695
-0.021494
-0.028470
-0.035090
-0.042239
-0.048703
-0.053116
-0.055653
-0.057612
-0.059829
-0.062249
-0.064639
-0.066670
-0.067508
-0.067133
-0.066459
-0.065909
-0.065293
-0.064721
-0.064317
-0.063783
-0.063267
-0.063134
-0.062660
-0.061233
-0.059534
-0.058751
-0.059310
-0.059616
-0.058275
-0.056013
-0.053568
-0.050212
-0.045611
-0.040192
-0.034006
-0.027378
-0.021335
-0.016165
-0.011619
-0.008096
-0.005645
-0.003256
0.000191
0.005044
0.010245
0.015008
0.020037
0.025770
0.031895
0.038682
0.046252
0.053327
0.058825
0.062496
0.064742
0.065935
0.066324
0.065909
0.064026
0.060575
0.055715
0.049041
0.040837
0.032577
0.025720
0.021028
0.018052
0.015952
0.014430
0.013286
0.012129
0.010538
0.008542
0.006822
0.005412
0.003587
0.001865
0.001031
-0.000086
-0.002497
-0.005674
-0.009026
-0.013046
-0.018762
-0.026200
-0.034489
-0.043001
-0.051594
-0.059826
-0.067156
-0.073388
-0.078584
-0.082366
-0.084492
-0.084728
-0.082263
-0.076902
-0.068652
-0.058422
-0.047310
-0.035762
-0.023818
-0.011397
0.001238
0.013436
0.024247
0.033725
0.043136
0.052310
0.059628
0.065117
0.069893
0.074014
0.077351
0.080313
0.083348
0.086612
0.090268
0.094025
0.097254
0.100562
0.104811
0.108887
0.112447
0.117633
0.123824
0.128084
0.130464
0.132522
0.133774
0.132975
0.129786
0.125668
0.121650
0.116465
0.109961
0.103693
0.097964
0.091007
0.080382
0.065654
0.047425
0.027064
0.006405
-0.012358
-0.028405
-0.042232
-0.054227
-0.063736
-0.070128
-0.074246
-0.077797
-0.081374
-0.084082
-0.084957
-0.084144
-0.082798
-0.081303
-0.079037
-0.076684
-0.075279
-0.073816
-0.072283
-0.073340
-0.076687
-0.079688
-0.082062
-0.084578
-0.086283
-0.086291
-0.084992
-0.083901
-0.083289
-0.080972
-0.075498
-0.066581
-0.054779
-0.040634
-0.024065
-0.006068
0.011473
0.027581
0.042219
0.055529
0.067310
0.076590
0.083717
0.089611
0.094157
0.096881
0.097423
0.096826
0.096503
0.096744
0.096813
0.095612
0.093317
0.091119
0.090068
0.090265
0.090789
0.091373
0.092709
0.094061
0.094011
0.092854
0.091169
0.088033
0.083473
0.078786
0.074898
0.071719
0.068867
0.066599
0.065689
0.066316
0.067887
0.069705
0.071715
0.074406
0.077792
0.081420
0.084923
0.088046
0.090442
0.092337
0.094100
0.095427
0.095939
0.095250
0.092493
0.086270
0.076214
0.063219
0.047941
0.032261
0.018721
0.007640
-0.002034
-0.010472
-0.017455
-0.022673
-0.025938
-0.027230
-0.026783
-0.024979
-0.021614
-0.016641
-0.010446
-0.003669
0.002785
0.007744
0.011264
0.014164
0.016956
0.019704
0.022390
0.025531
0.029789
0.034413
0.038375
0.041789
0.044981
0.047315
0.047952
0.046258
0.041637
0.034219
0.024164
0.012238
-0.000428
-0.012941
-0.024392
-0.033380
-0.039850
-0.045167
-0.051719
-0.060449
-0.069857
-0.078900
-0.087924
-0.096903
-0.104817
-0.110345
-0.113557
-0.115198
-0.115874
-0.116250
-0.117477
-0.120080
-0.123821
-0.128245
-0.133279
-0.139314
-0.145903
-0.151394
-0.155076
-0.157166
-0.157973
-0.157551
-0.155603
-0.152760
-0.150122
-0.147860
-0.145438
-0.142375
-0.138908
-0.135564
-0.132332
-0.128783
-0.124547
-0.119918
-0.115568
-0.111284
-0.106441
-0.101425
-0.096621
-0.091402
-0.085975
-0.081390
-0.077411
-0.073314
-0.069500
-0.066584
-0.064744
-0.063808
-0.063576
-0.063903
-0.064513
-0.065065
-0.065236
-0.064902
-0.064394
-0.063856
-0.062914
-0.061838
-0.061315
-0.061211
-0.060996
-0.060553
-0.060315
-0.060450
-0.059909
-0.057944
-0.055251
-0.052495
-0.049512
-0.046524
-0.044204
-0.042841
-0.042311
-0.042767
-0.044105
-0.046192
-0.049504
-0.053977
-0.058645
-0.062461
-0.064996
-0.066821
-0.068471
-0.069625
-0.070200
-0.070619
-0.071183
-0.071865
-0.072561
-0.073495
-0.075200
-0.077830
-0.081071
-0.084438
-0.087500
-0.089760
-0.090958
-0.091022
-0.090191
-0.088422
-0.084716
-0.078955
-0.072239
-0.066522
-0.062718
-0.060148
-0.057985
-0.056153
-0.054537
-0.052943
-0.051682
-0.050623
-0.049067
-0.047304
-0.046105
-0.045379
-0.044638
-0.043911
-0.043723
-0.044518
-0.046227
-0.048383
-0.050505
-0.052236
-0.053176
-0.052994
-0.051756
-0.049745
-0.046794
-0.042173
-0.035838
-0.028925
-0.023269
-0.019259
-0.016321
-0.014889
-0.015662
-0.017800
-0.020005
-0.021965
-0.023839
-0.025354
-0.025690
-0.024957
-0.024445
-0.024580
-0.024783
-0.024856
-0.024724
-0.023614
-0.022085
-0.021829
-0.022664
-0.023264
-0.023319
-0.023459
-0.024412
-0.026791
-0.030673
-0.034804
-0.038810
-0.044293
-0.051605
-0.059289
-0.065825
-0.070712
-0.073814
-0.075407
-0.076139
-0.077454
-0.080222
-0.083765
-0.087237
-0.090616
-0.094431
-0.098242
-0.099918
-0.099376
-0.098747
-0.098342
-0.097003
-0.094947
-0.093062
-0.091388
-0.090128
-0.089818
-0.090040
-0.089681
-0.087773
-0.085128
-0.083034
-0.080778
-0.077205
-0.072551
-0.067523
-0.061986
-0.055414
-0.047728
-0.039340
-0.030964
-0.023447
-0.017328
-0.012775
-0.009451
-0.007068
-0.006075
-0.006197
-0.006335
-0.005339
-0.003178
-0.000973
0.000443
0.000865
0.000459
-0.000589
-0.002205
-0.004175
-0.006076
-0.007308
-0.007365
-0.006149
-0.003299
0.002391
0.010074
0.017833
0.025522
0.033048
0.038532
0.042187
0.045846
0.049369
0.051801
0.053441
0.054862
0.055823
0.055996
0.055721
0.055794
0.056611
0.058011
0.059090
0.059175
0.058782
0.058383
0.057606
0.056663
0.055936
0.054269
0.051145
0.047888
0.044864
0.041016
0.036298
0.031187
0.025041
0.017553
0.009004
-0.000876
-0.012082
-0.023264
-0.032906
-0.039877
-0.043882
-0.045571
-0.046754
-0.048377
-0.049598
-0.049854
-0.049674
-0.050066
-0.051301
-0.052921
-0.054567
-0.056412
-0.058966
-0.062432
-0.066620
-0.070849
-0.074398
-0.077439
-0.080491
-0.083647
-0.086330
-0.087688
-0.088087
-0.088338
-0.088306
-0.087735
-0.086892
-0.085814
-0.084339
-0.082976
-0.082373
-0.082725
-0.083266
-0.083214
-0.083080
-0.083606
-0.084661
-0.085749
-0.086697
-0.087575
-0.088415
-0.089222
-0.090017
-0.090737
-0.091043
-0.090669
-0.089889
-0.089065
-0.088134
-0.086836
-0.085127
-0.083507
-0.082081
-0.079865
-0.075938
-0.069837
-0.062241
-0.053576
-0.042610
-0.028954
-0.013421
0.002631
0.018128
0.032552
0.045750
0.057411
0.067847
0.077742
0.087485
0.097132
0.106548
0.115442
0.123347
0.129922
0.135309
0.139813
0.143897
0.147772
0.150900
0.153304
0.156488
0.160962
0.165784
0.170304
0.174679
0.179165
0.183418
0.186482
0.188046
0.187848
0.184725
0.178570
0.170379
0.161060
0.150408
0.137596
0.122755
0.106867
0.090781
0.074686
0.058578
0.042392
0.025793
0.008974
-0.007230
-0.022568
-0.036944
-0.049441
-0.059584
-0.067238
-0.072400
-0.075239
-0.076969
-0.078645
-0.079909
-0.080265
-0.079957
-0.080029
-0.080888
-0.081626
-0.081045
-0.078070
-0.072298
-0.064067
-0.054015
-0.043190
-0.032691
-0.023426
-0.015634
-0.008391
-0.001242
0.004791
0.009006
0.011796
0.014469
0.017491
0.019741
0.020425
0.019903
0.019765
0.020815
0.022101
0.023274
0.025281
0.028126
0.031339
0.035672
0.041574
0.048439
0.054939
0.060124
0.063942
0.067112
0.070222
0.072587
0.072827
0.070569
0.066277
0.059697
0.051074
0.040885
0.029149
0.015908
0.001472
-0.013545
-0.028707
-0.043821
-0.058704
-0.073114
-0.086081
-0.095543
-0.101226
-0.104192
-0.105154
-0.104408
-0.101722
-0.097272
-0.091508
-0.084878
-0.078176
-0.072629
-0.068663
-0.066034
-0.064182
-0.062571
-0.060874
-0.058133
-0.052714
-0.044754
-0.035419
-0.024891
-0.013633
-0.002965
0.006895
0.016550
0.025866
0.034368
0.041930
0.049069
0.056414
0.064215
0.072573
0.081835
0.092036
0.102497
0.111350
0.117395
0.121225
0.123875
0.125405
0.126153
0.126726
0.126918
0.126755
0.127092
0.128064
0.129227
0.130739
0.132951
0.135874
0.139193
0.142431
0.144786
0.145853
0.145824
0.144835
0.142293
0.137597
0.130930
0.123011
0.114225
0.104377
0.094460
0.085483
0.076364
0.066739
0.058624
0.052989
0.049087
0.046039
0.043561
0.041938
0.041413
0.042373
0.045386
0.049964
0.054429
0.058841
0.064736
0.071219
0.076427
0.080528
0.084454
0.088220
0.091998
0.096299
0.100997
0.105496
0.109415
0.113286
0.117688
0.122153
0.125906
0.128578
0.130700
0.132978
0.135501
0.138220
0.141555
0.145654
0.150186
0.154492
0.158071
0.160759
0.162306
0.161692
0.158366
0.152394
0.144100
0.133696
0.120474
0.104845
0.088208
0.071878
0.056399
0.041755
0.027553
0.013739
0.001283
-0.009264
-0.018559
-0.027601
-0.036681
-0.045347
-0.053350
-0.061167
-0.069136
-0.077158
-0.085317
-0.094129
-0.104200
-0.115281
-0.126478
-0.137400
-0.148046
-0.158119
-0.167278
-0.175312
-0.181915
-0.186453
-0.188983
-0.190077
-0.189617
-0.187563
-0.183654
-0.177743
-0.169113
-0.156060
-0.136101
-0.105722
-0.070212
-0.038036
-0.009472
0.017999
0.042057
0.060971
0.075892
0.088473
0.099389
0.108243
0.115835
0.123525
0.131256
0.138447
0.145448
0.152375
0.158305
0.162298
0.164494
0.166052
0.167802
0.170204
0.176484
0.187888
0.196663
0.195786
0.184810
0.172437
0.167117
0.166672
0.165351
0.161773
0.157235
0.152024
0.146355
0.140850
0.135586
0.130003
0.123644
0.117135
0.111559
0.107518
0.104665
0.102478
0.101063
0.100157
0.097645
0.092467
0.085539
0.076804
0.064872
0.050794
0.036490
0.021697
0.006155
-0.008893
-0.022074
-0.032918
-0.041395
-0.048663
-0.056203
-0.063314
-0.068618
-0.072582
-0.076464
-0.080490
-0.084175
-0.086678
-0.086612
-0.083551
-0.078001
-0.071062
-0.063329
-0.054629
-0.045146
-0.035743
-0.026849
-0.018179
-0.009394
-0.000419
0.008683
0.017802
0.026876
0.036301
0.046241
0.055864
0.064013
0.069501
0.072709
0.074364
0.074038
0.071679
0.068288
0.064888
0.061762
0.058572
0.055727
0.054984
0.056070
0.056816
0.056440
0.055259
0.052758
0.048558
0.042695
0.035150
0.025849
0.015321
0.004501
-0.005882
-0.015282
-0.022986
-0.028484
-0.031972
-0.033610
-0.033266
-0.030469
-0.025967
-0.020617
-0.013638
-0.004914
0.004416
0.013217
0.021349
0.029651
0.038046
0.045164
0.050702
0.055337
0.059243
0.062328
0.064598
0.066455
0.067909
0.067988
0.066044
0.062199
0.057257
0.051941
0.046787
0.042377
0.039367
0.037673
0.036599
0.034957
0.031783
0.026977
0.020958
0.013689
0.005091
-0.004413
-0.013772
-0.021855
-0.027462
-0.030933
-0.033031
-0.033482
-0.031936
-0.028571
-0.024598
-0.021467
-0.019751
-0.019433
-0.020612
-0.022802
-0.025082
-0.026845
-0.028060
-0.029154
-0.030439
-0.031894
-0.033066
-0.033701
-0.034333
-0.035765
-0.038600
-0.041750
-0.043686
-0.045015
-0.046618
-0.047507
-0.047187
-0.046347
-0.045307
-0.043505
-0.040053
-0.035131
-0.029517
-0.023785
-0.018435
-0.014327
-0.011696
-0.010253
-0.009759
-0.010324
-0.011886
-0.014370
-0.018257
-0.022857
-0.026690
-0.029457
-0.031631
-0.033116
-0.033288
-0.031446
-0.028114
-0.024065
-0.018930
-0.012539
-0.005413
0.001776
0.008732
0.015569
0.022200
0.028001
0.032538
0.035799
0.038381
0.040400
0.040687
0.039406
0.037832
0.036323
0.034534
0.032463
0.030709
0.029817
0.029113
0.027942
0.027029
0.027077
0.027814
0.028051
0.026874
0.024529
0.021628
0.018178
0.014281
0.010184
0.005658
0.000558
-0.004667
-0.009145
-0.012413
-0.015813
-0.020188
-0.023953
-0.026293
-0.028141
-0.029939
-0.031191
-0.031523
-0.031549
-0.032298
-0.033744
-0.035243
-0.036566
-0.037903
-0.039442
-0.041030
-0.042444
-0.043780
-0.045022
-0.045625
-0.045551
-0.045081
-0.043834
-0.041320
-0.037613
-0.033404
-0.029278
-0.025256
-0.021060
-0.016357
-0.011636
-0.008127
-0.005731
-0.003421
-0.000789
0.001937
0.004558
0.007087
0.009565
0.012056
0.014582
0.017052
0.019504
0.021921
0.023654
0.024305
0.024459
0.024732
0.024998
0.024742
0.023643
0.021727
0.019124
0.015776
0.012288
0.009289
0.006164
0.002291
-0.001944
-0.005741
-0.008635
-0.010792
-0.012425
-0.013265
-0.013483
-0.013479
-0.012802
-0.011128
-0.009386
-0.008003
-0.006188
-0.003736
-0.001202
0.001184
0.003433
0.005248
0.006493
0.007327
0.008071
0.008536
0.007727
0.005556
0.002852
0.000547
-0.001118
-0.002610
-0.004050
-0.005030
-0.005593
-0.006140
-0.006769
-0.006795
-0.004947
-0.001176
0.003705
0.009115
0.015103
0.022183
0.029885
0.036880
0.041933
0.045089
0.047226
0.048928
0.049866
0.049127
0.046706
0.043826
0.041337
0.039057
0.036334
0.033088
0.030092
0.027699
0.025500
0.023283
0.020906
0.017587
0.012839
0.006753
0.000127
-0.006426
-0.013176
-0.020540
-0.028540
-0.036245
-0.042636
-0.048540
-0.054375
-0.057888
-0.058940
-0.060010
-0.061770
-0.063160
-0.063989
-0.064847
-0.065975
-0.067426
-0.069213
-0.070869
-0.072036
-0.072842
-0.073600
-0.074305
-0.074495
-0.074063
-0.073563
-0.073277
-0.073002
-0.072598
-0.072287
-0.072513
-0.073220
-0.073975
-0.074602
-0.075198
-0.075832
-0.076448
-0.076863
-0.076587
-0.075379
-0.074013
-0.073376
-0.073867
-0.075206
-0.077042
-0.079047
-0.081315
-0.084663
-0.088494
-0.091185
-0.092779
-0.094372
-0.096331
-0.098780
-0.102235
-0.106037
-0.109128
-0.111733
-0.114647
-0.118147
-0.121854
-0.125143
-0.127325
-0.128071
-0.127165
-0.125286
-0.123155
-0.120302
-0.116338
-0.111871
-0.107133
-0.101597
-0.095701
-0.090330
-0.085455
-0.080854
-0.077061
-0.074706
-0.073594
-0.072453
-0.070791
-0.069500
-0.068956
-0.068677
-0.068354
-0.067895
-0.066950
-0.065571
-0.064166
-0.062890
-0.061642
-0.060329
-0.058745
-0.056653
-0.054579
-0.053000
-0.051334
-0.049357
-0.047802
-0.046829
-0.045946
-0.044958
-0.044169
-0.044021
-0.044394
-0.044858
-0.045148
-0.045279
-0.045377
-0.045471
-0.045476
-0.045374
-0.045054
-0.044119
-0.042442
-0.040239
-0.038117
-0.036485
-0.035109
-0.033450
-0.031150
-0.028743
-0.026904
-0.025471
-0.023830
-0.021504
-0.018682
-0.015801
-0.013102
-0.010544
-0.007883
-0.004593
-0.000436
0.003133
0.005079
0.006587
0.008741
0.011073
0.012426
0.012590
0.012730
0.013334
0.013483
0.012557
0.010696
0.008150
0.005193
0.002127
-0.001100
-0.004517
-0.007262
-0.008846
-0.009951
-0.011237
-0.012773
-0.014728
-0.017210
-0.019787
-0.021899
-0.023335
-0.024727
-0.026552
-0.028175
-0.028961
-0.028950
-0.029002
-0.029692
-0.030263
-0.030284
-0.030564
-0.031185
-0.031243
-0.030346
-0.029074
-0.028276
-0.027528
-0.025762
-0.023523
-0.021903
-0.020792
-0.019349
-0.017116
-0.014847
-0.013319
-0.012198
-0.010890
-0.009398
-0.008229
-0.007941
-0.008976
-0.010852
-0.012267
-0.013205
-0.014816
-0.017819
-0.021535
-0.024320
-0.025715
-0.026429
-0.027409
-0.028881
-0.030138
-0.030652
-0.030407
-0.029902
-0.029407
-0.028448
-0.026485
-0.023159
-0.019037
-0.014943
-0.011064
-0.007047
-0.002432
0.002111
0.005661
0.009189
0.013550
0.017497
0.020785
0.024939
0.030190
0.035474
0.040281
0.044476
0.047440
0.049115
0.050095
0.050919
0.051622
0.051793
0.051197
0.050052
0.049196
0.048865
0.048156
0.047108
0.046493
0.045569
0.043382
0.040474
0.037501
0.034087
0.029775
0.024917
0.020531
0.016625
0.012273
0.008017
0.004931
0.002197
-0.000831
-0.002929
-0.004130
-0.005705
-0.007499
-0.008537
-0.008454
-0.007600
-0.006120
-0.003985
-0.001086
0.003046
0.007889
0.012176
0.015726
0.019028
0.021946
0.024338
0.026662
0.029798
0.033926
0.037608
0.040018
0.041933
0.044137
0.046465
0.048220
0.049269
0.050146
0.050900
0.051151
0.051434
0.052418
0.053766
0.054946
0.055954
0.056997
0.057986
0.058501
0.058720
0.059341
0.059836
0.059289
0.058438
0.058043
0.057351
0.055967
0.054423
0.053023
0.051785
0.051033
0.050510
0.049540
0.048469
0.047939
0.047687
0.047445
0.047434
0.047033
0.045545
0.043796
0.042249
0.039852
0.036688
0.033973
0.031999
0.030222
0.028393
0.026665
0.025243
0.024319
0.023900
0.023813
0.024059
0.024898
0.026226
0.027658
0.028955
0.030151
0.031348
0.032568
0.033657
0.034211
0.034382
0.034919
0.035648
0.035930
0.036204
0.037055
0.038229
0.039301
0.040179
0.040739
0.041028
0.041597
0.042676
0.043906
0.044655
0.044733
0.044653
0.044533
0.043690
0.041902
0.039498
0.036655
0.033475
0.030192
0.027211
0.024710
0.022086
0.019229
0.017270
0.016100
0.014556
0.012769
0.011670
0.011600
0.011970
0.012249
0.012741
0.013933
0.015838
0.017865
0.019356
0.020694
0.022326
0.023336
0.023394
0.023746
0.024929
0.026236
0.026863
0.026978
0.027516
0.028681
0.029966
0.031067
0.031923
0.032287
0.032212
0.032060
0.031964
0.031837
0.031697
0.031353
0.030336
0.029137
0.028587
0.028503
0.028145
0.027052
0.025582
0.024348
0.023710
0.023389
0.022562
0.021095
0.019493
0.018023
0.016586
0.015062
0.013706
0.012908
0.012176
0.010974
0.009903
0.009446
0.009309
0.009389
0.010046
0.011422
0.013208
0.015071
0.016908
0.018662
0.020068
0.021179
0.022633
0.024403
0.025703
0.026074
0.025915
0.026175
0.026874
0.027146
0.026875
0.026428
0.025553
0.023896
0.021486
0.019122
0.017395
0.015593
0.013094
0.010273
0.007604
0.005087
0.002603
0.000139
-0.002345
-0.004841
-0.007169
-0.008946
-0.010194
-0.011698
-0.013302
-0.013670
-0.012891
-0.011842
-0.010107
-0.007357
-0.004258
-0.001058
0.002529
0.005990
0.008961
0.012199
0.015965
0.019617
0.022636
0.025287
0.028340
0.031669
0.034422
0.036547
0.038477
0.040127
0.041362
0.042320
0.042917
0.043092
0.043479
0.044267
0.044695
0.044803
0.045237
0.045665
0.045533
0.045021
0.044225
0.042809
0.040957
0.039317
0.038347
0.037590
0.036199
0.034172
0.032016
0.029910
0.027804
0.025736
0.023740
0.021793
0.019906
0.018252
0.017130
0.016117
0.014433
0.011937
0.009195
0.006914
0.004896
0.002364
-0.001011
-0.004781
-0.008034
-0.010611
-0.012926
-0.014941
-0.016531
-0.018313
-0.020011
-0.019953
-0.018261
-0.016568
-0.015828
-0.015533
-0.014604
-0.013025
-0.011569
-0.010851
-0.010786
-0.010863
-0.010817
-0.010894
-0.011878
-0.013737
-0.014894
-0.014829
-0.014679
-0.015636
-0.017566
-0.018889
-0.019409
-0.020828
-0.023417
-0.026034
-0.028219
-0.030344
-0.032673
-0.035052
-0.037289
-0.039427
-0.041574
-0.043703
-0.045537
-0.046740
-0.047540
-0.048370
-0.049308
-0.050179
-0.050762
-0.050796
-0.050180
-0.049219
-0.048244
-0.047198
-0.045711
-0.043431
-0.040332
-0.036750
-0.032986
-0.028761
-0.023802
-0.019183
-0.015800
-0.013083
-0.010022
-0.006255
-0.002186
0.001602
0.004619
0.006808
0.008294
0.009420
0.010386
0.010873
0.010837
0.010666
0.010292
0.009303
0.007905
0.006369
0.004268
0.001588
-0.001056
-0.003129
-0.004638
-0.005934
-0.007253
-0.008519
-0.009353
-0.009579
-0.009514
-0.009947
-0.011630
-0.013512
-0.014145
-0.013834
-0.013768
-0.014608
-0.015976
-0.017197
-0.017832
-0.017747
-0.016791
-0.015093
-0.012881
-0.010451
-0.007691
-0.003732
0.001302
0.006381
0.011204
0.015783
0.019284
0.021588
0.023660
0.026047
0.028514
0.030798
0.032764
0.034047
0.034492
0.034244
0.033686
0.033128
0.032621
0.032112
0.031585
0.031067
0.030437
0.029310
0.027752
0.026294
0.025417
0.025052
0.024493
0.023391
0.021988
0.020597
0.019159
0.017224
0.014703
0.012009
0.009664
0.007826
0.005866
0.003652
0.002306
0.001764
0.000948
0.000307
0.000664
0.001319
0.001900
0.003280
0.005238
0.006863
0.008429
0.010524
0.013030
0.015507
0.017691
0.019376
0.020593
0.021556
0.022214
0.022209
0.021385
0.020033
0.018568
0.016926
0.014714
0.012087
0.009513
0.007151
0.004816
0.002317
-0.000200
-0.002568
-0.004941
-0.007433
-0.009908
-0.012316
-0.014745
-0.017166
-0.019526
-0.021858
-0.023908
-0.025165
-0.025416
-0.025016
-0.024565
-0.024263
-0.023926
-0.023491
-0.022923
-0.021905
-0.020401
-0.018815
-0.017717
-0.017203
-0.016473
-0.015159
-0.013959
-0.014094
-0.015942
-0.017675
-0.018352
-0.019617
-0.021607
-0.022672
-0.023059
-0.023865
-0.024583
-0.024349
-0.023243
-0.022297
-0.022144
-0.022355
-0.022207
-0.021313
-0.020004
-0.018888
-0.018417
-0.018510
-0.018763
-0.018923
-0.018986
-0.019085
-0.019274
-0.019490
-0.019687
-0.019682
-0.018732
-0.016892
-0.015808
-0.015755
-0.015290
-0.013957
-0.012592
-0.012006
-0.012033
-0.012002
-0.011359
-0.009956
-0.008177
-0.006402
-0.004640
-0.002812
-0.001082
0.000085
0.000599
0.000944
0.001693
0.003095
0.004787
0.006170
0.006758
0.006768
0.006683
0.006399
0.005597
0.004378
0.003109
0.001982
0.000897
-0.000283
-0.001521
-0.002737
-0.003968
-0.005525
-0.007462
-0.008746
-0.008796
-0.008340
-0.007599
-0.005919
-0.003821
-0.002163
-0.000456
0.001586
0.003317
0.004864
0.006778
0.008587
0.009764
0.010502
0.011191
0.011908
0.012660
0.013068
0.012079
0.009983
0.007939
0.006247
0.004265
0.001149
-0.002287
-0.004510
-0.006039
-0.008141
-0.010675
-0.013021
-0.015194
-0.017405
-0.019491
-0.020984
-0.022123
-0.023804
-0.025841
-0.027397
-0.028521
-0.029746
-0.031218
-0.032703
-0.033943
-0.034645
-0.034936
-0.035564
-0.036735
-0.037914
-0.038524
-0.038508
-0.038275
-0.037882
-0.036855
-0.035305
-0.033653
-0.031718
-0.029503
-0.027622
-0.025926
-0.023707
-0.021022
-0.018350
-0.015775
-0.013192
-0.010746
-0.008884
-0.007524
-0.005786
-0.003878
-0.003067
-0.003269
-0.003465
-0.003308
-0.003535
-0.005041
-0.006737
-0.007361
-0.008146
-0.009830
-0.010763
-0.010384
-0.009768
-0.009498
-0.008939
-0.006943
-0.004106
-0.001718
0.000828
0.004379
0.008071
0.011118
0.013772
0.016112
0.017900
0.019324
0.020553
0.021316
0.021930
0.023022
0.024504
0.025762
0.026239
0.026131
0.025915
0.025773
0.025502
0.024660
0.023324
0.021894
0.020499
0.019077
0.017671
0.016278
0.014785
0.013280
0.011910
0.010582
0.009182
0.007748
0.006389
0.005124
0.003910
0.002337
-0.000454
-0.003913
-0.006771
-0.009017
-0.011496
-0.014769
-0.018268
-0.020986
-0.022668
-0.023637
-0.024083
-0.024223
-0.024181
-0.023420
-0.021643
-0.019833
-0.018475
-0.016779
-0.014762
-0.013239
-0.012245
-0.011233
-0.009982
-0.008651
-0.007481
-0.006734
-0.006764
-0.008133
-0.010231
-0.011879
-0.013222
-0.015015
-0.017293
-0.019351
-0.020602
-0.021753
-0.023564
-0.025368
-0.026522
-0.027309
-0.027881
-0.027975
-0.027706
-0.027469
-0.027512
-0.028245
-0.030027
-0.031981
-0.033324
-0.034639
-0.036251
-0.037568
-0.038337
-0.038930
-0.039711
-0.040385
-0.040350
-0.040137
-0.040361
-0.040054
-0.038809
-0.037778
-0.037114
-0.035891
-0.034160
-0.032407
-0.030289
-0.027655
-0.025028
-0.023006
-0.021613
-0.020390
-0.019066
-0.017603
-0.015729
-0.013110
-0.009674
-0.006049
-0.003137
-0.000810
0.001591
0.004204
0.006805
0.009201
0.010913
0.011339
0.010557
0.009263
0.008047
0.006931
0.005580
0.003713
0.001206
-0.002062
-0.005607
-0.008715
-0.011823
-0.015475
-0.018889
-0.021356
-0.023097
-0.024939
-0.027090
-0.028483
-0.028473
-0.027366
-0.025913
-0.024316
-0.021763
-0.018133
-0.014644
-0.011819
-0.009017
-0.005547
-0.001601
0.001864
0.004402
0.006187
0.007656
0.009257
0.011468
0.013782
0.014914
0.015628
0.017327
0.018953
0.019459
0.019865
0.020988
0.022309
0.022939
0.022974
0.023450
0.024606
0.025760
0.026283
0.026166
0.025816
0.025536
0.025443
0.025726
0.026491
0.027472
0.028186
0.028314
0.028697
0.030052
0.031108
0.030885
0.030157
0.029707
0.029395
0.028948
0.028422
0.027946
0.027542
0.027114
0.026242
0.024888
0.023917
0.023887
0.024593
0.025227
0.025254
0.024961
0.024732
0.024481
0.023845
0.022644
0.021130
0.019620
0.018183
0.016793
0.015358
0.013459
0.011126
0.009308
0.008231
0.007156
0.005458
0.003458
0.002357
0.001935
0.000563
-0.001904
-0.004443
-0.006757
-0.009122
-0.011560
-0.014009
-0.016535
-0.019148
-0.021593
-0.023395
-0.024888
-0.026651
-0.028053
-0.028408
-0.028096
-0.027808
-0.027526
-0.026484
-0.024160
-0.020748
-0.016917
-0.013081
-0.008944
-0.004158
0.000965
0.005984
0.010744
0.014832
0.017647
0.019292
0.020455
0.021636
0.022900
0.024049
0.024719
0.024801
0.024602
0.024423
0.024304
0.024177
0.024026
0.023863
0.023463
0.022354
0.020692
0.018859
0.016647
0.013732
0.009957
0.005391
0.000402
-0.003791
-0.006942
-0.010683
-0.015328
-0.019472
-0.022439
-0.024600
-0.026177
-0.027344
-0.028417
-0.029517
-0.030566
-0.031536
-0.032284
-0.032406
-0.031977
-0.031306
-0.030258
-0.028760
-0.027011
-0.024679
-0.021070
-0.016374
-0.011323
-0.006215
-0.000856
0.004891
0.010513
0.015556
0.020254
0.024730
0.028437
0.030834
0.032060
0.032946
0.034031
0.034979
0.034691
0.032743
0.030929
0.030166
0.028815
0.026488
0.024438
0.022674
0.020605
0.018758
0.017284
0.015336
0.012468
0.009201
0.006486
0.004457
0.002601
0.000591
-0.001534
-0.003696
-0.005461
-0.005916
-0.005439
-0.005011
-0.004480
-0.003408
-0.002006
-0.000431
0.001457
0.003214
0.004568
0.006215
0.007952
0.008624
0.008672
0.009283
0.010439
0.011308
0.011360
0.010966
0.010666
0.010507
0.010353
0.010224
0.010168
0.009918
0.008683
0.006334
0.003738
0.001938
0.001203
0.000206
-0.002021
-0.004749
-0.006955
-0.008460
-0.010038
-0.012067
-0.013757
-0.014529
-0.014533
-0.014266
-0.014026
-0.013812
-0.013551
-0.013207
-0.012851
-0.012584
-0.012367
-0.012323
-0.012965
-0.014238
-0.015351
-0.015059
-0.013398
-0.012338
-0.012679
-0.013467
-0.013901
-0.014040
-0.014199
-0.014465
-0.014792
-0.015099
-0.015309
-0.015408
-0.015288
-0.014555
-0.013034
-0.010852
-0.008423
-0.006073
-0.003811
-0.001544
0.000672
0.002544
0.004090
0.005922
0.007840
0.008704
0.008240
0.007116
0.005956
0.004725
0.003004
0.001113
-0.000320
-0.001381
-0.002470
-0.003624
-0.004449
-0.004544
-0.003873
-0.002933
-0.002511
-0.002368
-0.001594
-0.000211
0.001018
0.001519
0.001990
0.003689
0.006046
0.007789
0.008989
0.010334
0.011970
0.013636
0.015312
0.017468
0.019833
0.021046
0.021360
0.022182
0.023668
0.024782
0.024448
0.023292
0.022589
0.022060
0.020876
0.019215
0.017608
0.016172
0.015058
0.014472
0.014187
0.013886
0.013568
0.013272
0.013149
0.013965
0.015574
0.016330
0.015904
0.015335
0.015061
0.014835
0.014614
0.014498
0.014528
0.014952
0.015922
0.017138
0.018276
0.019345
0.020519
0.021852
0.023181
0.024598
0.026531
0.028580
0.029882
0.030286
0.030435
0.031091
0.032209
0.033228
0.033711
0.033688
0.033505
0.033179
0.032349
0.031097
0.029536
0.027045
0.023772
0.020849
0.018562
0.016360
0.013979
0.011568
0.009280
0.007271
0.005812
0.005139
0.005069
0.005129
0.005076
0.005161
0.006167
0.008177
0.010040
0.011436
0.013249
0.015769
0.018317
0.020041
0.021044
0.022036
0.023261
0.024510
0.025671
0.026647
0.027137
0.027487
0.028239
0.028935
0.029040
0.028823
0.028701
0.028769
0.029189
0.030075
0.031202
0.032016
0.031999
0.031447
0.030948
0.030611
0.030188
0.029470
0.028577
0.027757
0.027194
0.026621
0.025300
0.023353
0.021488
0.019948
0.018350
0.016098
0.013340
0.010750
0.008813
0.007349
0.005573
0.003462
0.001793
0.000705
-0.000287
-0.001468
-0.002747
-0.003943
-0.004833
-0.005374
-0.006059
-0.007235
-0.008692
-0.009786
-0.010175
-0.010692
-0.011692
-0.011932
-0.011537
-0.012033
-0.013111
-0.013523
-0.013352
-0.013275
-0.013286
-0.012834
-0.011812
-0.010925
-0.010578
-0.010428
-0.009831
-0.008609
-0.007550
-0.006981
-0.006094
-0.004878
-0.004079
-0.003444
-0.002336
-0.000913
0.000137
0.000459
0.000812
0.001734
0.002417
0.002151
0.001099
0.000217
-0.000178
-0.001409
-0.003998
-0.006852
-0.009266
-0.011405
-0.013242
-0.014635
-0.015787
-0.017229
-0.019140
-0.020521
-0.020680
-0.020225
-0.019932
-0.019885
-0.019805
-0.019465
-0.018601
-0.017281
-0.015891
-0.014981
-0.014505
-0.013252
-0.010567
-0.006933
-0.003424
-0.000677
0.001656
0.004093
0.006685
0.009004
0.010647
0.011833
0.013012
0.014318
0.015361
0.015620
0.015440
0.015288
0.014695
0.013656
0.013037
0.012687
0.011727
0.010167
0.008414
0.006276
0.003690
0.001098
-0.000864
-0.002321
-0.004245
-0.006583
-0.008474
-0.010142
-0.012299
-0.014870
-0.017128
-0.018423
-0.018870
-0.019067
-0.019694
-0.020616
-0.021007
-0.020809
-0.020680
-0.021172
-0.022017
-0.022371
-0.022174
-0.021936
-0.021816
-0.021495
-0.020520
-0.019346
-0.018748
-0.018204
-0.016956
-0.015379
-0.013982
-0.012639
-0.011239
-0.009900
-0.008559
-0.007330
-0.006750
-0.006722
-0.006824
-0.007256
-0.008221
-0.009355
-0.010113
-0.010350
-0.010711
-0.011479
-0.011904
-0.011734
-0.011500
-0.011432
-0.011387
-0.011398
-0.011738
-0.012616
-0.013559
-0.014145
-0.014933
-0.016114
-0.016941
-0.017460
-0.018300
-0.019105
-0.019368
-0.019390
-0.019530
-0.019702
-0.019791
-0.019689
-0.019011
-0.017792
-0.016523
-0.015771
-0.015344
-0.013964
-0.011615
-0.009713
-0.008570
-0.007583
-0.006900
-0.006597
-0.005971
-0.005094
-0.004851
-0.005657
-0.007059
-0.008449
-0.009978
-0.012154
-0.014738
-0.017217
-0.019574
-0.021961
-0.024261
-0.026115
-0.027563
-0.029335
-0.031460
-0.033112
-0.034572
-0.036453
-0.037795
-0.037915
-0.037555
-0.037438
-0.037495
-0.037480
-0.037372
-0.037123
-0.036204
-0.034202
-0.032427
-0.031717
-0.030528
-0.028265
-0.026244
-0.024999
-0.023772
-0.021791
-0.019649
-0.018686
-0.018482
-0.017759
-0.016446
-0.015329
-0.014976
-0.015109
-0.015241
-0.015279
-0.015306
-0.015294
-0.015212
-0.015127
-0.015107
-0.015293
-0.016005
-0.017162
-0.018438
-0.019995
-0.021966
-0.023691
-0.024801
-0.025757
-0.027203
-0.029194
-0.030933
-0.032017
-0.032866
-0.033888
-0.035049
-0.036152
-0.036981
-0.037209
-0.037257
-0.037959
-0.039237
-0.040346
-0.040695
-0.040498
-0.040289
-0.040228
-0.040049
-0.039286
-0.038000
-0.036748
-0.035952
-0.035432
-0.034148
-0.032111
-0.030954
-0.030691
-0.029891
-0.028318
-0.026871
-0.026225
-0.025588
-0.023765
-0.021363
-0.019564
-0.018373
-0.017396
-0.016657
-0.015521
-0.013539
-0.012025
-0.011762
-0.011905
-0.011760
-0.011512
-0.011408
-0.011373
-0.011299
-0.011231
-0.011440
-0.012625
-0.014641
-0.015911
-0.015930
-0.015595
-0.015581
-0.015824
-0.016062
-0.016405
-0.017159
-0.017984
-0.018344
-0.018314
-0.018427
-0.019123
-0.019904
-0.020055
-0.019736
-0.019637
-0.020310
-0.021454
-0.022471
-0.023284
-0.024080
-0.024839
-0.025263
-0.025121
-0.024994
-0.025481
-0.026324
-0.026853
-0.026693
-0.026423
-0.026757
-0.027607
-0.028312
-0.028318
-0.028471
-0.029712
-0.030875
-0.030807
-0.030100
-0.029612
-0.029366
-0.029119
-0.028820
-0.028417
-0.027943
-0.027440
-0.026622
-0.025093
-0.022673
-0.019727
-0.016775
-0.013964
-0.011194
-0.008463
-0.005606
-0.002254
0.000580
0.001692
0.002519
0.004651
0.007412
0.009286
0.009816
0.010477
0.012120
0.013348
0.013799
0.014821
0.016085
0.016545
0.017208
0.018601
0.019246
0.018706
0.018222
0.019105
0.020851
0.021583
0.021100
0.020566
0.020451
0.020772
0.022138
0.023970
0.024768
0.024550
0.024614
0.026097
0.028205
0.029185
0.029070
0.028950
0.029106
0.029243
0.029310
0.029386
0.029437
0.029434
0.029419
0.029411
0.029371
0.029243
0.029082
0.028629
0.027049
0.024977
0.024041
0.024195
0.024199
0.023297
0.021839
0.020362
0.018654
0.016476
0.014434
0.012975
0.011759
0.010100
0.007927
0.006483
0.005998
0.004792
0.002922
0.002072
0.002276
0.002441
0.002297
0.002160
0.002249
0.003131
0.004836
0.005916
0.005803
0.005549
0.006308
0.008109
0.009832
0.010919
0.011890
0.013373
0.015358
0.017127
0.018314
0.019273
0.020301
0.021339
0.022339
0.023504
0.025181
0.026849
0.027607
0.028246
0.029665
0.030739
0.030673
0.030201
0.030035
0.030206
0.030781
0.031401
0.031071
0.030376
0.030665
0.031448
0.031841
0.032357
0.033139
0.033432
0.033190
0.032964
0.032875
0.032737
0.032518
0.032303
0.032136
0.032038
0.031970
0.031772
0.031137
0.029921
0.028431
0.027195
0.026633
0.026230
0.025204
0.023689
0.022388
0.021795
0.021144
0.019420
0.017611
0.016823
0.016197
0.014408
0.011183
0.008073
0.006368
0.005394
0.004160
0.002654
0.001222
-0.000079
-0.001322
-0.002552
-0.003738
-0.004335
0.001095
0.001871
0.002143
0.002585
0.003408
0.003958
0.004358
0.005359
0.007339
0.009624
0.011233
0.012203
0.013155
0.014389
0.015945
0.017946
0.019951
0.021368
0.022416
0.023570
0.024874
0.026189
0.027389
0.028042
0.028172
0.028712
0.029948
0.031128
0.031202
0.030293
0.030116
0.030969
0.031369
0.030934
0.030465
0.030305
0.030223
0.030096
0.029908
0.029621
0.029311
0.029070
0.028870
0.028662
0.028329
0.027499
0.026074
0.024508
0.023117
0.021811
0.020409
0.019046
0.018224
0.017954
0.017769
0.017404
0.016944
0.016562
0.016274
0.016002
0.015701
0.015501
0.015775
0.016601
0.017608
0.018240
0.018172
0.017765
0.017633
0.018176
0.018908
0.018984
0.018535
0.018319
0.018888
0.019778
0.020030
0.019700
0.019430
0.019327
0.019363
0.019915
0.020665
0.020884
0.020625
0.020534
0.021131
0.021933
0.022124
0.021820
0.021419
0.020681
0.019902
0.019995
0.020550
0.020589
0.020203
0.020101
0.020553
0.020674
0.019768
0.018738
0.018388
0.018329
0.018104
0.017801
0.017541
0.017265
0.016940
0.016605
0.016285
0.015973
0.015638
0.015240
0.014813
0.014499
0.014510
0.014783
0.014732
0.014204
0.013713
0.013682
0.013913
0.013501
0.012461
0.012077
0.012358
0.012232
0.011577
0.010968
0.010577
0.010235
0.009873
0.009499
0.009101
0.008702
0.007949
0.006432
0.005471
0.006199
0.007122
0.006937
0.006271
0.005905
0.005736
0.005428
0.004999
0.004641
0.004353
0.004013
0.003660
0.003247
0.002427
0.001412
0.000765
0.000127
-0.000826
-0.001160
-0.000852
-0.001189
-0.002146
-0.002716
-0.002780
-0.002804
-0.002887
-0.002960
-0.003079
-0.003229
-0.003338
-0.003412
-0.003522
-0.003684
-0.003793
-0.003814
-0.003901
-0.004107
-0.004330
-0.004479
-0.004578
-0.004739
-0.005277
-0.006514
-0.007523
-0.007459
-0.007380
-0.008073
-0.008744
-0.008901
-0.008994
-0.009472
-0.010199
-0.010780
-0.011080
-0.011258
-0.011697
-0.012430
-0.012900
-0.012934
-0.012879
-0.012937
-0.013033
-0.013090
-0.013146
-0.013224
-0.013097
-0.012655
-0.012311
-0.012466
-0.013116
-0.013392
-0.012594
-0.011667
-0.011434
-0.011252
-0.010605
-0.009864
-0.009545
-0.009657
-0.009830
-0.009597
-0.008722
-0.008068
-0.008297
-0.008524
-0.008188
-0.007937
-0.008124
-0.008404
-0.008514
-0.008531
-0.008586
-0.008693
-0.008892
-0.009368
-0.010151
-0.010994
-0.011597
-0.011812
-0.011826
-0.011872
-0.011977
-0.012072
-0.012135
-0.012172
-0.012175
-0.012157
-0.012040
-0.011678
-0.011303
-0.011177
-0.010945
-0.010541
-0.010712
-0.011537
-0.012295
-0.012333
-0.011885
-0.011905
-0.012424
-0.012711
-0.012615
-0.012507
-0.012576
-0.012917
-0.013690
-0.014431
-0.014655
-0.014760
-0.015196
-0.015857
-0.016461
-0.016992
-0.017713
-0.018604
-0.019238
-0.019441
-0.019377
-0.019250
-0.019294
-0.019860
-0.020611
-0.020819
-0.020536
-0.020326
-0.020513
-0.020817
-0.020754
-0.020286
-0.019705
-0.019297
-0.019076
-0.018883
-0.018647
-0.018399
-0.018170
-0.017886
-0.017386
-0.016819
-0.016446
-0.016103
-0.015605
-0.015161
-0.014834
-0.014445
-0.014159
-0.014219
-0.014487
-0.014644
-0.014529
-0.014272
-0.014117
-0.014319
-0.014709
-0.014775
-0.014574
-0.014523
-0.014662
-0.014796
-0.014885
-0.014968
-0.015016
-0.015016
-0.014994
-0.014968
-0.014932
-0.014864
-0.014706
-0.014453
-0.014232
-0.014053
-0.013768
-0.013380
-0.013002
-0.012656
-0.012300
-0.011940
-0.011656
-0.011459
-0.011128
-0.010591
-0.010099
-0.009766
-0.009472
-0.009140
-0.008768
-0.008315
-0.007829
-0.007462
-0.007249
-0.007094
-0.006869
-0.006565
-0.006261
-0.006041
-0.005910
-0.005793
-0.005616
-0.005348
-0.005036
-0.004750
-0.004548
-0.004397
-0.004180
-0.003882
-0.003590
-0.003380
-0.003260
-0.003217
-0.003157
-0.002955
-0.002644
-0.002351
-0.002147
-0.002001
-0.001860
-0.001740
-0.001653
-0.001493
-0.001246
-0.001066
-0.000939
-0.000719
-0.000407
-0.000108
0.000143
0.000381
0.000635
0.000895
0.001144
0.001383
0.001616
0.001843
0.002064
0.002285
0.002530
0.002786
0.002998
0.003149
0.003274
0.003443
0.003660
0.003853
0.004016
0.004189
0.004359
0.004496
0.004612
0.004728
0.004855
0.005008
0.005181
0.005338
0.005466
0.005574
0.005665
0.005741
0.005831
0.005933
0.006001
0.006038
0.006082
0.006134
0.006172
0.006187
0.006187
0.006182
0.006177
0.006168
0.006156
0.006143
0.006126
0.006105
0.006077
0.006032
0.005981
0.005947
0.005925
0.005899
0.005866
0.005832
0.005790
0.005742
0.005695
0.005658
0.005626
0.005583
0.005532
0.005487
0.005444
0.005395
0.005343
0.005290
0.005233
0.005171
0.005107
0.005041
0.004974
0.004905
0.004833
0.004760
0.004685
0.004609
0.004531
0.004450
0.004366
0.004282
0.004196
0.004112
0.004027
0.003941
0.003852
0.003761
0.003670
0.003578
0.003487
0.003393
0.003297
0.003200
0.003103
0.003005
0.002906
0.002805
0.002704
0.002601
0.002498
0.002395
0.002290
0.002183
0.002077
0.001969
0.001861
0.001752
0.001643
0.001533
0.001424
0.001312
0.001201
0.001089
0.000977
0.000864
0.000751
0.000637
0.000524
0.000410
0.000295
0.000181
0.000066
-0.000049
-0.000164
-0.000280
-0.000396
-0.000511
-0.000627
-0.000744
-0.000859
-0.000976
-0.001092
