-0.001372
-0.001721
-0.001425
-0.000545
-0.000668
-0.000685
-0.000715
-0.000756
-0.000802
-0.000850
-0.000898
-0.000945
-0.000984
-0.001017
-0.001041
-0.001053
-0.001051
-0.001036
-0.001013
-0.000979
-0.000949
-0.000922
-0.000890
-0.000857
-0.000831
-0.000809
-0.000791
-0.000779
-0.000774
-0.000773
-0.000768
-0.000754
-0.000730
-0.000701
-0.000663
-0.000615
-0.000578
-0.000565
-0.000568
-0.000572
-0.000567
-0.000561
-0.000565
-0.000577
-0.000576
-0.000563
-0.000555
-0.000547
-0.000553
-0.000589
-0.000637
-0.000676
-0.000703
-0.000716
-0.000729
-0.000756
-0.000768
-0.000748
-0.000735
-0.000745
-0.000750
-0.000729
-0.000686
-0.000659
-0.000677
-0.000697
-0.000687
-0.000687
-0.000725
-0.000771
-0.000785
-0.000802
-0.000847
-0.000877
-0.000885
-0.000881
-0.000821
-0.000705
-0.000604
-0.000586
-0.000596
-0.000543
-0.000491
-0.000558
-0.000685
-0.000715
-0.000659
-0.000645
-0.000620
-0.000510
-0.000412
-0.000406
-0.000462
-0.000543
-0.000618
-0.000655
-0.000692
-0.000818
-0.001016
-0.001177
-0.001268
-0.001269
-0.001199
-0.001184
-0.001221
-0.001214
-0.001202
-0.001187
-0.001084
-0.000934
-0.000843
-0.000834
-0.000799
-0.000654
-0.000433
-0.000211
-0.000144
-0.000266
-0.000338
-0.000180
0.000002
-0.000139
-0.000518
-0.000815
-0.000975
-0.001058
-0.001070
-0.001097
-0.001132
-0.000967
-0.000673
-0.000623
-0.000883
-0.001303
-0.001854
-0.002378
-0.002519
-0.002173
-0.001633
-0.001123
-0.000710
-0.000472
-0.000337
-0.000290
-0.000428
-0.000633
-0.000820
-0.001000
-0.000956
-0.000566
-0.000079
0.000399
0.000988
0.001427
0.001211
0.000438
-0.000223
-0.000363
-0.000225
-0.000253
-0.000404
-0.000270
0.000180
0.000652
0.001043
0.001404
0.001627
0.001700
0.001874
0.002178
0.002417
0.002448
0.002287
0.002167
0.002017
0.001353
0.000307
-0.000336
-0.000370
-0.000248
-0.000355
-0.000458
-0.000204
0.000057
-0.000113
-0.000549
-0.000791
-0.000828
-0.000908
-0.000587
0.000438
0.001585
0.002323
0.002535
0.002195
0.001337
0.000340
-0.000317
-0.000797
-0.001665
-0.002933
-0.004253
-0.005569
-0.006602
-0.006910
-0.006729
-0.006300
-0.005198
-0.003401
-0.001533
0.000147
0.001477
0.002001
0.001659
0.000967
0.000486
0.000419
0.000644
0.001001
0.001622
0.002527
0.002928
0.002201
0.000678
-0.001027
-0.002523
-0.003753
-0.004753
-0.005112
-0.004073
-0.001703
0.000831
0.002849
0.004581
0.006009
0.006767
0.006769
0.006264
0.005535
0.004690
0.003660
0.002644
0.002191
0.002249
0.002155
0.001751
0.001281
0.000955
0.000984
0.001369
0.002083
0.003038
0.003671
0.003574
0.003028
0.002382
0.001842
0.001274
0.000166
-0.001375
-0.002724
-0.003463
-0.003376
-0.002689
-0.001726
-0.000353
0.001338
0.002459
0.002237
0.000982
-0.000536
-0.002181
-0.003810
-0.005059
-0.006164
-0.007292
-0.008128
-0.008325
-0.007975
-0.007846
-0.008222
-0.008219
-0.007480
-0.006401
-0.004681
-0.002462
-0.001189
-0.001209
-0.001185
-0.000908
-0.001615
-0.003129
-0.004361
-0.005561
-0.006741
-0.007382
-0.008019
-0.008460
-0.007537
-0.005624
-0.003868
-0.002172
-0.000356
0.000826
0.001310
0.001627
0.001425
0.000571
-0.000214
-0.000881
-0.001612
-0.001704
-0.000759
0.000558
0.001327
0.001358
0.001108
0.000412
-0.001027
-0.002761
-0.004658
-0.006783
-0.008011
-0.007143
-0.004946
-0.002819
-0.000547
0.002214
0.004993
0.007607
0.008985
0.008382
0.007098
0.006256
0.005852
0.005526
0.005231
0.005210
0.005162
0.004547
0.003719
0.003626
0.004744
0.006942
0.009689
0.011684
0.011184
0.007388
0.001030
-0.006114
-0.012558
-0.017652
-0.020683
-0.021114
-0.019157
-0.015919
-0.012811
-0.010117
-0.007467
-0.004765
-0.002113
0.000074
0.001355
0.002424
0.004278
0.006550
0.009354
0.012620
0.012853
0.007323
-0.001633
-0.009768
-0.014892
-0.017940
-0.020049
-0.020506
-0.018436
-0.014622
-0.010903
-0.007222
-0.002485
0.002447
0.006245
0.008694
0.010152
0.011475
0.013150
0.014741
0.015544
0.014439
0.011385
0.008507
0.007135
0.006792
0.007064
0.007586
0.007797
0.007489
0.006433
0.004460
0.002090
0.000513
0.001155
0.004178
0.007889
0.010670
0.011526
0.009450
0.005338
0.001501
-0.001712
-0.005258
-0.008880
-0.011339
-0.011983
-0.011097
-0.009497
-0.007932
-0.006660
-0.004676
-0.000725
0.003939
0.007062
0.007969
0.006822
0.004439
0.002436
0.002253
0.003928
0.006208
0.008106
0.009647
0.011490
0.013202
0.012948
0.010140
0.006040
0.001669
-0.002524
-0.005187
-0.005111
-0.003650
-0.002342
-0.000017
0.004224
0.008196
0.009340
0.007717
0.004744
0.001271
-0.001750
-0.002984
-0.002267
-0.000687
0.000498
0.000320
-0.001412
-0.004040
-0.006181
-0.006551
-0.005358
-0.003228
0.000002
0.003872
0.007099
0.009007
0.010024
0.011269
0.013775
0.016930
0.018565
0.018152
0.017069
0.015418
0.012404
0.008778
0.005533
0.002552
0.000366
-0.000082
0.000418
0.000786
0.001177
0.001038
-0.000830
-0.004452
-0.008344
-0.010516
-0.011385
-0.013114
-0.015359
-0.016190
-0.015187
-0.012710
-0.009023
-0.004556
-0.000333
0.002426
0.003565
0.003687
0.003694
0.003982
0.003685
0.002779
0.003154
0.005193
0.006647
0.006043
0.003584
-0.000174
-0.004011
-0.005887
-0.004600
-0.001183
0.002309
0.004460
0.004818
0.003989
0.002493
-0.000533
-0.005189
-0.009051
-0.010506
-0.010326
-0.008146
-0.002999
0.003736
0.010542
0.016368
0.019520
0.019503
0.016371
0.009785
0.001182
-0.006544
-0.011945
-0.015161
-0.016029
-0.013975
-0.009808
-0.005954
-0.004354
-0.004987
-0.006792
-0.008522
-0.007906
-0.003370
0.003531
0.010212
0.015401
0.018522
0.018644
0.015184
0.009153
0.003363
0.000676
0.001654
0.005174
0.009312
0.011953
0.012394
0.011251
0.008755
0.004176
-0.003033
-0.011830
-0.019771
-0.024546
-0.025054
-0.021699
-0.015585
-0.008347
-0.001851
0.002281
0.003102
0.001330
-0.001865
-0.006098
-0.010374
-0.012990
-0.013424
-0.011605
-0.007434
-0.001741
0.004958
0.012616
0.019105
0.020423
0.015423
0.007014
-0.001932
-0.009438
-0.013983
-0.015825
-0.015456
-0.012770
-0.008419
-0.003513
0.001448
0.006529
0.010729
0.012554
0.012329
0.010415
0.006432
0.001448
-0.003009
-0.006103
-0.007030
-0.006090
-0.004627
-0.002287
0.002013
0.006831
0.009891
0.010718
0.009585
0.007274
0.004680
0.002430
0.002066
0.004184
0.007383
0.011189
0.015804
0.019634
0.021264
0.021014
0.019256
0.016035
0.011782
0.007132
0.002263
-0.002736
-0.007337
-0.010997
-0.013666
-0.015298
-0.015416
-0.013456
-0.008933
-0.002224
0.004405
0.008587
0.010202
0.010925
0.012587
0.015401
0.018696
0.022540
0.026294
0.028539
0.029337
0.029455
0.027887
0.023236
0.016154
0.008166
0.001027
-0.003583
-0.005930
-0.007402
-0.008523
-0.009528
-0.010111
-0.007956
-0.002054
0.004512
0.009207
0.012519
0.015708
0.019396
0.023061
0.024603
0.021703
0.015761
0.010791
0.008663
0.008377
0.007692
0.005173
0.001709
-0.001340
-0.003783
-0.005466
-0.005816
-0.004283
-0.000693
0.004430
0.009877
0.014130
0.015191
0.012253
0.007324
0.002799
-0.000036
-0.000526
0.000448
0.001548
0.003725
0.008726
0.015712
0.021410
0.022879
0.019804
0.014374
0.008411
0.002717
-0.001471
-0.003890
-0.005792
-0.007464
-0.007357
-0.004109
0.001280
0.005916
0.008864
0.012076
0.017443
0.024595
0.031068
0.034677
0.034394
0.030157
0.023102
0.015043
0.007609
0.002236
0.000323
0.002028
0.005532
0.009601
0.014408
0.018778
0.020921
0.020267
0.017224
0.013065
0.009201
0.006502
0.005700
0.006989
0.009305
0.011566
0.012779
0.010872
0.004545
-0.004849
-0.014077
-0.020139
-0.022405
-0.022483
-0.022000
-0.020951
-0.018051
-0.011981
-0.002921
0.006835
0.014475
0.019702
0.023632
0.025279
0.023649
0.019538
0.014309
0.009015
0.003442
-0.002929
-0.009000
-0.012157
-0.010783
-0.005977
-0.000644
0.002275
0.002655
0.003032
0.004638
0.005880
0.004857
0.001630
-0.002206
-0.005478
-0.008248
-0.010967
-0.013430
-0.014508
-0.013736
-0.011533
-0.007822
-0.002967
0.000189
-0.001821
-0.009548
-0.020437
-0.029761
-0.032400
-0.027040
-0.016407
-0.002789
0.011034
0.020128
0.021379
0.015513
0.006787
-0.000322
-0.005223
-0.009852
-0.016305
-0.025064
-0.034894
-0.045785
-0.058133
-0.069035
-0.074058
-0.071780
-0.064159
-0.054556
-0.045818
-0.039157
-0.035255
-0.034607
-0.036801
-0.041280
-0.047613
-0.054550
-0.060528
-0.064717
-0.067269
-0.067898
-0.063876
-0.053010
-0.037097
-0.020610
-0.007206
0.002494
0.009593
0.015174
0.019060
0.020149
0.017970
0.013048
0.007302
0.003057
0.000979
-0.001023
-0.006597
-0.018040
-0.034628
-0.053610
-0.072497
-0.090092
-0.106002
-0.118428
-0.123625
-0.119732
-0.108765
-0.093759
-0.075880
-0.054791
-0.030570
-0.005531
0.016838
0.036247
0.055002
0.074457
0.094603
0.114329
0.132295
0.146564
0.155019
0.157194
0.154186
0.148065
0.140876
0.133249
0.124602
0.114714
0.104120
0.093859
0.084124
0.073776
0.062402
0.051436
0.042570
0.034596
0.024646
0.011502
-0.004416
-0.021263
-0.036602
-0.048631
-0.055654
-0.056714
-0.052343
-0.042722
-0.028048
-0.010443
0.007062
0.022201
0.034984
0.047268
0.059210
0.067573
0.068865
0.062994
0.052058
0.039025
0.027823
0.019812
0.012471
0.003283
-0.007670
-0.017510
-0.021903
-0.018946
-0.011053
-0.001403
0.009241
0.021454
0.034485
0.045787
0.053364
0.057696
0.061858
0.068281
0.075858
0.082584
0.087413
0.089687
0.090253
0.090692
0.090709
0.089074
0.086213
0.083803
0.083320
0.085307
0.089179
0.093624
0.096502
0.096052
0.091714
0.083122
0.070306
0.055433
0.043670
0.038614
0.039051
0.043092
0.050691
0.061028
0.070567
0.075539
0.074531
0.068356
0.059263
0.050037
0.042783
0.038070
0.035710
0.035117
0.034264
0.031162
0.025609
0.019068
0.012558
0.003742
-0.008860
-0.021898
-0.030635
-0.033325
-0.032443
-0.030788
-0.028858
-0.026501
-0.022632
-0.014713
-0.000839
0.018424
0.038527
0.052615
0.056654
0.049990
0.033948
0.013151
-0.004894
-0.012674
-0.006909
0.008564
0.024121
0.030466
0.025677
0.015090
0.006591
0.005550
0.011715
0.020727
0.029312
0.038266
0.046876
0.050615
0.048494
0.045041
0.044413
0.047524
0.053097
0.058920
0.061753
0.059704
0.055600
0.053782
0.056446
0.062909
0.068692
0.067884
0.057536
0.041008
0.025069
0.014401
0.010248
0.008844
0.006592
0.003887
0.000658
-0.004364
-0.010709
-0.016425
-0.019935
-0.021083
-0.020423
-0.016390
-0.007645
0.003110
0.011575
0.015198
0.013408
0.006916
-0.004010
-0.018855
-0.035203
-0.050719
-0.063099
-0.068827
-0.067184
-0.061797
-0.056864
-0.055097
-0.057384
-0.064513
-0.075170
-0.086360
-0.096771
-0.103735
-0.105746
-0.102727
-0.095026
-0.084598
-0.074233
-0.069146
-0.071111
-0.077533
-0.087202
-0.098177
-0.106077
-0.106215
-0.097254
-0.083425
-0.068998
-0.054592
-0.039776
-0.026113
-0.019034
-0.022397
-0.032471
-0.041145
-0.044329
-0.042813
-0.036900
-0.028053
-0.018750
-0.011809
-0.009083
-0.009595
-0.014401
-0.024128
-0.036176
-0.045211
-0.044362
-0.031102
-0.007890
0.021356
0.053403
0.083593
0.106861
0.121706
0.127796
0.124931
0.115131
0.100082
0.080712
0.061866
0.049017
0.045807
0.052972
0.064988
0.074308
0.075941
0.066851
0.048501
0.027753
0.011828
0.005900
0.007673
0.010139
0.010740
0.011943
0.015422
0.017001
0.012490
0.002009
-0.010627
-0.018837
-0.019533
-0.014812
-0.006764
0.003935
0.016407
0.029030
0.041060
0.051650
0.058650
0.061557
0.060125
0.054284
0.046655
0.039846
0.034230
0.028738
0.023146
0.016206
0.005160
-0.009690
-0.026802
-0.043239
-0.054445
-0.059072
-0.058810
-0.055606
-0.050127
-0.045364
-0.046597
-0.057507
-0.078276
-0.102386
-0.124308
-0.144361
-0.161779
-0.175587
-0.185078
-0.187688
-0.183092
-0.172950
-0.159119
-0.144396
-0.132338
-0.127201
-0.130414
-0.139761
-0.151226
-0.162388
-0.175663
-0.191424
-0.204377
-0.211132
-0.212131
-0.208819
-0.204072
-0.201057
-0.202430
-0.208626
-0.218420
-0.229478
-0.241635
-0.258284
-0.277327
-0.292544
-0.300000
-0.299981
-0.296033
-0.289945
-0.281969
-0.275280
-0.272230
-0.270773
-0.267676
-0.258281
-0.238576
-0.210277
-0.181730
-0.160971
-0.149781
-0.144577
-0.138903
-0.128629
-0.114071
-0.096679
-0.076079
-0.054237
-0.036080
-0.022526
-0.011158
-0.000684
0.009046
0.020356
0.036097
0.054857
0.070547
0.079604
0.081330
0.075962
0.065727
0.053147
0.044123
0.041800
0.043899
0.046315
0.043289
0.035014
0.026535
0.019669
0.011858
-0.001464
-0.021196
-0.044260
-0.067422
-0.088263
-0.104129
-0.114281
-0.121701
-0.128498
-0.133717
-0.136281
-0.134735
-0.128187
-0.118461
-0.108259
-0.100915
-0.099153
-0.103315
-0.112266
-0.124132
-0.135536
-0.142471
-0.143622
-0.139438
-0.128427
-0.113004
-0.098333
-0.084568
-0.071712
-0.060830
-0.051902
-0.046286
-0.043869
-0.041251
-0.036232
-0.027148
-0.012246
0.010318
0.040430
0.073202
0.104762
0.134732
0.160945
0.177801
0.183986
0.182691
0.176403
0.164458
0.150359
0.142220
0.139438
0.140833
0.144213
0.142576
0.135280
0.125358
0.115113
0.106139
0.097819
0.087971
0.077436
0.066317
0.052851
0.040904
0.035453
0.037270
0.047740
0.068294
0.095594
0.125814
0.152347
0.170516
0.183253
0.190474
0.190796
0.185420
0.174333
0.159161
0.141795
0.121810
0.102382
0.085285
0.066273
0.042925
0.018865
-0.001461
-0.017373
-0.029092
-0.037290
-0.042450
-0.044347
-0.042836
-0.037728
-0.030875
-0.024984
-0.020671
-0.015270
-0.007277
0.002322
0.011618
0.019004
0.024998
0.030422
0.037970
0.048937
0.062828
0.078881
0.096632
0.116024
0.132057
0.140486
0.141455
0.135707
0.125661
0.112945
0.094977
0.071584
0.046750
0.021170
-0.003541
-0.022718
-0.034608
-0.038867
-0.033477
-0.016485
0.009319
0.036671
0.059407
0.073109
0.076516
0.075733
0.076363
0.078896
0.083319
0.087981
0.091649
0.094880
0.098068
0.102014
0.107118
0.112687
0.117805
0.121932
0.124741
0.126991
0.128314
0.126056
0.121786
0.117828
0.112026
0.104298
0.096676
0.090237
0.083821
0.076642
0.071389
0.067245
0.059424
0.046468
0.029345
0.009163
-0.012229
-0.034885
-0.059336
-0.082255
-0.103897
-0.124612
-0.137646
-0.142372
-0.141060
-0.132823
-0.120223
-0.103799
-0.080688
-0.050457
-0.015833
0.020594
0.054672
0.080833
0.099792
0.114049
0.124299
0.134210
0.144227
0.151428
0.155165
0.153025
0.140803
0.115818
0.079741
0.037369
-0.007768
-0.052185
-0.093386
-0.130507
-0.161437
-0.184401
-0.198820
-0.203239
-0.196759
-0.183085
-0.168494
-0.155972
-0.146234
-0.137155
-0.123205
-0.103593
-0.083569
-0.066819
-0.054072
-0.047221
-0.049065
-0.058857
-0.072418
-0.085056
-0.093122
-0.095867
-0.090711
-0.074426
-0.050177
-0.025262
-0.007026
-0.000098
-0.004474
-0.017995
-0.038644
-0.059862
-0.076171
-0.089654
-0.102650
-0.115084
-0.126808
-0.139751
-0.156374
-0.177866
-0.205302
-0.235225
-0.260771
-0.278880
-0.289309
-0.294698
-0.297369
-0.294890
-0.284281
-0.265828
-0.242385
-0.212865
-0.172561
-0.122383
-0.072379
-0.032275
-0.003502
0.017446
0.034869
0.051077
0.065839
0.076096
0.078032
0.070438
0.056614
0.043544
0.036062
0.034292
0.036648
0.039957
0.045453
0.058006
0.074550
0.091918
0.111043
0.130356
0.148274
0.164540
0.177411
0.186300
0.193061
0.196246
0.195501
0.193832
0.193724
0.196818
0.200676
0.200584
0.194405
0.179540
0.153231
0.117660
0.077309
0.037491
0.002797
-0.024205
-0.043610
-0.056899
-0.064950
-0.068131
-0.064503
-0.056502
-0.048092
-0.039272
-0.032573
-0.031370
-0.035759
-0.043733
-0.052970
-0.058567
-0.056164
-0.045771
-0.027698
-0.003733
0.023426
0.051276
0.072837
0.087577
0.102183
0.113716
0.115388
0.106251
0.089709
0.068463
0.043431
0.017154
-0.008033
-0.030682
-0.049267
-0.064179
-0.077864
-0.089573
-0.095447
-0.097165
-0.098566
-0.099121
-0.096551
-0.086466
-0.065533
-0.035102
0.001323
0.038860
0.076396
0.115283
0.153502
0.187572
0.213559
0.230523
0.239236
0.242771
0.246540
0.250117
0.250273
0.244161
0.231774
0.217540
0.203353
0.189821
0.176577
0.161894
0.142618
0.116565
0.086657
0.056735
0.030642
0.009830
-0.005514
-0.016594
-0.024840
-0.030461
-0.036455
-0.041728
-0.043375
-0.039516
-0.029930
-0.017394
-0.000065
0.023951
0.051068
0.075893
0.095777
0.110992
0.121060
0.126494
0.129633
0.131037
0.130686
0.127960
0.122330
0.115408
0.106270
0.095238
0.082837
0.066980
0.048381
0.027149
0.003434
-0.020550
-0.042854
-0.060855
-0.072819
-0.080847
-0.084359
-0.081299
-0.073370
-0.060958
-0.045589
-0.030485
-0.017762
-0.009422
-0.004928
-0.003270
-0.003682
-0.002589
0.001447
0.008856
0.020699
0.034436
0.047201
0.057337
0.063410
0.064698
0.060592
0.051013
0.038613
0.024445
0.009002
-0.004358
-0.014799
-0.023338
-0.029016
-0.030668
-0.030032
-0.027148
-0.020925
-0.011773
0.002295
0.020943
0.038861
0.053996
0.066927
0.076783
0.084443
0.090842
0.094582
0.094237
0.088407
0.076762
0.062555
0.047285
0.030547
0.016760
0.010200
0.009943
0.014918
0.025821
0.042638
0.062272
0.078135
0.086625
0.088599
0.084639
0.075225
0.062432
0.047775
0.031668
0.016367
0.003981
-0.004947
-0.013467
-0.026080
-0.043106
-0.061819
-0.080154
-0.101138
-0.123362
-0.141046
-0.155043
-0.165713
-0.169089
-0.159392
-0.135823
-0.103690
-0.066329
-0.026664
0.010182
0.040115
0.061001
0.071193
0.071354
0.062854
0.047281
0.029469
0.014773
0.005424
0.002246
0.005586
0.012533
0.021963
0.034780
0.050416
0.068134
0.084944
0.097629
0.105109
0.107497
0.104646
0.097084
0.087866
0.080208
0.074567
0.070088
0.065705
0.058873
0.049137
0.038319
0.026542
0.013963
0.000746
-0.011096
-0.018359
-0.021311
-0.019311
-0.011093
0.003931
0.023540
0.039254
0.046758
0.046574
0.039678
0.029003
0.014872
-0.002387
-0.020985
-0.038457
-0.052049
-0.060941
-0.064366
-0.063946
-0.064063
-0.066953
-0.071852
-0.076741
-0.078768
-0.077626
-0.074703
-0.071801
-0.071184
-0.073140
-0.077132
-0.082853
-0.089255
-0.095090
-0.102083
-0.110832
-0.118691
-0.125227
-0.131189
-0.135259
-0.136433
-0.132325
-0.120863
-0.102392
-0.077416
-0.047175
-0.015100
0.012892
0.036114
0.056644
0.073532
0.084602
0.086548
0.079614
0.067140
0.050349
0.031614
0.016358
0.007451
0.004278
0.006532
0.012992
0.022598
0.037117
0.056197
0.078583
0.102986
0.124706
0.140674
0.149001
0.148222
0.137931
0.116481
0.086978
0.054952
0.023244
-0.007240
-0.038193
-0.067473
-0.091599
-0.110834
-0.125504
-0.134582
-0.136542
-0.132168
-0.121331
-0.101857
-0.076055
-0.049731
-0.027208
-0.010203
0.002521
0.012878
0.020504
0.024829
0.026815
0.027760
0.028598
0.027934
0.023552
0.014735
0.002144
-0.011994
-0.026071
-0.038450
-0.046176
-0.050539
-0.053078
-0.052463
-0.050884
-0.049370
-0.047152
-0.046505
-0.047403
-0.048125
-0.048954
-0.049399
-0.048465
-0.046079
-0.043198
-0.040957
-0.038291
-0.031268
-0.017815
-0.001630
0.007784
0.007300
0.004944
0.006792
0.009718
0.008443
0.005997
0.006734
0.009450
0.011120
0.011340
0.012588
0.015769
0.021122
0.028268
0.034650
0.039414
0.041431
0.036845
0.023812
0.003780
-0.020218
-0.044582
-0.065736
-0.080295
-0.089895
-0.099150
-0.106469
-0.108328
-0.105666
-0.101370
-0.097255
-0.094301
-0.091918
-0.089573
-0.087178
-0.084461
-0.081768
-0.076879
-0.069173
-0.061210
-0.052942
-0.042373
-0.028873
-0.014001
0.001276
0.017289
0.032036
0.040649
0.040076
0.032687
0.021527
0.008545
-0.003712
-0.015746
-0.029911
-0.045334
-0.058923
-0.068363
-0.072549
-0.071899
-0.068372
-0.062063
-0.051933
-0.039782
-0.026813
-0.011388
0.006199
0.024363
0.041734
0.055044
0.064122
0.068399
0.065205
0.055528
0.043631
0.032249
0.022126
0.016703
0.017427
0.020301
0.022224
0.023797
0.022905
0.018270
0.013261
0.009607
0.007370
0.007223
0.009590
0.013841
0.018672
0.023806
0.031438
0.041019
0.049597
0.055835
0.056960
0.052450
0.044014
0.031140
0.015293
0.000721
-0.011415
-0.022886
-0.033092
-0.040855
-0.047340
-0.053324
-0.056246
-0.054800
-0.051425
-0.047535
-0.044444
-0.043596
-0.044891
-0.047464
-0.049572
-0.050218
-0.049956
-0.049326
-0.048312
-0.046327
-0.043764
-0.041564
-0.038951
-0.034703
-0.029097
-0.022828
-0.015282
-0.005435
0.006871
0.020124
0.031621
0.039059
0.042746
0.043108
0.040272
0.037591
0.036377
0.035338
0.034688
0.035248
0.037484
0.041714
0.047698
0.054155
0.060614
0.064974
0.064770
0.060836
0.055443
0.049921
0.042492
0.032962
0.023495
0.014599
0.009209
0.009349
0.013716
0.022369
0.032937
0.042389
0.050203
0.056991
0.064124
0.070636
0.075139
0.078091
0.079905
0.081079
0.082956
0.085317
0.086607
0.088448
0.091445
0.093780
0.096330
0.099824
0.103255
0.106781
0.109993
0.110819
0.109538
0.107732
0.106014
0.105035
0.104767
0.105956
0.108384
0.109526
0.109848
0.110963
0.112566
0.114068
0.115383
0.116763
0.118479
0.120366
0.120626
0.118888
0.116605
0.113142
0.106624
0.097383
0.087019
0.075775
0.063520
0.049940
0.034094
0.016944
0.001580
-0.010692
-0.019383
-0.024371
-0.027158
-0.028212
-0.027059
-0.023175
-0.017647
-0.013168
-0.010631
-0.009249
-0.009410
-0.009913
-0.009385
-0.008170
-0.004906
0.000755
0.007779
0.014942
0.021917
0.028151
0.032310
0.034636
0.036116
0.036725
0.035403
0.030354
0.022506
0.014876
0.007052
0.000017
-0.004063
-0.005705
-0.005127
-0.004123
-0.005683
-0.010611
-0.018721
-0.028700
-0.039316
-0.051023
-0.062026
-0.070492
-0.076691
-0.079358
-0.078477
-0.074677
-0.068503
-0.060904
-0.052611
-0.044813
-0.037834
-0.032431
-0.028014
-0.023662
-0.020215
-0.018019
-0.016956
-0.017288
-0.018497
-0.019051
-0.019624
-0.021130
-0.021500
-0.019981
-0.016987
-0.013384
-0.011038
-0.009191
-0.007170
-0.005504
-0.003486
-0.001027
0.002172
0.006577
0.011736
0.017827
0.024113
0.029380
0.033559
0.036058
0.036107
0.035478
0.036032
0.034985
0.029759
0.022374
0.014595
0.007458
0.002224
-0.001423
-0.003369
-0.002681
0.001001
0.006548
0.013149
0.021080
0.028389
0.033664
0.036501
0.036077
0.033230
0.028960
0.024008
0.018643
0.013250
0.009035
0.005538
0.001459
-0.003868
-0.010901
-0.019781
-0.030079
-0.041733
-0.055275
-0.068583
-0.079431
-0.088843
-0.097505
-0.105232
-0.111659
-0.115816
-0.118035
-0.117809
-0.114755
-0.109295
-0.101682
-0.093521
-0.085617
-0.079968
-0.075633
-0.070265
-0.065644
-0.061672
-0.057679
-0.053501
-0.047922
-0.040870
-0.033207
-0.024788
-0.015124
-0.003762
0.010143
0.025504
0.042027
0.057513
0.067478
0.073702
0.078239
0.080276
0.079380
0.075994
0.071435
0.066456
0.061664
0.056053
0.049927
0.044816
0.040560
0.037385
0.034182
0.029423
0.023470
0.016858
0.009941
0.001963
-0.006983
-0.015278
-0.023924
-0.032701
-0.040406
-0.047690
-0.053773
-0.058109
-0.061354
-0.063307
-0.064085
-0.065932
-0.067634
-0.066898
-0.064661
-0.062367
-0.061022
-0.059881
-0.059076
-0.059200
-0.059358
-0.058422
-0.056971
-0.055297
-0.052559
-0.050096
-0.048419
-0.046318
-0.044264
-0.043232
-0.043211
-0.044494
-0.046554
-0.048266
-0.049249
-0.049518
-0.049275
-0.047799
-0.044799
-0.040598
-0.036160
-0.032544
-0.029708
-0.026991
-0.023334
-0.019121
-0.014689
-0.009790
-0.003330
0.005800
0.015076
0.023412
0.032488
0.041388
0.049201
0.056020
0.061464
0.065924
0.068823
0.069457
0.068882
0.068256
0.067019
0.064712
0.062902
0.061064
0.057410
0.051497
0.042126
0.029930
0.015930
0.001190
-0.012178
-0.024062
-0.034575
-0.043736
-0.051552
-0.057439
-0.061919
-0.065640
-0.068663
-0.070886
-0.072398
-0.073350
-0.073499
-0.072965
-0.071699
-0.069852
-0.068189
-0.066811
-0.064616
-0.060684
-0.055859
-0.051318
-0.047187
-0.044463
-0.043777
-0.044550
-0.046010
-0.047510
-0.049300
-0.051234
-0.052667
-0.053575
-0.054187
-0.054296
-0.053256
-0.051546
-0.049413
-0.045894
-0.041002
-0.035633
-0.031039
-0.027361
-0.024588
-0.022702
-0.020626
-0.017948
-0.014720
-0.010756
-0.005100
0.001836
0.007802
0.013937
0.021655
0.029057
0.035393
0.040525
0.045027
0.049599
0.053708
0.057936
0.062368
0.066465
0.069277
0.069222
0.066175
0.062501
0.059055
0.053800
0.047666
0.042566
0.037428
0.032110
0.027579
0.023908
0.021355
0.018519
0.014945
0.012426
0.011065
0.009756
0.008550
0.008536
0.009249
0.010065
0.010085
0.009230
0.007762
0.004538
-0.000204
-0.006455
-0.014171
-0.022528
-0.031401
-0.040148
-0.047699
-0.053230
-0.056413
-0.056507
-0.052919
-0.047612
-0.041060
-0.033852
-0.028061
-0.024835
-0.025304
-0.028634
-0.032572
-0.035949
-0.038407
-0.039649
-0.039980
-0.038495
-0.034981
-0.030139
-0.023887
-0.016346
-0.008267
-0.001531
0.003246
0.006472
0.008532
0.009230
0.007779
0.003749
-0.002540
-0.009153
-0.014241
-0.017698
-0.019944
-0.021895
-0.024368
-0.026597
-0.029484
-0.033255
-0.037127
-0.041765
-0.046613
-0.051318
-0.055042
-0.057439
-0.058561
-0.057776
-0.055455
-0.052400
-0.049154
-0.045779
-0.042599
-0.040390
-0.040002
-0.041707
-0.044993
-0.048740
-0.052590
-0.056223
-0.058001
-0.057965
-0.058044
-0.058962
-0.060569
-0.062138
-0.064546
-0.068641
-0.071628
-0.072884
-0.074113
-0.073250
-0.068350
-0.060680
-0.050706
-0.038293
-0.023837
-0.010111
0.000547
0.006711
0.007525
0.005543
0.001468
-0.005126
-0.012793
-0.020030
-0.026319
-0.030964
-0.033072
-0.033045
-0.032491
-0.031821
-0.030557
-0.029324
-0.027178
-0.024088
-0.021623
-0.019553
-0.016538
-0.012214
-0.007305
-0.001900
0.004053
0.010571
0.017159
0.023424
0.028086
0.029613
0.027789
0.022019
0.014377
0.007702
0.002656
-0.000238
-0.000282
0.001980
0.005449
0.009744
0.013536
0.015426
0.014583
0.011877
0.007786
0.001858
-0.004044
-0.008344
-0.010833
-0.011520
-0.010819
-0.008928
-0.006007
-0.002845
0.000038
0.001954
0.002827
0.003173
0.002038
-0.000263
-0.002324
-0.004101
-0.005998
-0.008152
-0.009721
-0.010461
-0.010526
-0.009894
-0.008628
-0.006742
-0.004352
-0.000431
0.004460
0.010005
0.016745
0.023896
0.030816
0.036709
0.041276
0.044198
0.045816
0.046169
0.045285
0.044147
0.043081
0.042162
0.041795
0.042305
0.043628
0.045951
0.048662
0.050825
0.052444
0.053371
0.054503
0.056464
0.058262
0.060643
0.064008
0.067123
0.069570
0.071705
0.073528
0.074143
0.072985
0.070354
0.066753
0.063016
0.059100
0.054757
0.050752
0.047009
0.043981
0.042881
0.042971
0.042715
0.043246
0.044553
0.044961
0.045419
0.045861
0.045989
0.046449
0.046890
0.046566
0.045372
0.043754
0.041755
0.038943
0.034633
0.029075
0.022632
0.015480
0.007765
-0.000067
-0.007311
-0.013666
-0.018558
-0.022143
-0.024948
-0.025822
-0.024636
-0.022410
-0.019507
-0.016312
-0.013158
-0.010119
-0.006860
-0.004668
-0.003548
-0.002319
-0.000487
0.002220
0.004267
0.005288
0.005564
0.004608
0.002931
0.000427
-0.002457
-0.004859
-0.007616
-0.010144
-0.010722
-0.010044
-0.009695
-0.009623
-0.009055
-0.008413
-0.007780
-0.006656
-0.005719
-0.005078
-0.004619
-0.003683
-0.001846
-0.000533
-0.000507
-0.000871
-0.001070
-0.002502
-0.005296
-0.008430
-0.011840
-0.015684
-0.019064
-0.020980
-0.022436
-0.022972
-0.021207
-0.017745
-0.014162
-0.011494
-0.010002
-0.009636
-0.010379
-0.012241
-0.014448
-0.016881
-0.020385
-0.024227
-0.027320
-0.029911
-0.033248
-0.037367
-0.041239
-0.045492
-0.049531
-0.051921
-0.052631
-0.051588
-0.048554
-0.043750
-0.037947
-0.031463
-0.024181
-0.017287
-0.011125
-0.005851
-0.002133
0.000459
0.001401
0.000852
-0.000265
-0.002094
-0.005314
-0.010216
-0.015963
-0.020741
-0.023722
-0.026172
-0.027962
-0.028646
-0.029080
-0.029473
-0.030452
-0.031590
-0.031729
-0.031536
-0.030285
-0.026363
-0.020496
-0.013291
-0.005619
0.001507
0.007152
0.010859
0.012593
0.011370
0.007717
0.002679
-0.003191
-0.008531
-0.012630
-0.015567
-0.017271
-0.018267
-0.018154
-0.016994
-0.016148
-0.016349
-0.017719
-0.019883
-0.022738
-0.026142
-0.029193
-0.030728
-0.029862
-0.027497
-0.024908
-0.021495
-0.016163
-0.009725
-0.004285
-0.000464
0.002647
0.006909
0.012159
0.017124
0.022498
0.028793
0.035176
0.040432
0.044535
0.048389
0.051355
0.053259
0.055342
0.057345
0.059398
0.061895
0.064144
0.064837
0.063512
0.061357
0.058765
0.055945
0.052860
0.049016
0.045680
0.043568
0.042068
0.041053
0.039400
0.037040
0.034717
0.031576
0.027725
0.024121
0.020850
0.018035
0.016325
0.016306
0.017533
0.019398
0.022152
0.024916
0.027049
0.029311
0.031029
0.031252
0.031404
0.032085
0.032255
0.032886
0.033890
0.033943
0.033938
0.034067
0.033812
0.033220
0.032395
0.031692
0.031876
0.033258
0.034862
0.036873
0.039760
0.042000
0.042825
0.042571
0.042240
0.042732
0.042566
0.040968
0.039094
0.037327
0.035502
0.033551
0.031579
0.029537
0.026752
0.023733
0.021310
0.019442
0.017362
0.014924
0.012760
0.009686
0.005338
0.000857
-0.003314
-0.007831
-0.012508
-0.016675
-0.020712
-0.023537
-0.024230
-0.023681
-0.022663
-0.021400
-0.020243
-0.019339
-0.018773
-0.018039
-0.016425
-0.014617
-0.013614
-0.012964
-0.011466
-0.009585
-0.007705
-0.006199
-0.005288
-0.004819
-0.006025
-0.008254
-0.009947
-0.011832
-0.014918
-0.017145
-0.017533
-0.017384
-0.016810
-0.016253
-0.015679
-0.015054
-0.015055
-0.015611
-0.017018
-0.019815
-0.022891
-0.025298
-0.026693
-0.026373
-0.024245
-0.021020
-0.016461
-0.010230
-0.003203
0.003892
0.010279
0.015035
0.017978
0.019804
0.020380
0.019548
0.017914
0.015500
0.012921
0.010426
0.007424
0.004226
0.001102
-0.001570
-0.003354
-0.005167
-0.006298
-0.005207
-0.003122
-0.000591
0.002475
0.005318
0.007568
0.009191
0.010049
0.009984
0.009350
0.008340
0.006624
0.004387
0.002770
0.001311
-0.001074
-0.002526
-0.002928
-0.004466
-0.006848
-0.008937
-0.010791
-0.012646
-0.014662
-0.017350
-0.019810
-0.021756
-0.023927
-0.025845
-0.027298
-0.027709
-0.026549
-0.024672
-0.022704
-0.020901
-0.018863
-0.016391
-0.014696
-0.013515
-0.011884
-0.010954
-0.011251
-0.011092
-0.009689
-0.008095
-0.006434
-0.004231
-0.002237
-0.000462
0.001012
0.001190
0.000715
0.000067
-0.001121
-0.002958
-0.004819
-0.006033
-0.007052
-0.007617
-0.007603
-0.007604
-0.007952
-0.008641
-0.009190
-0.010418
-0.013058
-0.015512
-0.017427
-0.019325
-0.020965
-0.022149
-0.022911
-0.023214
-0.022029
-0.019838
-0.017914
-0.015700
-0.012472
-0.008702
-0.005045
-0.001779
0.000650
0.002510
0.004091
0.004705
0.004412
0.003593
0.002056
0.000010
-0.002206
-0.004935
-0.007536
-0.009239
-0.010393
-0.011629
-0.013444
-0.015579
-0.017959
-0.020687
-0.023029
-0.024413
-0.025733
-0.027689
-0.029207
-0.029438
-0.028916
-0.028127
-0.026616
-0.024135
-0.020720
-0.016585
-0.013213
-0.010779
-0.008203
-0.005599
-0.003958
-0.003740
-0.003928
-0.003867
-0.003877
-0.003331
-0.001806
0.000158
0.003059
0.006967
0.011020
0.015339
0.019641
0.023068
0.025257
0.025668
0.024967
0.024063
0.022511
0.019968
0.017288
0.015621
0.014913
0.014823
0.015300
0.015945
0.016537
0.017327
0.018128
0.019229
0.020538
0.021320
0.021521
0.021555
0.022353
0.023445
0.023767
0.023752
0.024106
0.024623
0.024940
0.025355
0.026585
0.029317
0.032734
0.035691
0.038467
0.040851
0.042120
0.042139
0.041000
0.038848
0.035190
0.030077
0.025481
0.022274
0.019818
0.018426
0.018518
0.019337
0.019573
0.019427
0.020015
0.020761
0.021311
0.022771
0.024717
0.026525
0.028561
0.029932
0.030691
0.031175
0.030243
0.028607
0.027173
0.025069
0.022707
0.020997
0.019640
0.018771
0.018078
0.016978
0.015767
0.014956
0.014604
0.014365
0.014152
0.014395
0.014652
0.013892
0.012870
0.011902
0.010525
0.009174
0.008358
0.007778
0.007334
0.007399
0.006772
0.005424
0.004163
0.002971
0.001698
-0.000277
-0.001893
-0.002694
-0.003246
-0.002814
-0.001160
0.001352
0.005188
0.009773
0.013443
0.016582
0.019459
0.020424
0.018974
0.016972
0.015303
0.013352
0.011154
0.008789
0.006462
0.004346
0.001985
-0.001213
-0.005010
-0.008210
-0.010313
-0.011095
-0.010628
-0.010123
-0.009047
-0.006531
-0.003549
-0.000276
0.003184
0.006418
0.009277
0.010976
0.010915
0.008946
0.005148
0.000171
-0.005369
-0.011382
-0.017154
-0.021932
-0.025677
-0.028298
-0.030085
-0.031186
-0.031098
-0.029815
-0.027819
-0.024821
-0.019768
-0.013044
-0.005945
0.001531
0.009142
0.016245
0.022356
0.027189
0.030899
0.032951
0.032640
0.030558
0.027407
0.023192
0.018873
0.014692
0.010009
0.006056
0.002725
-0.000772
-0.003198
-0.004668
-0.005439
-0.005792
-0.007273
-0.010106
-0.014092
-0.018911
-0.024265
-0.029987
-0.034156
-0.036092
-0.036791
-0.036588
-0.035518
-0.033765
-0.031661
-0.029468
-0.027695
-0.026390
-0.025865
-0.025960
-0.025257
-0.022991
-0.020359
-0.019572
-0.020146
-0.020386
-0.019922
-0.018272
-0.016676
-0.016316
-0.015973
-0.014897
-0.013759
-0.012418
-0.009290
-0.005749
-0.003718
-0.001772
0.000936
0.004015
0.006824
0.009023
0.010948
0.011811
0.011078
0.009396
0.007010
0.004931
0.004092
0.003665
0.003480
0.004112
0.005514
0.007573
0.010339
0.013697
0.016647
0.018753
0.021009
0.023359
0.024687
0.024422
0.022647
0.020868
0.019804
0.018221
0.016440
0.015780
0.016097
0.016925
0.017444
0.016661
0.015436
0.014142
0.011340
0.007020
0.002570
-0.001779
-0.006007
-0.009190
-0.011438
-0.013139
-0.013204
-0.011287
-0.008353
-0.004963
-0.001305
0.001795
0.003923
0.005662
0.006845
0.007870
0.008792
0.008783
0.008238
0.007981
0.008927
0.010717
0.012521
0.014538
0.016371
0.017879
0.019284
0.019559
0.018227
0.016709
0.015974
0.014952
0.012898
0.011326
0.011407
0.011999
0.012135
0.012381
0.012765
0.012791
0.012625
0.012774
0.013136
0.013295
0.013982
0.014979
0.014712
0.013649
0.012587
0.010544
0.007321
0.004025
0.001041
-0.001632
-0.003496
-0.004503
-0.005298
-0.006041
-0.006375
-0.006361
-0.006251
-0.006322
-0.006510
-0.006902
-0.008454
-0.010896
-0.013352
-0.015730
-0.018078
-0.020618
-0.022343
-0.022756
-0.022742
-0.021703
-0.019179
-0.016326
-0.013678
-0.010703
-0.007076
-0.003806
-0.001781
-0.000584
-0.000519
-0.001875
-0.004554
-0.007870
-0.010126
-0.011377
-0.012729
-0.013709
-0.013975
-0.014066
-0.013630
-0.011738
-0.009161
-0.007302
-0.006499
-0.006729
-0.007907
-0.009745
-0.010809
-0.011024
-0.011670
-0.012807
-0.013616
-0.013323
-0.012629
-0.012283
-0.012399
-0.012893
-0.013504
-0.014635
-0.016581
-0.019116
-0.021246
-0.022815
-0.023952
-0.023623
-0.021620
-0.018742
-0.015997
-0.013016
-0.009326
-0.005752
-0.002608
0.000328
0.003100
0.005503
0.007085
0.007600
0.007390
0.006926
0.005978
0.004188
0.001659
-0.001747
-0.005401
-0.007685
-0.009058
-0.010848
-0.012414
-0.012826
-0.012088
-0.011017
-0.010793
-0.011616
-0.012536
-0.013295
-0.014071
-0.015012
-0.015793
-0.015433
-0.014497
-0.013721
-0.013155
-0.012658
-0.011615
-0.010398
-0.010231
-0.011399
-0.012064
-0.011395
-0.010728
-0.010456
-0.009938
-0.008841
-0.007662
-0.006773
-0.005845
-0.004898
-0.004175
-0.003620
-0.003322
-0.003195
-0.002911
-0.002707
-0.003057
-0.003258
-0.002753
-0.002828
-0.004015
-0.004767
-0.003971
-0.002480
-0.001250
-0.000082
0.001485
0.003401
0.005113
0.006821
0.009031
0.011364
0.013131
0.014497
0.016469
0.018704
0.020530
0.022580
0.024288
0.024796
0.024392
0.022656
0.020133
0.017745
0.015344
0.013081
0.010427
0.007519
0.005892
0.005945
0.006704
0.007507
0.008755
0.010546
0.012169
0.013705
0.015552
0.017128
0.017572
0.016677
0.015819
0.015952
0.015388
0.013627
0.011962
0.010432
0.009065
0.008080
0.007314
0.007416
0.008668
0.010231
0.012237
0.014507
0.016113
0.017066
0.016782
0.015001
0.012706
0.010425
0.007963
0.005313
0.003565
0.002838
0.002293
0.002481
0.003904
0.005370
0.006084
0.006894
0.008066
0.008834
0.009009
0.009086
0.008726
0.007230
0.005085
0.003483
0.003416
0.004459
0.005919
0.008028
0.010448
0.013283
0.016068
0.017650
0.018000
0.017782
0.017471
0.016077
0.013796
0.012038
0.010451
0.008499
0.006764
0.005363
0.003884
0.003121
0.003762
0.005134
0.006201
0.006797
0.007636
0.008541
0.008789
0.008315
0.007524
0.006589
0.005598
0.005157
0.004752
0.004025
0.003825
0.003731
0.003835
0.004470
0.005208
0.006323
0.007755
0.008650
0.008650
0.008525
0.008390
0.007666
0.006149
0.004100
0.002401
0.001844
0.002328
0.003613
0.006147
0.009515
0.012241
0.014045
0.015316
0.015700
0.015052
0.013438
0.010966
0.008094
0.004951
0.001711
-0.000721
-0.001639
-0.001543
-0.001418
-0.001434
-0.001605
-0.001753
-0.001499
-0.001496
-0.002220
-0.003104
-0.003956
-0.005123
-0.006247
-0.006697
-0.005978
-0.004203
-0.002205
-0.000194
0.002269
0.005385
0.008535
0.011417
0.013961
0.016135
0.017928
0.018651
0.018136
0.017470
0.016814
0.015572
0.014364
0.012996
0.010494
0.006820
0.002584
-0.002052
-0.007059
-0.011658
-0.015075
-0.017814
-0.020766
-0.023549
-0.025847
-0.027725
-0.028905
-0.029262
-0.029234
-0.029005
-0.028534
-0.028353
-0.028240
-0.027186
-0.025509
-0.024163
-0.023009
-0.021609
-0.020396
-0.020142
-0.020498
-0.020537
-0.020266
-0.020161
-0.019943
-0.019445
-0.019067
-0.018860
-0.018529
-0.018248
-0.018121
-0.017694
-0.017920
-0.019462
-0.020946
-0.021864
-0.023057
-0.024666
-0.026043
-0.026598
-0.026319
-0.025972
-0.025058
-0.022589
-0.019375
-0.016556
-0.014497
-0.012888
-0.011619
-0.010954
-0.010531
-0.010004
-0.009438
-0.008836
-0.007779
-0.005358
-0.001937
0.001189
0.003701
0.005699
0.006872
0.007257
0.007108
0.006859
0.007181
0.007764
0.008067
0.008202
0.008540
0.009026
0.009153
0.008789
0.008334
0.007099
0.004288
0.000701
-0.003663
-0.009344
-0.015376
-0.020777
-0.026125
-0.031610
-0.035800
-0.037186
-0.036336
-0.034919
-0.032842
-0.029924
-0.026637
-0.023169
-0.019389
-0.014824
-0.009516
-0.004018
0.000955
0.005226
0.008616
0.011757
0.014997
0.017022
0.017123
0.015706
0.014295
0.012816
0.010044
0.006677
0.003506
0.000711
-0.001539
-0.003790
-0.006816
-0.010422
-0.013477
-0.015240
-0.016269
-0.016944
-0.017544
-0.018204
-0.018089
-0.017279
-0.016420
-0.015876
-0.015392
-0.014570
-0.014171
-0.014439
-0.014164
-0.012794
-0.010987
-0.009324
-0.007678
-0.005811
-0.003980
-0.002215
-0.000694
0.000174
0.000898
0.002147
0.003442
0.004353
0.005031
0.005662
0.006304
0.006395
0.005993
0.005768
0.005417
0.004765
0.004014
0.003048
0.001961
0.000906
0.000107
-0.001079
-0.002880
-0.003930
-0.004107
-0.004743
-0.005662
-0.005815
-0.005781
-0.006010
-0.005888
-0.005452
-0.005389
-0.005863
-0.007440
-0.010015
-0.012155
-0.013522
-0.014658
-0.015668
-0.016551
-0.017246
-0.017484
-0.017392
-0.016953
-0.016719
-0.016972
-0.016833
-0.015987
-0.014703
-0.013412
-0.012545
-0.011706
-0.010502
-0.009417
-0.008775
-0.008768
-0.008534
-0.007126
-0.005885
-0.005602
-0.005422
-0.005274
-0.005600
-0.006628
-0.008123
-0.009598
-0.010846
-0.011601
-0.011346
-0.010403
-0.009757
-0.009220
-0.008435
-0.007851
-0.007851
-0.007884
-0.007511
-0.007474
-0.008024
-0.008785
-0.009473
-0.009921
-0.011069
-0.013027
-0.014534
-0.015407
-0.015879
-0.016064
-0.015751
-0.014669
-0.012639
-0.009782
-0.006920
-0.004274
-0.001310
0.001292
0.002493
0.003031
0.003570
0.003780
0.003162
0.002190
0.001140
-0.000494
-0.003270
-0.006677
-0.009206
-0.010947
-0.012217
-0.013231
-0.014390
-0.015320
-0.015354
-0.014693
-0.014082
-0.013159
-0.011399
-0.009328
-0.007151
-0.005034
-0.003706
-0.002497
-0.000229
0.002575
0.004817
0.006572
0.008492
0.010642
0.012868
0.014658
0.015230
0.015206
0.015325
0.014563
0.011398
0.006350
0.001380
-0.002918
-0.006862
-0.010475
-0.012757
-0.013316
-0.012801
-0.011749
-0.010391
-0.007827
-0.003839
0.000235
0.003575
0.006767
0.010390
0.014007
0.017378
0.020483
0.023542
0.026819
0.029542
0.031572
0.033485
0.034310
0.031787
0.026250
0.020413
0.015134
0.010265
0.005983
0.003238
0.002562
0.002903
0.003716
0.004929
0.006432
0.007650
0.008358
0.008691
0.008639
0.008756
0.009110
0.009597
0.009837
0.009292
0.007865
0.005947
0.004757
0.004284
0.003815
0.003699
0.003780
0.004302
0.005827
0.007631
0.008997
0.009355
0.008878
0.008426
0.008181
0.007922
0.007973
0.008420
0.008631
0.009397
0.011091
0.012449
0.012616
0.011154
0.009036
0.006585
0.003135
-0.000402
-0.003284
-0.005608
-0.007028
-0.006573
-0.005182
-0.004383
-0.003545
-0.002174
-0.001443
-0.001835
-0.002377
-0.003201
-0.004634
-0.006406
-0.008224
-0.009012
-0.008332
-0.006938
-0.004980
-0.002617
-0.000644
0.000875
0.002433
0.003321
0.002422
0.000576
-0.001367
-0.002914
-0.003281
-0.003257
-0.003548
-0.003522
-0.002890
-0.001946
-0.000151
0.002575
0.005557
0.007969
0.009331
0.011253
0.013814
0.015035
0.015129
0.015091
0.014778
0.014578
0.015320
0.016593
0.017890
0.019750
0.021775
0.022438
0.021262
0.019003
0.015967
0.012079
0.008019
0.004813
0.002950
0.001904
0.001618
0.002641
0.004782
0.007127
0.008612
0.008781
0.008526
0.008206
0.006709
0.004532
0.002521
0.000925
0.000010
-0.000823
-0.001676
-0.002678
-0.003536
-0.003587
-0.003360
-0.003239
-0.003004
-0.002131
-0.000974
-0.000500
-0.000432
0.000079
0.001138
0.002007
0.002540
0.003320
0.004549
0.005684
0.005821
0.005711
0.005714
0.005712
0.006270
0.007077
0.008126
0.008691
0.008550
0.008232
0.007756
0.007455
0.007199
0.006569
0.005384
0.003321
0.000675
-0.001951
-0.005084
-0.008390
-0.010781
-0.012199
-0.012927
-0.013082
-0.012402
-0.010784
-0.009083
-0.008195
-0.006932
-0.003909
-0.000711
0.000984
0.001934
0.003105
0.004497
0.005678
0.005901
0.005328
0.004549
0.003300
0.001695
0.000261
-0.001221
-0.002751
-0.003889
-0.004395
-0.004467
-0.004722
-0.005134
-0.005334
-0.005485
-0.006102
-0.006698
-0.006730
-0.006383
-0.006260
-0.006356
-0.005654
-0.004144
-0.002343
-0.000693
0.000589
0.001214
0.001089
0.000237
-0.001750
-0.003825
-0.004650
-0.004872
-0.004811
-0.004090
-0.003253
-0.002459
-0.001431
-0.000509
-0.000030
0.000628
0.001161
0.000723
0.000659
0.001455
0.002147
0.002418
0.002130
0.001488
0.000758
-0.000108
-0.001565
-0.003247
-0.004521
-0.005398
-0.005393
-0.004740
-0.003775
-0.002125
-0.000186
0.001335
0.002116
0.002430
0.002233
0.001372
0.000397
-0.000804
-0.002490
-0.004360
-0.006224
-0.007874
-0.009330
-0.010848
-0.011810
-0.012067
-0.012208
-0.011825
-0.011090
-0.010707
-0.010152
-0.009210
-0.008423
-0.007205
-0.004824
-0.002296
-0.000583
0.000791
0.002054
0.003340
0.004916
0.006143
0.006589
0.006808
0.007154
0.007867
0.008710
0.008578
0.007909
0.007166
0.006373
0.006390
0.006625
0.006653
0.007003
0.007057
0.006515
0.006247
0.006424
0.006686
0.006510
0.005708
0.004695
0.003949
0.004216
0.004756
0.004638
0.005257
0.006622
0.007084
0.006653
0.005685
0.004330
0.002553
0.000163
-0.002302
-0.004863
-0.008245
-0.012073
-0.014954
-0.016604
-0.018254
-0.020172
-0.021636
-0.022355
-0.022402
-0.022226
-0.021967
-0.021121
-0.019338
-0.017239
-0.015607
-0.014232
-0.013319
-0.013364
-0.013864
-0.014348
-0.015259
-0.016853
-0.018395
-0.019879
-0.021393
-0.022024
-0.021950
-0.021881
-0.021679
-0.021052
-0.020542
-0.020384
-0.020932
-0.022493
-0.023412
-0.023278
-0.023381
-0.024112
-0.024763
-0.024445
-0.023525
-0.023235
-0.023619
-0.023440
-0.022627
-0.021590
-0.020320
-0.018948
-0.017208
-0.014839
-0.012216
-0.010087
-0.008118
-0.006168
-0.004719
-0.003292
-0.001924
-0.001179
-0.000672
0.000035
0.000553
0.000712
0.000318
-0.001168
-0.003153
-0.004791
-0.005841
-0.006663
-0.007964
-0.009583
-0.010378
-0.009619
-0.008427
-0.007894
-0.007518
-0.006191
-0.004086
-0.002551
-0.001702
-0.000543
0.001156
0.002812
0.004356
0.006020
0.007616
0.008831
0.009847
0.010879
0.011621
0.012382
0.013405
0.014069
0.013941
0.013343
0.012733
0.012016
0.011183
0.009965
0.008307
0.006691
0.005318
0.004283
0.003294
0.002140
0.001236
0.000696
0.000258
-0.000025
0.000090
0.000626
0.000921
0.000743
0.001205
0.002142
0.002181
0.001166
-0.000120
-0.000890
-0.001367
-0.001962
-0.002516
-0.003480
-0.004671
-0.005272
-0.005950
-0.007047
-0.007755
-0.007990
-0.008076
-0.007679
-0.006725
-0.005565
-0.004150
-0.002400
-0.000200
0.002406
0.004686
0.006419
0.008438
0.011012
0.013324
0.014770
0.015837
0.016560
0.016440
0.015981
0.016010
0.016466
0.016528
0.015853
0.015227
0.014882
0.014415
0.013956
0.013148
0.011676
0.010321
0.009230
0.007489
0.005153
0.002626
-0.000380
-0.003492
-0.005740
-0.006567
-0.005988
-0.004432
-0.002037
0.001170
0.004577
0.007303
0.008698
0.009085
0.009328
0.009673
0.010168
0.011517
0.014071
0.016924
0.018941
0.019756
0.019789
0.019347
0.018454
0.016604
0.012866
0.008618
0.006299
0.005365
0.004752
0.005138
0.006853
0.008941
0.010157
0.011114
0.012287
0.012544
0.011795
0.010886
0.010427
0.010510
0.011222
0.012675
0.014407
0.015817
0.016969
0.018434
0.019693
0.019337
0.017155
0.014055
0.010909
0.008036
0.005359
0.003035
0.001443
0.000978
0.001760
0.003281
0.005107
0.007226
0.009123
0.010301
0.011389
0.012598
0.013350
0.014114
0.015330
0.016288
0.016734
0.017660
0.019388
0.021110
0.022177
0.022499
0.022303
0.021575
0.020402
0.018896
0.017262
0.015745
0.014440
0.013228
0.011963
0.010993
0.009920
0.008477
0.007107
0.005528
0.003766
0.002767
0.002814
0.003430
0.004770
0.006859
0.009091
0.011208
0.013319
0.015437
0.017157
0.017933
0.017976
0.018155
0.018213
0.017281
0.015617
0.013758
0.012324
0.011247
0.010152
0.009110
0.007986
0.007237
0.006783
0.006129
0.005628
0.005864
0.007136
0.008801
0.010120
0.011437
0.013083
0.014401
0.014618
0.013745
0.012464
0.011099
0.009659
0.008750
0.008697
0.009380
0.010455
0.011714
0.013048
0.013756
0.014263
0.015586
0.016417
0.015081
0.012782
0.010486
0.007286
0.003015
-0.002096
-0.007263
-0.011391
-0.014573
-0.016595
-0.017012
-0.016221
-0.014794
-0.012793
-0.010074
-0.007267
-0.005110
-0.003252
-0.001151
0.000829
0.002326
0.003191
0.003540
0.003558
0.002895
0.001544
-0.000065
-0.001763
-0.003451
-0.004886
-0.006313
-0.008073
-0.009406
-0.009489
-0.009051
-0.008516
-0.007690
-0.006974
-0.006178
-0.004955
-0.003728
-0.003171
-0.003115
-0.003015
-0.003187
-0.003849
-0.004512
-0.004771
-0.004841
-0.005260
-0.005856
-0.006054
-0.005744
-0.005428
-0.004768
-0.003395
-0.002073
-0.000799
0.000626
0.002080
0.003404
0.004091
0.004400
0.004661
0.003771
0.001818
0.000491
0.000477
0.001073
0.001295
0.000548
-0.000714
-0.001349
-0.001479
-0.001531
-0.001243
-0.000677
-0.000576
-0.001085
-0.001597
-0.001999
-0.002031
-0.001879
-0.002135
-0.002396
-0.001988
-0.001409
-0.001378
-0.001699
-0.002037
-0.001980
-0.001793
-0.001906
-0.002195
-0.002397
-0.001923
-0.001025
-0.000331
-0.000019
-0.000156
-0.000693
-0.001334
-0.001194
-0.001063
-0.002217
-0.003622
-0.004665
-0.005746
-0.007308
-0.009449
-0.011732
-0.014248
-0.017011
-0.019205
-0.020252
-0.020540
-0.020483
-0.020018
-0.019056
-0.017796
-0.016681
-0.015706
-0.014626
-0.013675
-0.012997
-0.012696
-0.012731
-0.012652
-0.012806
-0.013380
-0.013583
-0.013309
-0.013239
-0.013242
-0.012620
-0.011882
-0.011427
-0.010820
-0.010063
-0.009108
-0.008478
-0.008870
-0.009832
-0.010958
-0.012466
-0.014319
-0.015890
-0.017054
-0.018441
-0.020138
-0.021464
-0.022436
-0.023294
-0.023581
-0.023158
-0.022393
-0.021671
-0.020211
-0.017808
-0.016013
-0.014898
-0.013143
-0.011039
-0.009769
-0.009510
-0.009588
-0.009332
-0.009152
-0.009362
-0.009427
-0.008958
-0.008212
-0.007621
-0.007210
-0.006636
-0.005609
-0.004969
-0.005064
-0.005107
-0.005058
-0.005031
-0.004646
-0.003989
-0.003655
-0.003543
-0.003349
-0.002875
-0.002127
-0.001836
-0.002032
-0.002001
-0.002044
-0.002583
-0.003381
-0.004783
-0.006594
-0.007940
-0.008718
-0.009186
-0.009234
-0.008549
-0.007236
-0.005849
-0.004855
-0.003829
-0.002030
-0.000215
0.000705
0.001713
0.003414
0.004470
0.004329
0.003709
0.003072
0.002196
0.000573
-0.001416
-0.003068
-0.003950
-0.004589
-0.005557
-0.006058
-0.005634
-0.004771
-0.003914
-0.003158
-0.002344
-0.001001
0.000803
0.001970
0.002184
0.002209
0.002593
0.003002
0.003109
0.003335
0.003558
0.003033
0.001984
0.001179
0.000456
-0.000131
-0.000443
-0.001151
-0.002046
-0.002471
-0.002518
-0.002535
-0.002608
-0.002215
-0.001558
-0.001108
-0.000559
-0.000069
0.000596
0.001675
0.002777
0.004294
0.006307
0.007907
0.009196
0.011092
0.012620
0.012642
0.012175
0.012148
0.011925
0.010982
0.010127
0.009886
0.010301
0.010913
0.011091
0.011768
0.013405
0.014977
0.016043
0.016876
0.017678
0.018307
0.018195
0.017039
0.015715
0.014800
0.013818
0.012802
0.011820
0.010658
0.009598
0.009081
0.009014
0.008995
0.009019
0.009212
0.009374
0.009315
0.009177
0.008899
0.008200
0.007166
0.005639
0.003543
0.001063
-0.001260
-0.002745
-0.003630
-0.004285
-0.004476
-0.004547
-0.004997
-0.005273
-0.005158
-0.005070
-0.005073
-0.004725
-0.003929
-0.002743
-0.000905
0.001185
0.002712
0.003316
0.003638
0.004164
0.004516
0.004163
0.003025
0.002400
0.002807
0.003332
0.004113
0.004934
0.005248
0.005904
0.007041
0.007915
0.008609
0.009453
0.010379
0.011378
0.012506
0.013276
0.013424
0.013748
0.014560
0.014897
0.014559
0.014643
0.014951
0.014310
0.013175
0.012499
0.012150
0.011878
0.011735
0.011403
0.010525
0.009741
0.009647
0.009536
0.008660
0.007181
0.005861
0.005102
0.004461
0.003480
0.002148
0.000774
-0.000136
-0.000647
-0.001204
-0.001815
-0.002394
-0.002997
-0.003687
-0.004177
-0.004393
-0.004573
-0.004560
-0.003977
-0.002697
-0.001340
-0.000371
0.000691
0.002448
0.004689
0.006725
0.008315
0.009972
0.011523
0.012145
0.012910
0.014202
0.014415
0.013025
0.011210
0.010018
0.008649
0.006691
0.004988
0.003729
0.002698
0.001888
0.001647
0.001899
0.001830
0.001398
0.001119
0.001263
0.001382
0.001180
0.001324
0.001699
0.001640
0.001089
0.000489
-0.000162
-0.000692
-0.000697
-0.000838
-0.001296
-0.001631
-0.001940
-0.002387
-0.002633
-0.002393
-0.002024
-0.001586
-0.001032
-0.000634
-0.000231
0.000314
0.000716
0.000933
0.000962
0.000807
0.001038
0.001704
0.002037
0.002054
0.002472
0.003065
0.003167
0.003278
0.003443
0.002686
0.001230
-0.000072
-0.001282
-0.002660
-0.004154
-0.005869
-0.007180
-0.007696
-0.008189
-0.008626
-0.008384
-0.007177
-0.005127
-0.002664
-0.000135
0.002488
0.004772
0.006154
0.006831
0.006778
0.006165
0.005394
0.004580
0.003703
0.002995
0.002864
0.002997
0.002541
0.001367
0.000284
-0.000703
-0.002329
-0.004651
-0.006760
-0.007838
-0.008447
-0.009135
-0.009337
-0.008522
-0.007195
-0.006360
-0.005720
-0.004829
-0.004660
-0.005361
-0.005726
-0.005524
-0.005906
-0.006687
-0.006562
-0.005873
-0.005561
-0.005696
-0.005557
-0.004962
-0.004830
-0.005200
-0.005621
-0.005904
-0.006176
-0.006639
-0.006678
-0.006184
-0.005680
-0.005238
-0.004522
-0.003519
-0.002775
-0.002172
-0.001546
-0.001823
-0.003282
-0.004951
-0.006174
-0.006941
-0.007672
-0.008887
-0.010281
-0.011199
-0.011667
-0.011916
-0.011907
-0.011660
-0.011547
-0.011735
-0.011697
-0.011164
-0.010444
-0.010081
-0.010225
-0.010412
-0.010114
-0.009490
-0.009335
-0.009316
-0.008488
-0.006740
-0.004843
-0.003452
-0.002265
-0.001074
-0.000484
-0.000673
-0.001100
-0.001985
-0.003407
-0.004465
-0.004891
-0.005328
-0.006030
-0.006463
-0.006203
-0.005583
-0.004920
-0.004195
-0.003674
-0.003580
-0.003611
-0.003181
-0.002363
-0.001727
-0.001426
-0.001362
-0.000938
0.000464
0.002301
0.003833
0.005327
0.006663
0.007087
0.007058
0.007066
0.006343
0.004794
0.003125
0.001298
-0.000764
-0.002665
-0.004050
-0.004347
-0.003364
-0.001801
-0.000613
0.000065
0.001452
0.003819
0.005844
0.006753
0.006681
0.006569
0.006915
0.006652
0.005266
0.004037
0.003579
0.002847
0.001702
0.000794
-0.000119
-0.001165
-0.002426
-0.004220
-0.006132
-0.007716
-0.008961
-0.009929
-0.010680
-0.011080
-0.010978
-0.010644
-0.010244
-0.009348
-0.007682
-0.005814
-0.004470
-0.003563
-0.002347
-0.000852
0.000113
0.000623
0.001248
0.001664
0.001357
0.001007
0.001061
0.000792
-0.000074
-0.000658
-0.000417
-0.000100
-0.000164
-0.000012
0.000601
0.001372
0.001913
0.001878
0.001542
0.001428
0.001557
0.001852
0.002496
0.003423
0.004585
0.005979
0.007201
0.008062
0.008601
0.008807
0.008505
0.007763
0.006863
0.005350
0.003385
0.001926
0.001146
0.000473
-0.000228
-0.000093
0.001005
0.002256
0.003218
0.003773
0.004331
0.004986
0.005041
0.004585
0.004162
0.003504
0.002350
0.001144
0.000151
-0.000852
-0.001647
-0.001832
-0.001952
-0.002773
-0.003823
-0.004391
-0.005015
-0.006213
-0.007188
-0.007083
-0.006101
-0.004752
-0.003263
-0.001827
-0.000482
0.000714
0.001466
0.001666
0.001419
0.000804
-0.000001
-0.000667
-0.001039
-0.001267
-0.001252
-0.000922
-0.000603
-0.000346
-0.000045
0.000266
0.000606
0.001241
0.002368
0.003367
0.003573
0.003421
0.003769
0.004480
0.004782
0.004451
0.003950
0.003813
0.003727
0.003181
0.002725
0.002409
0.001540
0.000590
0.000066
-0.000796
-0.002058
-0.002429
-0.001923
-0.001396
-0.000685
0.000489
0.001868
0.002661
0.002535
0.002205
0.002095
0.001721
0.000842
-0.000117
-0.000686
-0.000719
-0.000615
-0.000567
-0.000600
-0.001060
-0.001812
-0.002376
-0.002874
-0.003910
-0.005198
-0.006118
-0.006909
-0.007408
-0.007229
-0.006947
-0.006735
-0.005866
-0.004144
-0.002320
-0.001213
-0.000745
-0.000052
0.001314
0.002566
0.002754
0.002215
0.002107
0.002680
0.003141
0.002725
0.001833
0.001159
0.000554
-0.000015
-0.000268
-0.000200
0.000101
0.000879
0.002107
0.003457
0.004589
0.005533
0.006730
0.007584
0.007303
0.006478
0.005567
0.004390
0.003552
0.003407
0.003152
0.002475
0.002062
0.002069
0.002328
0.003311
0.004838
0.005813
0.005641
0.005210
0.005258
0.005149
0.004491
0.003659
0.003238
0.003292
0.003564
0.003996
0.004453
0.004906
0.005518
0.006004
0.005801
0.004948
0.003872
0.002871
0.002172
0.001804
0.001372
0.001115
0.001512
0.001903
0.001864
0.001712
0.001817
0.002286
0.002691
0.002735
0.002490
0.002569
0.003477
0.004644
0.005308
0.005347
0.005545
0.006729
0.008062
0.008348
0.008027
0.008032
0.008076
0.007771
0.007811
0.008232
0.008597
0.009206
0.010167
0.011336
0.012724
0.014213
0.016040
0.017793
0.018653
0.019290
0.019825
0.019781
0.019324
0.018467
0.017484
0.016865
0.016813
0.016944
0.016936
0.016946
0.016791
0.016362
0.016173
0.016175
0.015505
0.014357
0.013527
0.012678
0.012145
0.012675
0.013390
0.013778
0.014372
0.015373
0.016013
0.015985
0.015928
0.015646
0.014727
0.013447
0.012291
0.011101
0.009354
0.007609
0.006601
0.005995
0.005434
0.004950
0.004550
0.004284
0.004095
0.004024
0.004578
0.005330
0.005287
0.004685
0.004429
0.004434
0.003997
0.003512
0.002949
0.001835
0.000937
0.000730
0.000470
-0.000141
-0.000695
-0.001175
-0.001660
-0.002306
-0.003204
-0.003994
-0.004320
-0.004331
-0.004429
-0.004452
-0.003895
-0.002866
-0.002071
-0.001699
-0.001314
-0.000644
-0.000050
-0.000165
-0.000532
-0.000652
-0.001076
-0.002113
-0.003422
-0.004967
-0.006819
-0.008439
-0.009899
-0.011242
-0.012041
-0.012361
-0.012586
-0.012658
-0.012302
-0.011748
-0.011026
-0.010276
-0.009858
-0.009726
-0.009382
-0.009012
-0.009182
-0.009697
-0.010193
-0.010161
-0.009618
-0.009172
-0.009200
-0.009406
-0.009184
-0.008697
-0.008216
-0.007769
-0.007305
-0.006875
-0.006773
-0.007000
-0.007290
-0.007428
-0.007228
-0.007095
-0.007592
-0.008331
-0.008752
-0.008713
-0.008472
-0.008454
-0.008502
-0.008344
-0.008037
-0.007783
-0.007990
-0.008430
-0.008758
-0.008960
-0.008828
-0.008610
-0.008609
-0.008703
-0.008619
-0.008044
-0.007206
-0.006868
-0.007056
-0.006950
-0.006470
-0.006123
-0.006255
-0.006601
-0.006338
-0.005899
-0.006325
-0.006914
-0.006719
-0.006562
-0.006943
-0.006948
-0.006373
-0.005922
-0.005545
-0.004962
-0.004518
-0.004311
-0.004106
-0.004266
-0.004912
-0.005246
-0.005071
-0.005004
-0.005449
-0.005931
-0.005901
-0.005876
-0.006586
-0.007807
-0.008922
-0.009772
-0.010465
-0.011161
-0.011807
-0.012311
-0.012251
-0.011354
-0.010566
-0.010353
-0.009999
-0.009101
-0.008064
-0.007545
-0.007798
-0.008004
-0.007614
-0.007581
-0.007848
-0.007310
-0.006034
-0.004746
-0.003567
-0.002356
-0.001457
-0.000715
0.000688
0.002314
0.002924
0.002985
0.003433
0.003667
0.003257
0.002575
0.001693
0.000620
-0.000774
-0.002322
-0.003408
-0.004282
-0.005271
-0.005755
-0.005451
-0.004902
-0.004288
-0.003584
-0.003250
-0.003415
-0.003696
-0.003708
-0.003433
-0.003589
-0.003950
-0.003816
-0.003932
-0.004403
-0.004383
-0.003997
-0.003740
-0.003546
-0.003273
-0.002672
-0.001747
-0.000937
-0.000319
0.000375
0.001466
0.002650
0.003473
0.003894
0.004011
0.004276
0.005190
0.006098
0.005794
0.004830
0.004604
0.004896
0.005006
0.004992
0.005049
0.005350
0.005399
0.004858
0.004377
0.004355
0.004458
0.004374
0.004425
0.004839
0.005020
0.004647
0.004465
0.004990
0.005628
0.005924
0.006084
0.006463
0.007036
0.007269
0.007420
0.007603
0.007292
0.006600
0.005724
0.004986
0.004613
0.004349
0.004193
0.004285
0.004583
0.005057
0.005696
0.006588
0.007793
0.008661
0.008849
0.008799
0.009166
0.009810
0.009509
0.008603
0.008218
0.007933
0.007130
0.006156
0.005641
0.005482
0.004966
0.004116
0.003441
0.002775
0.001787
0.000797
-0.000103
-0.001315
-0.002692
-0.003611
-0.003726
-0.003811
-0.004733
-0.006112
-0.007206
-0.008155
-0.009433
-0.010724
-0.011494
-0.012332
-0.013637
-0.014858
-0.015516
-0.015612
-0.015750
-0.015928
-0.015633
-0.014891
-0.013921
-0.012664
-0.011592
-0.010834
-0.009694
-0.008298
-0.007402
-0.007355
-0.007417
-0.006854
-0.006307
-0.006481
-0.007031
-0.007391
-0.007863
-0.008562
-0.009043
-0.009821
-0.010860
-0.011479
-0.011859
-0.012068
-0.011812
-0.010817
-0.009646
-0.009240
-0.009177
-0.008813
-0.008353
-0.008291
-0.008405
-0.008004
-0.007680
-0.008113
-0.008372
-0.007371
-0.005597
-0.004083
-0.003517
-0.003913
-0.004159
-0.003813
-0.003759
-0.004181
-0.004224
-0.004232
-0.004615
-0.004585
-0.003942
-0.003448
-0.003598
-0.003943
-0.004077
-0.003988
-0.003736
-0.003641
-0.003876
-0.004080
-0.004002
-0.003541
-0.002591
-0.001992
-0.001985
-0.001473
-0.000683
-0.000727
-0.001433
-0.001897
-0.002306
-0.003314
-0.004633
-0.005710
-0.006558
-0.007453
-0.008349
-0.008703
-0.008461
-0.008203
-0.007779
-0.007226
-0.006763
-0.005959
-0.005182
-0.005154
-0.005481
-0.005413
-0.004977
-0.004863
-0.005418
-0.006257
-0.006826
-0.007351
-0.008211
-0.008832
-0.008711
-0.008551
-0.008713
-0.008476
-0.008032
-0.007992
-0.007937
-0.007398
-0.006351
-0.005108
-0.004185
-0.003469
-0.002486
-0.001114
0.000102
0.000658
0.000948
0.001421
0.001549
0.001037
0.000496
0.000007
-0.000625
-0.001005
-0.001014
-0.001130
-0.001194
-0.000949
-0.000672
-0.000342
-0.000107
-0.000047
0.000364
0.000974
0.001360
0.002090
0.003097
0.003557
0.003700
0.004090
0.004370
0.004384
0.004405
0.003920
0.002779
0.001776
0.001494
0.001635
0.001664
0.001664
0.001885
0.002468
0.003343
0.004080
0.004556
0.005070
0.005659
0.006114
0.006394
0.006592
0.006744
0.006954
0.007481
0.008329
0.008829
0.009143
0.009973
0.010745
0.011077
0.011266
0.011619
0.012109
0.012275
0.012405
0.012888
0.013056
0.012513
0.011637
0.010662
0.009885
0.009565
0.009273
0.008215
0.006627
0.005907
0.005976
0.005385
0.004375
0.004178
0.004315
0.003920
0.003799
0.004554
0.005666
0.006665
0.007660
0.008878
0.009831
0.010188
0.010217
0.009940
0.009686
0.009582
0.009186
0.008767
0.008553
0.008344
0.008300
0.008537
0.008789
0.009129
0.009615
0.009699
0.009334
0.009158
0.009619
0.010245
0.010150
0.009282
0.008453
0.008093
0.007616
0.006687
0.005669
0.004875
0.004403
0.003935
0.003351
0.003233
0.003365
0.003162
0.002978
0.003227
0.003849
0.004320
0.004661
0.005406
0.006250
0.007003
0.008380
0.010506
0.012512
0.013680
0.013939
0.013954
0.014180
0.014375
0.014252
0.013624
0.012715
0.012119
0.011959
0.011815
0.011337
0.010521
0.009782
0.009459
0.009321
0.008969
0.008454
0.008053
0.007695
0.007238
0.006533
0.005231
0.003633
0.002544
0.001836
0.001180
0.000548
0.000055
-0.000025
-0.000190
-0.000858
-0.001472
-0.001634
-0.001678
-0.002044
-0.002499
-0.002660
-0.002719
-0.002478
-0.001588
-0.000283
0.001409
0.003299
0.004891
0.006352
0.007906
0.009531
0.011128
0.011759
0.011079
0.010572
0.010984
0.011463
0.011486
0.011178
0.010495
0.009756
0.009496
0.009099
0.007947
0.006641
0.005845
0.005405
0.004619
0.003440
0.002565
0.002193
0.002015
0.001755
0.001383
0.001231
0.001547
0.002038
0.002200
0.002300
0.002722
0.002737
0.002316
0.001975
0.001467
0.001258
0.001641
0.001746
0.001260
0.000904
0.001077
0.001424
0.001713
0.001879
0.001481
0.000489
-0.000114
0.000098
0.000598
0.001013
0.001160
0.001249
0.001361
0.001286
0.001303
0.001613
0.002289
0.003231
0.003924
0.004180
0.004067
0.003834
0.003733
0.002939
0.001053
-0.000633
-0.001340
-0.001369
-0.001243
-0.001803
-0.003495
-0.005021
-0.005264
-0.005023
-0.005025
-0.005351
-0.005328
-0.004324
-0.002914
-0.001603
-0.000430
0.000885
0.002365
0.003683
0.004964
0.005884
0.006055
0.006023
0.006361
0.006625
0.005876
0.004285
0.003143
0.002935
0.002666
0.001568
0.000363
-0.000234
-0.000928
-0.002238
-0.003774
-0.005077
-0.006316
-0.007594
-0.008387
-0.008838
-0.009291
-0.009832
-0.010091
-0.009450
-0.008414
-0.007381
-0.006027
-0.004676
-0.004063
-0.003935
-0.003690
-0.003942
-0.005134
-0.006477
-0.007147
-0.007262
-0.007554
-0.007788
-0.007184
-0.006251
-0.005647
-0.004870
-0.003836
-0.003450
-0.003701
-0.003752
-0.003819
-0.004512
-0.005239
-0.005408
-0.005708
-0.006326
-0.006246
-0.005174
-0.004284
-0.004254
-0.004273
-0.003963
-0.003873
-0.004013
-0.003776
-0.003479
-0.003821
-0.004461
-0.004977
-0.005411
-0.005777
-0.006018
-0.006238
-0.006318
-0.005790
-0.004828
-0.004321
-0.004678
-0.005276
-0.005150
-0.004510
-0.004163
-0.004191
-0.004418
-0.004456
-0.004352
-0.004251
-0.004038
-0.004005
-0.004049
-0.003723
-0.003440
-0.003752
-0.004129
-0.004098
-0.003878
-0.004020
-0.004647
-0.005090
-0.005192
-0.005256
-0.005025
-0.004258
-0.003467
-0.002823
-0.001741
-0.000338
0.000380
0.000424
0.000257
-0.000322
-0.001020
-0.001475
-0.001919
-0.002488
-0.003085
-0.003426
-0.003181
-0.002710
-0.002506
-0.002456
-0.002373
-0.002100
-0.001400
-0.000739
-0.000644
-0.000639
-0.000343
-0.000141
-0.000142
-0.000234
-0.000592
-0.000633
0.000034
0.000620
0.000660
0.000581
0.000888
0.001825
0.002928
0.003266
0.003003
0.002816
0.002718
0.002823
0.003323
0.003511
0.002884
0.001888
0.000769
-0.000120
-0.000405
-0.000862
-0.001842
-0.002212
-0.001898
-0.002009
-0.002383
-0.002266
-0.002016
-0.001906
-0.001688
-0.001537
-0.001356
-0.001044
-0.001067
-0.001381
-0.001479
-0.001367
-0.001357
-0.001383
-0.001334
-0.001405
-0.001544
-0.001439
-0.001172
-0.001135
-0.001391
-0.001634
-0.001584
-0.001416
-0.001282
-0.001155
-0.001069
-0.000907
-0.000707
-0.000673
-0.000890
-0.000971
-0.000655
-0.000525
-0.000641
-0.000397
0.000206
0.000630
0.000765
0.001101
0.001649
0.002114
0.002448
0.002272
0.001491
0.000972
0.000934
0.000397
-0.000529
-0.000810
-0.000997
-0.001755
-0.002226
-0.002317
-0.003043
-0.004295
-0.005172
-0.005788
-0.006323
-0.006401
-0.005965
-0.005173
-0.004419
-0.003931
-0.003379
-0.001956
0.000161
0.001569
0.001965
0.002003
0.002163
0.002651
0.003015
0.002994
0.002938
0.002718
0.002545
0.002960
0.003582
0.004119
0.004710
0.005082
0.004805
0.003927
0.002789
0.001644
0.000625
-0.000092
-0.000262
-0.000413
-0.001142
-0.002025
-0.002651
-0.002756
-0.002352
-0.002105
-0.001957
-0.001573
-0.001303
-0.000768
0.000660
0.002094
0.002708
0.003215
0.004308
0.005539
0.006280
0.006732
0.007280
0.008176
0.009234
0.009751
0.009694
0.009589
0.009475
0.008944
0.007983
0.007118
0.006232
0.004987
0.003664
0.002186
0.000692
-0.000237
-0.000713
-0.001313
-0.001811
-0.001697
-0.001407
-0.001248
-0.001214
-0.001439
-0.001967
-0.002411
-0.002250
-0.001878
-0.001635
-0.001319
-0.001228
-0.001827
-0.002904
-0.003707
-0.003967
-0.004554
-0.006076
-0.007640
-0.008444
-0.008730
-0.009026
-0.009401
-0.009034
-0.007570
-0.006228
-0.005752
-0.005466
-0.005037
-0.004677
-0.004455
-0.004583
-0.005369
-0.006686
-0.008071
-0.008958
-0.009637
-0.011087
-0.012833
-0.013687
-0.013621
-0.013573
-0.014111
-0.014602
-0.014553
-0.014619
-0.015174
-0.015344
-0.014764
-0.014251
-0.014106
-0.013571
-0.012289
-0.011008
-0.010470
-0.010260
-0.009495
-0.008642
-0.008296
-0.008061
-0.007716
-0.007593
-0.008104
-0.008636
-0.008620
-0.008518
-0.008514
-0.008433
-0.008300
-0.008090
-0.007798
-0.007685
-0.007626
-0.007338
-0.007291
-0.007580
-0.007644
-0.007696
-0.007972
-0.007797
-0.007238
-0.007224
-0.007498
-0.007472
-0.007654
-0.008289
-0.008751
-0.008851
-0.009068
-0.009506
-0.009851
-0.010015
-0.010034
-0.010026
-0.010308
-0.010518
-0.010058
-0.009062
-0.008024
-0.007334
-0.006716
-0.005677
-0.004436
-0.003621
-0.003081
-0.002556
-0.002387
-0.002159
-0.001591
-0.001539
-0.002193
-0.002641
-0.002468
-0.002176
-0.001992
-0.001636
-0.001113
-0.000659
-0.000153
0.000580
0.000852
0.000438
0.000207
0.000357
0.000297
-0.000113
-0.000338
-0.000388
-0.000427
0.000098
0.000874
0.000912
0.000461
0.000414
0.000720
0.000625
-0.000376
-0.001698
-0.002289
-0.002501
-0.003047
-0.003290
-0.002821
-0.002373
-0.002433
-0.002756
-0.002832
-0.002339
-0.001573
-0.001008
-0.000554
0.000205
0.001194
0.002184
0.003091
0.003406
0.003378
0.004178
0.005463
0.005845
0.005630
0.005927
0.006424
0.006089
0.005156
0.004616
0.004250
0.003670
0.003411
0.003573
0.003824
0.004029
0.003977
0.003946
0.004320
0.004725
0.005174
0.005875
0.006249
0.006038
0.005834
0.005869
0.005750
0.005257
0.004644
0.004341
0.004223
0.003840
0.003596
0.004064
0.004563
0.004404
0.004269
0.005083
0.006667
0.007725
0.007901
0.008351
0.009520
0.010621
0.010863
0.010498
0.010476
0.010901
0.011006
0.010653
0.010128
0.009716
0.009967
0.010508
0.010543
0.010198
0.009714
0.009340
0.009233
0.009166
0.009026
0.008668
0.008193
0.007975
0.007750
0.007181
0.006610
0.006320
0.006130
0.005926
0.005983
0.006363
0.006704
0.006850
0.006762
0.006758
0.007055
0.007139
0.007084
0.006969
0.006422
0.005670
0.005115
0.004845
0.004696
0.004512
0.004451
0.004695
0.005179
0.005439
0.005263
0.005305
0.006048
0.006783
0.006633
0.005893
0.005398
0.005660
0.006555
0.007483
0.007987
0.008462
0.009241
0.009638
0.009411
0.009139
0.009024
0.008786
0.008213
0.007517
0.007114
0.006663
0.005961
0.005598
0.005302
0.004790
0.004218
0.003275
0.002334
0.001718
0.000839
-0.000393
-0.001137
-0.000873
-0.000089
0.000644
0.001367
0.002061
0.002297
0.002389
0.003175
0.004568
0.005721
0.005892
0.005410
0.005644
0.006524
0.006528
0.005985
0.005855
0.005735
0.005633
0.005734
0.005476
0.004681
0.004096
0.003919
0.003686
0.003558
0.003553
0.003269
0.003216
0.003958
0.004499
0.004264
0.004020
0.004117
0.004215
0.004153
0.004183
0.004253
0.004432
0.005046
0.005816
0.006107
0.006084
0.006347
0.006782
0.007322
0.008156
0.008741
0.008799
0.008700
0.008320
0.007702
0.007412
0.007539
0.007507
0.006955
0.006189
0.005698
0.005729
0.006046
0.006142
0.006204
0.006424
0.006018
0.005115
0.004647
0.004271
0.003542
0.003294
0.003583
0.003412
0.003002
0.002992
0.003194
0.003230
0.003130
0.003104
0.003117
0.002999
0.002661
0.002296
0.002406
0.003144
0.003693
0.003172
0.002047
0.001641
0.001816
0.001705
0.001510
0.001472
0.001245
0.000417
-0.000134
0.000525
0.001362
0.001438
0.001315
0.001377
0.001257
0.001147
0.001410
0.001679
0.001465
0.000964
0.000831
0.001170
0.001589
0.001859
0.001920
0.001762
0.001692
0.001968
0.002275
0.002409
0.002525
0.002594
0.002413
0.002053
0.002036
0.002133
0.001656
0.000826
0.000316
0.000486
0.000857
0.000825
0.000505
0.000095
-0.000227
-0.000120
0.000062
-0.000082
-0.000234
-0.000280
-0.000444
-0.000597
-0.000515
-0.000622
-0.000850
-0.000711
-0.000367
-0.000052
0.000146
0.000094
-0.000143
-0.000135
-0.000046
-0.000168
-0.000142
-0.000181
-0.000670
-0.001367
-0.001889
-0.001883
-0.001551
-0.001680
-0.002486
-0.003362
-0.003428
-0.002680
-0.002128
-0.001951
-0.001839
-0.001946
-0.001827
-0.001118
-0.000611
-0.000558
-0.000342
0.000005
0.000110
0.000250
0.000701
0.001043
0.001046
0.000830
0.000383
-0.000066
-0.000175
-0.000464
-0.001218
-0.001693
-0.001846
-0.002186
-0.002881
-0.003593
-0.003950
-0.004307
-0.004949
-0.005654
-0.005923
-0.005668
-0.005245
-0.005118
-0.005306
-0.005071
-0.004333
-0.003934
-0.004152
-0.004399
-0.004513
-0.004757
-0.005109
-0.005116
-0.005148
-0.005893
-0.006592
-0.006611
-0.006543
-0.006886
-0.007094
-0.006891
-0.006616
-0.006711
-0.007162
-0.007078
-0.006645
-0.006731
-0.007020
-0.007168
-0.007252
-0.007082
-0.006625
-0.006255
-0.006289
-0.006512
-0.006450
-0.006122
-0.006059
-0.006251
-0.006495
-0.006906
-0.006952
-0.006320
-0.005777
-0.005517
-0.004752
-0.003769
-0.003662
-0.004177
-0.004119
-0.003342
-0.002976
-0.003538
-0.004187
-0.004149
-0.004177
-0.005380
-0.006820
-0.007155
-0.007118
-0.007708
-0.008623
-0.009253
-0.009491
-0.009707
-0.009986
-0.010119
-0.010096
-0.009861
-0.009470
-0.009330
-0.009508
-0.009847
-0.010263
-0.010483
-0.010264
-0.009725
-0.009498
-0.009795
-0.009886
-0.009335
-0.008870
-0.008832
-0.008395
-0.007275
-0.005915
-0.004843
-0.004511
-0.004440
-0.004010
-0.003661
-0.003531
-0.003166
-0.002935
-0.003079
-0.003254
-0.003393
-0.003326
-0.003037
-0.002822
-0.002818
-0.002890
-0.002913
-0.002919
-0.003142
-0.003485
-0.003512
-0.003305
-0.003303
-0.003431
-0.003067
-0.002537
-0.002235
-0.001741
-0.001151
-0.000543
0.000157
0.000814
0.001101
0.001073
0.001659
0.002569
0.002623
0.002093
0.001763
0.001611
0.001220
0.000720
0.000495
0.000271
-0.000248
-0.000804
-0.001162
-0.001274
-0.001112
-0.001051
-0.001151
-0.001239
-0.001318
-0.001226
-0.001007
-0.000602
-0.000366
-0.000731
-0.001377
-0.001758
-0.001782
-0.001824
-0.001660
-0.001135
-0.000923
-0.001113
-0.000898
-0.000191
0.000520
0.001217
0.001883
0.002461
0.003123
0.003516
0.003313
0.003214
0.003610
0.004167
0.004364
0.003643
0.002569
0.002302
0.002684
0.002778
0.002311
0.001745
0.001697
0.001910
0.001627
0.001046
0.000994
0.001295
0.001230
0.001040
0.001508
0.002770
0.003783
0.003715
0.003333
0.003562
0.003814
0.003445
0.002962
0.002892
0.003068
0.003105
0.002966
0.002880
0.002942
0.002954
0.003045
0.003472
0.003793
0.003415
0.002446
0.001660
0.001174
0.000424
-0.000578
-0.001560
-0.002224
-0.002498
-0.002866
-0.003558
-0.004175
-0.004378
-0.004033
-0.003365
-0.003022
-0.003047
-0.003085
-0.002832
-0.002062
-0.001453
-0.001322
-0.001182
-0.001137
-0.001305
-0.001117
-0.000326
0.000040
-0.000512
-0.001167
-0.001363
-0.001183
-0.001315
-0.002104
-0.003005
-0.003689
-0.004045
-0.004075
-0.004075
-0.003875
-0.003307
-0.002742
-0.002414
-0.002124
-0.001356
-0.000075
0.000783
0.000562
-0.000290
-0.000948
-0.001061
-0.000735
-0.000680
-0.001362
-0.001944
-0.001904
-0.001876
-0.002158
-0.002200
-0.001722
-0.001225
-0.001133
-0.001280
-0.001439
-0.001240
-0.000773
-0.001082
-0.002138
-0.002564
-0.002328
-0.002310
-0.002457
-0.002476
-0.002287
-0.002142
-0.002271
-0.002728
-0.003226
-0.003201
-0.002908
-0.002923
-0.003116
-0.003141
-0.003030
-0.003023
-0.003034
-0.002995
-0.003171
-0.003614
-0.003900
-0.003678
-0.003318
-0.002984
-0.002646
-0.002809
-0.003599
-0.004235
-0.003991
-0.003513
-0.003763
-0.004246
-0.004306
-0.004453
-0.004881
-0.004891
-0.004599
-0.004603
-0.004640
-0.003999
-0.002738
-0.001981
-0.002236
-0.002664
-0.002579
-0.002304
-0.002454
-0.002926
-0.003385
-0.004021
-0.004407
-0.004021
-0.003530
-0.003465
-0.003307
-0.002966
-0.002959
-0.002966
-0.002484
-0.001908
-0.001805
-0.001907
-0.001664
-0.001410
-0.001629
-0.001969
-0.002041
-0.001745
-0.001149
-0.000566
-0.000283
-0.000362
-0.000575
-0.000472
0.000191
0.001121
0.001605
0.001582
0.001846
0.002490
0.003172
0.003286
0.003297
0.003652
0.004314
0.004696
0.004374
0.003982
0.004253
0.005038
0.005530
0.005099
0.004374
0.004501
0.005344
0.005956
0.005973
0.005817
0.006210
0.007137
0.007729
0.007666
0.007348
0.007198
0.007297
0.007132
0.006410
0.005473
0.004676
0.004333
0.004536
0.004737
0.004384
0.004013
0.004539
0.005528
0.005592
0.004720
0.004164
0.004345
0.004765
0.004661
0.004384
0.005069
0.006033
0.006028
0.005561
0.005360
0.005285
0.005244
0.005161
0.004605
0.003756
0.003569
0.004068
0.004139
0.003252
0.002672
0.003517
0.004607
0.004501
0.003399
0.002563
0.002606
0.003005
0.002956
0.001955
0.000810
0.000616
0.000882
0.000642
0.000251
0.000288
0.000415
0.000654
0.001244
0.001738
0.001932
0.001770
0.001276
0.001056
0.001337
0.001648
0.001621
0.001554
0.001607
0.001592
0.001851
0.002546
0.002981
0.002445
0.001372
0.000950
0.001266
0.001515
0.001401
0.000892
0.000261
-0.000127
-0.000293
-0.000215
-0.000064
-0.000090
-0.000204
-0.000315
-0.000577
-0.000887
-0.000969
-0.001390
-0.002157
-0.001974
-0.001014
-0.000395
0.000136
0.000782
0.001237
0.001710
0.002125
0.002175
0.002250
0.002677
0.002995
0.003255
0.004031
0.004658
0.004438
0.004253
0.004930
0.005715
0.005499
0.004531
0.004024
0.004568
0.005303
0.005312
0.004877
0.004541
0.004503
0.004746
0.005159
0.005568
0.005590
0.005364
0.005289
0.005295
0.005250
0.004969
0.004689
0.004959
0.005439
0.005437
0.005131
0.004951
0.004823
0.004887
0.005348
0.005590
0.005202
0.004604
0.004356
0.004719
0.005189
0.005074
0.004874
0.005307
0.005687
0.005483
0.005149
0.004863
0.004719
0.004811
0.004888
0.004788
0.004651
0.004640
0.004705
0.004565
0.004163
0.003940
0.004099
0.004230
0.003939
0.003482
0.003589
0.004233
0.004450
0.004075
0.003882
0.004057
0.004173
0.004082
0.003853
0.003487
0.003317
0.003310
0.003002
0.002674
0.002388
0.001827
0.001277
0.001107
0.000888
-0.000128
-0.001176
-0.001275
-0.001178
-0.001300
-0.001485
-0.002075
-0.002868
-0.003172
-0.002919
-0.002651
-0.002842
-0.003377
-0.003618
-0.003594
-0.003792
-0.003953
-0.004082
-0.004586
-0.005073
-0.004966
-0.004674
-0.004748
-0.004938
-0.005068
-0.005383
-0.005932
-0.006336
-0.006294
-0.006027
-0.005689
-0.005437
-0.005487
-0.005408
-0.004982
-0.004800
-0.004915
-0.004665
-0.004154
-0.003864
-0.003613
-0.003181
-0.002880
-0.003109
-0.003640
-0.004025
-0.004288
-0.004647
-0.004891
-0.004593
-0.003985
-0.003732
-0.003965
-0.004235
-0.004338
-0.004483
-0.004654
-0.004795
-0.005185
-0.005772
-0.006173
-0.006445
-0.006928
-0.007701
-0.008294
-0.008286
-0.008027
-0.007941
-0.008018
-0.008109
-0.008006
-0.007569
-0.006898
-0.006389
-0.006341
-0.006528
-0.006560
-0.006398
-0.006252
-0.006193
-0.006014
-0.005375
-0.004729
-0.004763
-0.004951
-0.004476
-0.003588
-0.003367
-0.004030
-0.004482
-0.004249
-0.004116
-0.004575
-0.005169
-0.005303
-0.005068
-0.004925
-0.004897
-0.004767
-0.004489
-0.004242
-0.004226
-0.004482
-0.004762
-0.004787
-0.004679
-0.004658
-0.004968
-0.005454
-0.005530
-0.005234
-0.004881
-0.004313
-0.003572
-0.003365
-0.003790
-0.003828
-0.003332
-0.003134
-0.003283
-0.003352
-0.003247
-0.003146
-0.003211
-0.003454
-0.003844
-0.004159
-0.004178
-0.004037
-0.003922
-0.003872
-0.003795
-0.003686
-0.003766
-0.003880
-0.003758
-0.003585
-0.003594
-0.003651
-0.003587
-0.003477
-0.003392
-0.003350
-0.003326
-0.003389
-0.003615
-0.003715
-0.003406
-0.002851
-0.002407
-0.002243
-0.002243
-0.002158
-0.001745
-0.001129
-0.000780
-0.000656
-0.000369
0.000144
0.000729
0.001051
0.000937
0.000702
0.000663
0.000616
0.000404
0.000287
0.000334
0.000604
0.000974
0.001061
0.000824
0.000429
0.000071
0.000026
0.000215
0.000259
0.000113
-0.000072
-0.000056
0.000217
0.000343
0.000069
-0.000271
-0.000279
-0.000280
-0.000443
-0.000386
-0.000207
-0.000054
0.000177
0.000420
0.000547
0.000482
0.000407
0.000627
0.001085
0.001511
0.001723
0.001855
0.002203
0.002582
0.002683
0.002610
0.002469
0.002242
0.001962
0.001760
0.001767
0.001857
0.001862
0.001813
0.001787
0.001880
0.001958
0.001923
0.002124
0.002696
0.003209
0.003322
0.003333
0.003676
0.004303
0.004692
0.004497
0.004180
0.004378
0.004773
0.004693
0.004440
0.004443
0.004451
0.004376
0.004354
0.004346
0.004311
0.004311
0.004367
0.004465
0.004633
0.004785
0.004798
0.004706
0.004609
0.004574
0.004585
0.004546
0.004368
0.004121
0.003945
0.003755
0.003440
0.003145
0.003048
0.003108
0.003154
0.003054
0.002816
0.002494
0.002218
0.002157
0.002107
0.001828
0.001539
0.001475
0.001548
0.001597
0.001546
0.001499
0.001643
0.001884
0.001976
0.002004
0.002131
0.002213
0.002241
0.002411
0.002793
0.003124
0.003117
0.002950
0.002988
0.003177
0.003232
0.003091
0.002847
0.002660
0.002618
0.002627
0.002605
0.002542
0.002467
0.002464
0.002545
0.002622
0.002652
0.002628
0.002562
0.002558
0.002703
0.002803
0.002583
0.002243
0.002152
0.002250
0.002282
0.002229
0.002234
0.002252
0.002185
0.002113
0.002095
0.002051
0.001977
0.001954
0.001898
0.001745
0.001636
0.001650
0.001707
0.001741
0.001710
0.001594
0.001429
0.001309
0.001306
0.001338
0.001247
0.001066
0.000960
0.000923
0.000897
0.000876
0.000790
0.000634
0.000557
0.000587
0.000628
0.000641
0.000671
0.000735
0.000739
0.000678
0.000651
0.000670
0.000663
0.000624
0.000603
0.000614
0.000624
0.000592
0.000572
0.000588
0.000531
0.000421
0.000391
0.000421
0.000377
0.000235
0.000139
0.000177
0.000209
0.000136
0.000082
0.000094
0.000075
0.000036
0.000049
0.000070
0.000053
0.000021
-0.000002
-0.000058
-0.000152
-0.000183
-0.000223
-0.000388
-0.000527
-0.000569
-0.000649
-0.000740
-0.000749
-0.000733
-0.000724
-0.000652
-0.000506
-0.000360
-0.000242
-0.000148
-0.000074
-0.000005
0.000066
0.000110
0.000076
-0.000018
-0.000089
-0.000150
-0.000247
-0.000309
-0.000350
-0.000405
-0.000402
-0.000355
-0.000367
-0.000441
-0.000457
-0.000372
-0.000271
-0.000218
-0.000227
-0.000266
-0.000272
-0.000269
-0.000288
-0.000323
-0.000395
-0.000487
-0.000539
-0.000543
-0.000515
-0.000495
-0.000500
-0.000504
-0.000485
-0.000435
-0.000351
-0.000261
-0.000209
-0.000162
-0.000087
-0.000045
-0.000072
-0.000108
-0.000113
-0.000117
-0.000157
-0.000204
-0.000238
-0.000265
-0.000261
-0.000242
-0.000237
-0.000234
-0.000205
-0.000163
-0.000147
-0.000150
-0.000146
-0.000136
-0.000107
-0.000076
-0.000070
-0.000095
-0.000130
-0.000145
-0.000136
-0.000117
-0.000103
-0.000112
-0.000127
-0.000134
-0.000135
-0.000144
-0.000162
-0.000174
-0.000167
-0.000146
-0.000131
-0.000135
-0.000146
-0.000146
-0.000138
-0.000140
-0.000151
-0.000159
-0.000164
-0.000167
-0.000172
-0.000179
-0.000184
-0.000188
-0.000192
-0.000198
-0.000203
-0.000206
-0.000210
-0.000215
-0.000218
-0.000223
-0.000233
-0.000242
-0.000246
-0.000244
-0.000247
-0.000252
-0.000256
-0.000256
-0.000257
-0.000262
-0.000263
-0.000257
-0.000256
-0.000261
-0.000266
-0.000270
-0.000274
-0.000278
-0.000280
-0.000285
-0.000290
-0.000293
-0.000294
-0.000294
-0.000296
-0.000299
-0.000299
-0.000299
-0.000299
-0.000297
-0.000297
-0.000298
-0.000299
-0.000299
-0.000302
-0.000302
-0.000301
-0.000301
-0.000303
-0.000302
-0.000301
-0.000300
-0.000299
-0.000299
-0.000299
-0.000299
-0.000300
-0.000299
-0.000299
-0.000299
-0.000299
-0.000299
-0.000298
-0.000298
-0.000298
-0.000297
-0.000296
-0.000295
-0.000294
-0.000294
-0.000293
-0.000291
-0.000290
-0.000290
-0.000289
-0.000288
-0.000286
-0.000285
-0.000285
-0.000284
-0.000283
-0.000281
-0.000280
-0.000280
-0.000279
-0.000278
-0.000277
-0.000276
-0.000275
-0.000274
-0.000273
-0.000272
-0.000271
-0.000271
-0.000270
-0.000269
-0.000268
-0.000267
-0.000266
-0.000266
-0.000265
-0.000264
-0.000263
-0.000262
-0.000261
-0.000261
-0.000260
-0.000259
-0.000258
-0.000257
-0.000257
-0.000256
-0.000256
-0.000255
-0.000254
-0.000253
-0.000252
