-0.030345
-0.033939
-0.018662
0.004844
0.001804
0.001767
0.001579
0.001332
0.001126
0.001034
0.001093
0.001253
0.001413
0.001504
0.001497
0.001400
0.001265
0.001151
0.001109
0.001168
0.001276
0.001340
0.001319
0.001250
0.001201
0.001239
0.001389
0.001599
0.001735
0.001655
0.001407
0.001188
0.001171
0.001377
0.001635
0.001723
0.001557
0.001240
0.000888
0.000565
0.000415
0.000593
0.001054
0.001609
0.002131
0.002627
0.003131
0.003431
0.003178
0.002343
0.001239
0.000236
-0.000490
-0.000874
-0.000725
0.000000
0.000968
0.001611
0.001448
0.000606
-0.000205
-0.000212
0.000883
0.002689
0.004417
0.005318
0.005090
0.003961
0.002470
0.001260
0.000780
0.000932
0.001216
0.001252
0.001184
0.001353
0.001546
0.001491
0.001575
0.002355
0.003810
0.005400
0.006805
0.008280
0.010201
0.011995
0.012172
0.010115
0.006716
0.003157
0.000487
-0.000032
0.002107
0.005738
0.009189
0.011542
0.012703
0.013072
0.013192
0.013208
0.012654
0.011311
0.009594
0.007993
0.006832
0.006133
0.005206
0.003118
-0.000159
-0.003549
-0.005745
-0.006476
-0.006561
-0.006574
-0.006287
-0.005624
-0.005276
-0.005409
-0.004159
0.001292
0.010886
0.020401
0.025718
0.024808
0.017052
0.004532
-0.008387
-0.016070
-0.014296
-0.005132
0.005053
0.012353
0.017271
0.022274
0.029261
0.038155
0.045967
0.048225
0.043606
0.035183
0.026697
0.019675
0.013587
0.007121
-0.000662
-0.009548
-0.015345
-0.010190
0.008450
0.032100
0.047707
0.049203
0.040334
0.028110
0.017736
0.011081
0.006792
0.002144
-0.004711
-0.014723
-0.028107
-0.043517
-0.059064
-0.073498
-0.080474
-0.067322
-0.030339
0.018836
0.061630
0.079916
0.068438
0.041186
0.017163
0.004449
-0.001076
-0.004907
-0.005408
0.000398
0.010022
0.019015
0.024982
0.027148
0.026326
0.024600
0.024521
0.029271
0.040190
0.054341
0.069213
0.089618
0.122830
0.167885
0.210221
0.226639
0.207713
0.170305
0.138865
0.123350
0.117132
0.108732
0.092176
0.068950
0.044058
0.021413
0.001732
-0.016387
-0.034749
-0.054380
-0.075034
-0.095154
-0.112545
-0.127558
-0.143827
-0.164026
-0.186562
-0.205070
-0.215314
-0.222410
-0.230936
-0.233266
-0.204440
-0.112075
0.027553
0.134773
0.156242
0.118136
0.078419
0.070147
0.089657
0.116493
0.134871
0.141350
0.138973
0.126534
0.100424
0.064675
0.028211
-0.004139
-0.033639
-0.064611
-0.100067
-0.139550
-0.180546
-0.222206
-0.256635
-0.241229
-0.127508
0.044734
0.161236
0.164208
0.097910
0.038151
0.024659
0.048720
0.078980
0.091824
0.083767
0.067295
0.065933
0.099016
0.159678
0.215419
0.230696
0.198416
0.145773
0.103471
0.080905
0.068417
0.052654
0.027311
-0.005305
-0.033721
-0.042212
-0.026926
-0.000280
0.023432
0.039466
0.046473
0.037880
0.011610
-0.022842
-0.053465
-0.072720
-0.080233
-0.082699
-0.087147
-0.094936
-0.103324
-0.111726
-0.119618
-0.121455
-0.113576
-0.099535
-0.084811
-0.071379
-0.058634
-0.045566
-0.032449
-0.025634
-0.034154
-0.058071
-0.087763
-0.114621
-0.133051
-0.131773
-0.101456
-0.054871
-0.022303
-0.021909
-0.044107
-0.067120
-0.077689
-0.077375
-0.077157
-0.086328
-0.105577
-0.129087
-0.151049
-0.169825
-0.185511
-0.193748
-0.184366
-0.141305
-0.059800
0.026987
0.070245
0.053080
-0.000296
-0.053003
-0.085613
-0.102113
-0.116170
-0.137430
-0.167884
-0.204536
-0.237806
-0.229403
-0.132914
0.015590
0.111494
0.108937
0.052781
0.006058
-0.009019
-0.011283
-0.024923
-0.058451
-0.101395
-0.117431
-0.071683
0.009988
0.063033
0.067452
0.054422
0.055988
0.079531
0.112864
0.140293
0.155773
0.161950
0.159735
0.148361
0.131113
0.119954
0.129750
0.154451
0.169777
0.163641
0.142619
0.119129
0.101457
0.090089
0.080742
0.068852
0.052511
0.032838
0.012582
-0.006479
-0.023565
-0.034866
-0.035460
-0.025671
-0.008185
0.017123
0.047853
0.074303
0.087335
0.088408
0.082337
0.066768
0.039525
0.005354
-0.028932
-0.059489
-0.086918
-0.109985
-0.120656
-0.115205
-0.101158
-0.080850
-0.046040
-0.000014
0.037062
0.043945
0.014840
-0.030889
-0.063645
-0.068656
-0.050342
-0.023412
-0.005823
-0.009728
-0.033193
-0.063123
-0.087657
-0.089566
-0.036382
0.067746
0.150379
0.152925
0.094124
0.028616
-0.011223
-0.028166
-0.041694
-0.066901
-0.105894
-0.152271
-0.197649
-0.234854
-0.260511
-0.277552
-0.290429
-0.296901
-0.292683
-0.278154
-0.257198
-0.224760
-0.154076
-0.043189
0.047194
0.064049
0.018722
-0.047233
-0.100570
-0.118436
-0.089899
-0.029372
0.032407
0.075649
0.102703
0.122743
0.133475
0.131632
0.145509
0.205934
0.276195
0.295045
0.259568
0.209302
0.175100
0.159860
0.148977
0.129464
0.098482
0.064838
0.045426
0.044793
0.041965
0.025196
0.023580
0.067060
0.132840
0.164764
0.137660
0.075545
0.015607
-0.023736
-0.047441
-0.070658
-0.104079
-0.148228
-0.196752
-0.240603
-0.271680
-0.290716
-0.300000
-0.274825
-0.178745
-0.031982
0.082795
0.105274
0.052440
-0.013754
-0.044575
-0.034001
-0.008445
0.005983
0.010854
0.030517
0.075069
0.119624
0.131666
0.108425
0.075145
0.058529
0.066779
0.088259
0.106582
0.113749
0.109465
0.094939
0.072961
0.047092
0.018649
-0.007650
-0.023661
-0.022353
0.002499
0.046786
0.094805
0.130526
0.139038
0.113501
0.065597
0.015876
-0.021981
-0.047047
-0.068157
-0.094997
-0.123183
-0.119615
-0.062999
0.006318
0.039453
0.040725
0.040983
0.051024
0.058193
0.052675
0.037874
0.021221
0.006734
-0.005904
-0.017211
-0.023266
-0.018558
-0.000162
0.030951
0.065737
0.091314
0.104240
0.110333
0.109966
0.096669
0.070777
0.040601
0.012778
-0.011529
-0.034334
-0.057753
-0.082785
-0.108970
-0.135377
-0.162812
-0.193838
-0.224784
-0.238922
-0.218135
-0.163862
-0.098753
-0.044267
-0.005203
0.021112
0.033923
0.034885
0.030472
0.023292
0.011591
-0.003079
-0.013909
-0.014886
-0.000999
0.033056
0.080380
0.115625
0.116942
0.090418
0.061009
0.046009
0.044591
0.045080
0.036679
0.016898
-0.008997
-0.031163
-0.038920
-0.030009
-0.013162
0.001529
0.007884
0.003888
-0.004294
-0.006094
0.001790
0.014543
0.026790
0.033010
0.025125
0.000774
-0.030538
-0.057199
-0.073284
-0.073134
-0.053011
-0.020382
0.009036
0.023151
0.022548
0.017844
0.018664
0.023479
0.020137
0.000829
-0.029689
-0.059551
-0.076639
-0.078574
-0.075050
-0.070303
-0.056762
-0.032792
-0.007652
0.010850
0.022265
0.031738
0.045511
0.063166
0.076263
0.078825
0.072349
0.061698
0.051030
0.041481
0.031924
0.021115
0.008834
-0.004090
-0.014771
-0.018497
-0.012455
0.000991
0.015731
0.024865
0.023315
0.011963
-0.003408
-0.017504
-0.026506
-0.027278
-0.020558
-0.011593
-0.005331
-0.004440
-0.009310
-0.014115
-0.008574
0.010613
0.034963
0.052253
0.056077
0.046748
0.028682
0.008798
-0.008008
-0.021211
-0.029591
-0.029308
-0.021192
-0.013081
-0.011248
-0.014751
-0.018318
-0.017853
-0.013273
-0.007923
-0.006182
-0.010035
-0.016886
-0.018664
-0.006458
0.021145
0.058752
0.095586
0.113500
0.100420
0.065300
0.028230
-0.000131
-0.024521
-0.051229
-0.076920
-0.094700
-0.097376
-0.079741
-0.047981
-0.018210
-0.002019
0.004113
0.012467
0.030107
0.054391
0.077342
0.092278
0.095229
0.083121
0.058262
0.031735
0.016347
0.018940
0.040186
0.073739
0.105482
0.117772
0.100696
0.063773
0.028064
0.006322
-0.003516
-0.011306
-0.025833
-0.048886
-0.075242
-0.098021
-0.114643
-0.126420
-0.132549
-0.130673
-0.121662
-0.107914
-0.091106
-0.073295
-0.056097
-0.041221
-0.032104
-0.030139
-0.031023
-0.028600
-0.019662
-0.002107
0.025286
0.055522
0.073612
0.071067
0.054430
0.036736
0.024449
0.015962
0.011536
0.014497
0.023015
0.030654
0.033420
0.032148
0.027519
0.017384
0.001556
-0.016514
-0.033179
-0.046254
-0.055855
-0.064500
-0.074408
-0.087286
-0.104895
-0.123552
-0.134999
-0.134614
-0.119768
-0.092554
-0.066344
-0.052511
-0.046686
-0.035642
-0.012824
0.016126
0.041246
0.057219
0.065995
0.072042
0.075643
0.074208
0.068036
0.060331
0.055282
0.056455
0.065931
0.077833
0.080987
0.072092
0.054313
0.040483
0.046861
0.073578
0.106967
0.132700
0.140815
0.128108
0.102357
0.077639
0.063744
0.063811
0.075982
0.093640
0.108503
0.113435
0.105156
0.088220
0.071471
0.059864
0.052798
0.047477
0.041243
0.032638
0.025027
0.029076
0.048926
0.068121
0.067018
0.045412
0.017344
-0.005203
-0.019599
-0.030380
-0.043810
-0.057992
-0.060974
-0.047588
-0.025905
-0.005778
0.009167
0.020939
0.033186
0.048016
0.065299
0.084431
0.105352
0.126012
0.136135
0.121976
0.082223
0.029507
-0.022327
-0.067484
-0.093079
-0.076432
-0.024039
0.025619
0.042033
0.022813
-0.012344
-0.041430
-0.052765
-0.041390
-0.009063
0.028695
0.047940
0.036792
0.006531
-0.022499
-0.039887
-0.048697
-0.046512
-0.017517
0.029954
0.057884
0.050917
0.030358
0.021240
0.030465
0.048427
0.060582
0.056903
0.035252
0.001950
-0.030409
-0.051256
-0.061352
-0.070209
-0.081958
-0.091197
-0.093823
-0.092355
-0.092273
-0.097679
-0.109583
-0.130536
-0.165687
-0.209400
-0.226996
-0.176761
-0.077026
-0.005323
-0.008257
-0.061082
-0.111884
-0.128356
-0.105487
-0.054750
-0.002485
0.021177
0.008482
-0.021742
-0.046042
-0.052968
-0.043906
-0.030886
-0.030622
-0.050368
-0.082155
-0.113912
-0.138381
-0.148463
-0.139174
-0.124364
-0.126913
-0.140183
-0.131809
-0.092686
-0.051317
-0.037271
-0.050642
-0.068355
-0.069661
-0.052299
-0.028175
-0.008178
0.007757
0.026877
0.052840
0.082050
0.108536
0.129638
0.144065
0.147774
0.137139
0.113282
0.083609
0.057022
0.036709
0.019573
0.000045
-0.026166
-0.057017
-0.082951
-0.084323
-0.032879
0.066046
0.150243
0.164319
0.116238
0.053497
0.012281
-0.005553
-0.018493
-0.037613
-0.061364
-0.087290
-0.107583
-0.102166
-0.056867
0.017514
0.093761
0.145116
0.159442
0.145460
0.119582
0.095073
0.077976
0.062692
0.039048
0.004065
-0.036332
-0.070659
-0.088176
-0.088626
-0.081812
-0.077575
-0.080217
-0.087775
-0.093609
-0.092836
-0.086109
-0.076253
-0.063694
-0.047361
-0.029290
-0.010277
0.014843
0.049934
0.090166
0.121735
0.131434
0.120567
0.102906
0.086236
0.063707
0.029307
0.001715
0.012691
0.063238
0.117615
0.135668
0.102905
0.041638
-0.012406
-0.042059
-0.052198
-0.054706
-0.060250
-0.073637
-0.085420
-0.079681
-0.054166
-0.020375
0.010107
0.030566
0.034188
0.015152
-0.020669
-0.058627
-0.089394
-0.114059
-0.135912
-0.150889
-0.154356
-0.145373
-0.110912
-0.036602
0.051585
0.099931
0.088021
0.044321
0.012341
0.017498
0.054136
0.097080
0.124817
0.130881
0.118152
0.092734
0.063951
0.039733
0.021967
0.008681
-0.003302
-0.017059
-0.033316
-0.047285
-0.049771
-0.035796
-0.010634
0.014679
0.032756
0.044999
0.057829
0.074791
0.092510
0.102237
0.095317
0.071880
0.044536
0.026857
0.015528
0.000373
-0.008257
0.005976
0.034332
0.053888
0.055207
0.046575
0.040411
0.037165
0.022303
-0.009943
-0.042507
-0.058766
-0.061185
-0.058428
-0.050418
-0.034569
-0.011774
0.018089
0.050410
0.071581
0.068839
0.042079
0.005692
-0.028297
-0.060181
-0.093878
-0.129472
-0.157657
-0.162410
-0.138401
-0.098534
-0.059851
-0.029700
-0.005294
0.017773
0.037366
0.049820
0.059591
0.074219
0.094963
0.117679
0.137931
0.151163
0.151643
0.138117
0.119113
0.106470
0.103659
0.104924
0.105953
0.110207
0.122009
0.138849
0.150533
0.145716
0.123809
0.095676
0.071719
0.053590
0.034896
0.009180
-0.023550
-0.059035
-0.092689
-0.118201
-0.129280
-0.128099
-0.125024
-0.128467
-0.138265
-0.146879
-0.148717
-0.148005
-0.150500
-0.153949
-0.154178
-0.151274
-0.147252
-0.143118
-0.138405
-0.132623
-0.126112
-0.119307
-0.113768
-0.114562
-0.125577
-0.139458
-0.141423
-0.126104
-0.102009
-0.080133
-0.064454
-0.051829
-0.037480
-0.019746
-0.000236
0.018940
0.037045
0.054978
0.074760
0.089367
0.079082
0.035635
-0.022326
-0.068334
-0.093653
-0.110134
-0.134046
-0.170300
-0.206321
-0.223280
-0.217242
-0.197241
-0.162114
-0.101686
-0.019743
0.062054
0.122023
0.157145
0.180290
0.199675
0.212632
0.216874
0.216598
0.218484
0.223501
0.225116
0.218823
0.206235
0.187934
0.162061
0.132982
0.114180
0.115665
0.132062
0.149594
0.159442
0.163126
0.168293
0.178288
0.187380
0.188299
0.180777
0.169761
0.159844
0.152428
0.146068
0.139132
0.130950
0.121741
0.111657
0.096997
0.071014
0.032073
-0.013029
-0.052181
-0.074359
-0.079888
-0.081626
-0.092711
-0.114836
-0.134021
-0.130177
-0.100703
-0.066634
-0.050388
-0.057081
-0.075660
-0.090688
-0.090992
-0.074315
-0.048832
-0.025478
-0.008910
0.002411
0.009366
0.009032
0.000580
-0.011138
-0.018471
-0.014869
-0.002172
0.008818
0.009310
-0.000764
-0.014136
-0.021416
-0.019762
-0.015619
-0.016460
-0.022004
-0.023667
-0.015116
-0.001578
0.007278
0.008605
0.006436
0.005894
0.006374
-0.002333
-0.027853
-0.060109
-0.079203
-0.074329
-0.051999
-0.030165
-0.023332
-0.031528
-0.044350
-0.053085
-0.056733
-0.058380
-0.058983
-0.057177
-0.053719
-0.051801
-0.052729
-0.054670
-0.053833
-0.046973
-0.034377
-0.018823
-0.006532
-0.006355
-0.017819
-0.028407
-0.029178
-0.022073
-0.012289
-0.002841
0.004404
0.005758
-0.002672
-0.018923
-0.037277
-0.055610
-0.074408
-0.092663
-0.109348
-0.123845
-0.130070
-0.117265
-0.082586
-0.038263
-0.001697
0.020393
0.035156
0.051601
0.068757
0.079572
0.081825
0.078172
0.071076
0.061851
0.051651
0.041969
0.033780
0.024661
0.007111
-0.023322
-0.053109
-0.056306
-0.023536
0.027162
0.066425
0.075608
0.060072
0.040015
0.029846
0.026909
0.020220
0.011381
0.014157
0.033092
0.059245
0.080644
0.086673
0.073542
0.050103
0.031996
0.028936
0.037480
0.046735
0.050442
0.050287
0.049901
0.050617
0.051370
0.049070
0.041439
0.029866
0.018060
0.008609
0.000774
-0.008592
-0.021727
-0.037381
-0.051672
-0.062338
-0.070182
-0.073680
-0.068284
-0.053538
-0.035457
-0.022962
-0.023221
-0.036749
-0.051938
-0.053114
-0.042020
-0.035376
-0.040114
-0.039525
-0.011049
0.036485
0.069322
0.073803
0.065749
0.064602
0.076008
0.090261
0.092443
0.077594
0.054900
0.038383
0.034903
0.040542
0.046753
0.043794
0.022017
-0.017620
-0.055457
-0.067658
-0.053285
-0.036224
-0.037916
-0.059012
-0.083694
-0.090867
-0.070056
-0.032794
-0.000185
0.016690
0.019561
0.014106
0.004923
-0.005562
-0.019166
-0.038948
-0.064249
-0.092131
-0.120188
-0.143819
-0.152938
-0.140702
-0.112184
-0.075258
-0.034785
0.002875
0.032971
0.057979
0.081748
0.098652
0.096414
0.071690
0.035430
0.001605
-0.022773
-0.039643
-0.053768
-0.064875
-0.071351
-0.077740
-0.090327
-0.099131
-0.080752
-0.030667
0.030727
0.079656
0.103232
0.104928
0.096979
0.088190
0.081562
0.075905
0.068262
0.057836
0.046846
0.037502
0.030202
0.024340
0.016122
-0.000767
-0.023715
-0.038382
-0.035043
-0.019361
-0.003824
0.005311
0.012005
0.024486
0.041779
0.049380
0.039985
0.025227
0.016747
0.015355
0.020448
0.034171
0.055366
0.078499
0.095510
0.098109
0.086216
0.068864
0.055030
0.045954
0.034967
0.016287
-0.008645
-0.032200
-0.045492
-0.047392
-0.047174
-0.054600
-0.067879
-0.074108
-0.066293
-0.052352
-0.042568
-0.039307
-0.040125
-0.042121
-0.042246
-0.037529
-0.024920
-0.005477
0.011769
0.019745
0.021566
0.024221
0.028561
0.029667
0.025328
0.019035
0.016507
0.020281
0.027734
0.034511
0.036614
0.029696
0.012560
-0.006887
-0.016673
-0.014152
-0.007425
-0.004883
-0.007418
-0.008814
-0.005023
-0.000061
0.001142
-0.001319
-0.004692
-0.006606
-0.007832
-0.012817
-0.023315
-0.033849
-0.040031
-0.046261
-0.057409
-0.069759
-0.076808
-0.078100
-0.077967
-0.078938
-0.078140
-0.072195
-0.063669
-0.057333
-0.054329
-0.054161
-0.058102
-0.066705
-0.076894
-0.084478
-0.087137
-0.081955
-0.065130
-0.038276
-0.008739
0.016302
0.034004
0.047268
0.059681
0.067270
0.062301
0.044894
0.022956
0.002857
-0.014686
-0.030670
-0.045223
-0.057004
-0.062325
-0.059613
-0.052488
-0.045792
-0.040301
-0.031830
-0.017863
-0.002198
0.010084
0.015972
0.013335
0.003338
-0.009023
-0.018435
-0.021126
-0.016424
-0.006668
0.006093
0.021857
0.041119
0.063489
0.086011
0.101316
0.102201
0.089080
0.069537
0.050829
0.035443
0.022185
0.008399
-0.007507
-0.024388
-0.039791
-0.052871
-0.063915
-0.071007
-0.071469
-0.066435
-0.058282
-0.045390
-0.024989
-0.000999
0.013039
0.005682
-0.015815
-0.031079
-0.029076
-0.016232
-0.004646
-0.000362
-0.001912
-0.004320
-0.003320
0.000647
0.000825
-0.008512
-0.022313
-0.029333
-0.025409
-0.014403
-0.001031
0.011545
0.022125
0.031118
0.038772
0.043873
0.043452
0.035722
0.024447
0.016005
0.012149
0.009355
0.003865
-0.004767
-0.013751
-0.019938
-0.022930
-0.024635
-0.026899
-0.030237
-0.034257
-0.037218
-0.033962
-0.019688
0.002115
0.021224
0.031308
0.034745
0.038395
0.046896
0.057206
0.062347
0.061209
0.058889
0.059639
0.063639
0.068616
0.071836
0.070457
0.062638
0.051806
0.045870
0.048237
0.055063
0.060142
0.057986
0.046697
0.029826
0.012539
-0.003235
-0.018490
-0.034485
-0.051001
-0.064879
-0.071220
-0.068271
-0.060242
-0.052706
-0.046545
-0.038252
-0.025467
-0.010836
0.000147
0.004433
0.004108
0.002423
-0.001030
-0.008779
-0.021042
-0.035166
-0.049123
-0.059741
-0.056024
-0.028841
0.009117
0.033141
0.035844
0.029621
0.028152
0.035092
0.044995
0.051624
0.053392
0.052067
0.050338
0.049702
0.049536
0.048848
0.047244
0.045044
0.043221
0.042506
0.042356
0.040445
0.034217
0.025086
0.019642
0.022284
0.030202
0.038043
0.042959
0.044109
0.040664
0.033388
0.025219
0.019269
0.017920
0.022123
0.030645
0.040882
0.050504
0.057529
0.059636
0.054106
0.039649
0.019065
-0.002702
-0.022874
-0.041365
-0.059516
-0.076152
-0.083378
-0.074081
-0.052711
-0.030608
-0.016096
-0.014223
-0.024913
-0.037949
-0.040618
-0.030499
-0.014495
0.001319
0.015655
0.028009
0.035042
0.035926
0.038308
0.048397
0.061264
0.069673
0.073811
0.076948
0.077512
0.070685
0.056507
0.040196
0.025703
0.014227
0.007215
0.006126
0.009033
0.011336
0.008596
-0.000996
-0.013969
-0.024450
-0.030075
-0.030807
-0.024639
-0.011630
0.001122
0.006205
0.004450
0.001044
-0.002712
-0.008319
-0.013933
-0.015247
-0.011108
-0.004501
0.001008
0.003468
0.000760
-0.008760
-0.022836
-0.036918
-0.048424
-0.055748
-0.056376
-0.050452
-0.041548
-0.032257
-0.023030
-0.015555
-0.013873
-0.019504
-0.028537
-0.035118
-0.035251
-0.028866
-0.019508
-0.011088
-0.005184
-0.000839
0.003449
0.008364
0.012772
0.013100
0.006680
-0.004909
-0.018253
-0.031554
-0.044548
-0.055640
-0.060229
-0.055747
-0.045856
-0.036250
-0.029115
-0.023066
-0.016347
-0.009554
-0.005426
-0.006452
-0.012149
-0.017825
-0.018281
-0.012849
-0.006088
-0.003258
-0.005490
-0.010037
-0.013330
-0.014974
-0.019254
-0.030109
-0.046212
-0.061737
-0.069063
-0.063638
-0.048682
-0.032123
-0.019471
-0.012888
-0.013687
-0.018574
-0.018363
-0.008711
0.003918
0.010996
0.010787
0.007155
0.004522
0.008096
0.023715
0.051256
0.083379
0.110832
0.124341
0.119713
0.103735
0.088715
0.082374
0.082836
0.082680
0.077033
0.064212
0.043984
0.020894
0.001742
-0.010402
-0.015390
-0.015555
-0.014977
-0.016438
-0.020148
-0.024062
-0.025024
-0.021288
-0.016102
-0.014915
-0.019243
-0.024591
-0.021727
-0.004757
0.021929
0.048896
0.070098
0.083475
0.089318
0.088548
0.080471
0.066050
0.049872
0.036194
0.027157
0.024588
0.027214
0.029428
0.027729
0.023051
0.017721
0.011858
0.002003
-0.014296
-0.033257
-0.046767
-0.050707
-0.048385
-0.045590
-0.045624
-0.048208
-0.050757
-0.050069
-0.045164
-0.038759
-0.034080
-0.032090
-0.033369
-0.038211
-0.044092
-0.048147
-0.050297
-0.052085
-0.054846
-0.058616
-0.061661
-0.058955
-0.045128
-0.021965
0.003194
0.024069
0.038116
0.047356
0.056153
0.067541
0.081466
0.095464
0.105261
0.106498
0.099239
0.088588
0.079486
0.073005
0.067520
0.061616
0.055169
0.047543
0.036889
0.022636
0.006913
-0.007434
-0.019282
-0.029481
-0.040542
-0.054411
-0.066891
-0.070082
-0.063143
-0.053138
-0.045360
-0.038379
-0.028346
-0.013936
0.003281
0.020891
0.037512
0.052765
0.065834
0.074195
0.072503
0.056505
0.030124
0.002026
-0.022183
-0.039988
-0.051278
-0.059372
-0.068402
-0.079525
-0.090731
-0.099545
-0.104957
-0.107913
-0.108543
-0.102797
-0.086960
-0.062989
-0.035725
-0.009327
0.012986
0.030204
0.044345
0.057551
0.069641
0.078089
0.079976
0.075474
0.067779
0.058911
0.047687
0.032752
0.014387
-0.007144
-0.031331
-0.055884
-0.078228
-0.097858
-0.114483
-0.125313
-0.128338
-0.125885
-0.121115
-0.114816
-0.107545
-0.101128
-0.095816
-0.087570
-0.071503
-0.048356
-0.026555
-0.015743
-0.017039
-0.023018
-0.026250
-0.024626
-0.020551
-0.017139
-0.015491
-0.014775
-0.012204
-0.003813
0.009032
0.017955
0.018215
0.015825
0.021211
0.038160
0.061426
0.083786
0.102201
0.117816
0.132788
0.148334
0.164808
0.180754
0.190519
0.186678
0.166444
0.133959
0.096671
0.058800
0.018161
-0.029024
-0.081309
-0.126821
-0.149474
-0.147731
-0.136604
-0.129078
-0.124179
-0.113758
-0.094783
-0.071942
-0.051757
-0.036204
-0.022627
-0.008088
0.006704
0.017910
0.023847
0.026978
0.030006
0.031066
0.026055
0.016382
0.007951
0.003702
0.001967
-0.000040
-0.003901
-0.011448
-0.025161
-0.044568
-0.065847
-0.084497
-0.096374
-0.099112
-0.092617
-0.079001
-0.062979
-0.048777
-0.036931
-0.025428
-0.012807
0.000622
0.014184
0.027709
0.041176
0.054579
0.067954
0.081265
0.094214
0.105237
0.110464
0.106744
0.096131
0.084210
0.074720
0.067624
0.061323
0.055073
0.048870
0.042393
0.036781
0.036050
0.041208
0.047288
0.050084
0.049958
0.049377
0.049992
0.050403
0.047193
0.039450
0.029747
0.020885
0.013710
0.007337
0.000384
-0.006958
-0.010035
-0.003634
0.009972
0.023596
0.033246
0.039916
0.047500
0.059773
0.076047
0.089360
0.092883
0.087556
0.079626
0.073592
0.070019
0.066793
0.060360
0.048323
0.032244
0.015467
-0.002910
-0.026759
-0.053623
-0.073679
-0.080162
-0.077197
-0.075018
-0.078993
-0.085022
-0.085332
-0.077298
-0.064621
-0.052378
-0.043788
-0.039444
-0.037101
-0.033634
-0.027744
-0.020450
-0.012798
-0.002167
0.015795
0.039798
0.061850
0.074398
0.076616
0.072178
0.062708
0.048366
0.031281
0.014116
-0.002166
-0.017374
-0.030514
-0.041233
-0.051415
-0.063305
-0.075406
-0.082738
-0.083061
-0.079549
-0.076051
-0.071818
-0.063393
-0.050175
-0.034896
-0.020474
-0.008851
-0.000717
0.003679
0.002379
-0.005646
-0.017394
-0.028767
-0.038177
-0.046222
-0.053568
-0.060252
-0.063303
-0.056159
-0.036666
-0.011522
0.009780
0.022655
0.030124
0.038317
0.050519
0.066202
0.081431
0.087845
0.078776
0.059006
0.040735
0.030922
0.027353
0.023865
0.016180
0.004038
-0.009905
-0.021410
-0.027888
-0.031786
-0.035681
-0.037382
-0.033874
-0.023640
-0.006463
0.013766
0.028449
0.029676
0.018705
0.006678
0.002912
0.006318
0.009336
0.006054
-0.003288
-0.014294
-0.023295
-0.029637
-0.034854
-0.040370
-0.045918
-0.048971
-0.045448
-0.033479
-0.016093
0.001667
0.017045
0.029027
0.036504
0.040222
0.043244
0.048306
0.055753
0.063828
0.070740
0.075915
0.078279
0.074945
0.065406
0.053970
0.045350
0.040334
0.036125
0.029522
0.019414
0.007243
-0.005155
-0.018281
-0.033157
-0.047384
-0.056900
-0.060338
-0.058056
-0.050266
-0.039142
-0.028694
-0.021068
-0.015202
-0.008782
-0.000316
0.009885
0.020562
0.029512
0.032853
0.028770
0.020249
0.012573
0.009825
0.012064
0.015852
0.018148
0.018359
0.018719
0.023204
0.032295
0.040170
0.040289
0.031393
0.017515
0.004058
-0.006505
-0.014915
-0.021998
-0.027266
-0.030067
-0.030264
-0.029153
-0.029486
-0.032449
-0.036195
-0.036938
-0.031196
-0.019361
-0.005496
0.006844
0.017036
0.025846
0.031311
0.029251
0.019785
0.008935
0.002152
0.001560
0.008453
0.021699
0.036947
0.050542
0.061731
0.072303
0.083472
0.092823
0.095259
0.087233
0.071347
0.053675
0.037443
0.022195
0.006371
-0.010921
-0.029794
-0.048826
-0.063541
-0.069820
-0.069146
-0.066937
-0.067073
-0.069691
-0.072665
-0.073161
-0.070554
-0.067730
-0.067115
-0.068043
-0.067983
-0.065612
-0.061878
-0.056654
-0.046456
-0.028130
-0.003767
0.021038
0.038889
0.042050
0.030827
0.014670
0.002782
-0.001908
-0.002581
-0.004493
-0.007949
-0.007408
-0.000877
0.007127
0.012625
0.015535
0.017619
0.020219
0.023158
0.026101
0.028779
0.026403
0.012752
-0.007027
-0.017688
-0.011340
0.005526
0.021671
0.031249
0.034758
0.034337
0.032474
0.031999
0.033336
0.030768
0.014888
-0.013927
-0.040853
-0.046386
-0.021155
0.024349
0.069888
0.095540
0.087162
0.052928
0.020943
0.010021
0.016102
0.024434
0.024411
0.014684
-0.002198
-0.023872
-0.046717
-0.067720
-0.086690
-0.105195
-0.124611
-0.143312
-0.154167
-0.150328
-0.134885
-0.118003
-0.106680
-0.100572
-0.094860
-0.085335
-0.069948
-0.049253
-0.026854
-0.004476
0.019747
0.046832
0.075442
0.102892
0.126624
0.146106
0.161755
0.170801
0.169143
0.158293
0.144977
0.135260
0.130216
0.127635
0.125955
0.123127
0.116940
0.106971
0.094995
0.083656
0.074010
0.064863
0.051471
0.028508
-0.002571
-0.035587
-0.066104
-0.092496
-0.114572
-0.133472
-0.151340
-0.166968
-0.176896
-0.181427
-0.184052
-0.186904
-0.186554
-0.178608
-0.166597
-0.158102
-0.155254
-0.154144
-0.148712
-0.133058
-0.105518
-0.071289
-0.038116
-0.009692
0.015690
0.041028
0.066314
0.085975
0.091126
0.079691
0.060739
0.044594
0.033482
0.022894
0.008456
-0.010461
-0.032086
-0.050345
-0.052233
-0.029142
0.008116
0.036396
0.043626
0.037081
0.030684
0.028489
0.022284
0.006423
-0.015274
-0.037056
-0.054926
-0.066275
-0.072019
-0.075712
-0.080602
-0.088711
-0.101672
-0.120173
-0.140404
-0.154992
-0.158225
-0.151881
-0.143558
-0.138558
-0.136444
-0.132783
-0.124530
-0.111962
-0.096292
-0.079009
-0.061430
-0.042679
-0.020479
0.005767
0.033914
0.061427
0.087881
0.114881
0.143680
0.167209
0.171009
0.151092
0.119925
0.090120
0.059164
0.016373
-0.038344
-0.093537
-0.139611
-0.173561
-0.192319
-0.191189
-0.170742
-0.139399
-0.107465
-0.079604
-0.053947
-0.026756
0.000679
0.021337
0.031666
0.036347
0.042119
0.048389
0.046304
0.028847
-0.000846
-0.030313
-0.048261
-0.054541
-0.055666
-0.055910
-0.056468
-0.057335
-0.057932
-0.057394
-0.054809
-0.050483
-0.044105
-0.032299
-0.011714
0.018170
0.054390
0.090916
0.121918
0.146129
0.166391
0.185096
0.202426
0.214831
0.215709
0.204218
0.186952
0.169427
0.151643
0.130046
0.103715
0.076896
0.054375
0.037687
0.025842
0.017031
0.009170
0.000463
-0.009479
-0.019662
-0.029170
-0.037264
-0.043139
-0.044301
-0.037658
-0.024893
-0.011049
0.000353
0.009134
0.017059
0.026085
0.036850
0.045256
0.045138
0.035476
0.021518
0.008609
-0.002787
-0.015260
-0.030570
-0.048345
-0.066114
-0.078945
-0.082687
-0.078524
-0.072023
-0.067833
-0.066399
-0.065443
-0.062876
-0.058467
-0.052958
-0.046156
-0.036686
-0.025746
-0.017935
-0.014762
-0.012840
-0.007871
0.001536
0.012273
0.019508
0.020118
0.015124
0.008694
0.003843
0.000883
-0.001145
-0.002867
-0.003876
-0.003438
-0.003082
-0.006267
-0.014025
-0.023270
-0.029702
-0.032005
-0.032202
-0.031770
-0.030494
-0.029225
-0.030573
-0.035196
-0.039478
-0.040129
-0.038373
-0.037351
-0.036198
-0.030075
-0.017762
-0.004130
0.005601
0.011055
0.015698
0.022544
0.032629
0.045999
0.061617
0.074173
0.075967
0.065833
0.050743
0.037812
0.028795
0.021478
0.013790
0.007577
0.006620
0.010840
0.016702
0.022330
0.028802
0.037290
0.047452
0.057950
0.067566
0.075575
0.081229
0.084321
0.085292
0.083747
0.078153
0.068247
0.056389
0.045125
0.034856
0.024746
0.015599
0.010464
0.010550
0.013982
0.019028
0.024953
0.030476
0.032997
0.031063
0.026372
0.021693
0.019185
0.020760
0.027154
0.036367
0.045228
0.052145
0.057819
0.064132
0.071674
0.077947
0.078722
0.073162
0.064949
0.057607
0.052231
0.048130
0.043912
0.038651
0.031742
0.022760
0.012491
0.002286
-0.006892
-0.014147
-0.019135
-0.022492
-0.024601
-0.025076
-0.024076
-0.022247
-0.019178
-0.014134
-0.007677
-0.001693
0.002258
0.004359
0.006808
0.012146
0.019822
0.025987
0.027643
0.026058
0.024428
0.024684
0.026366
0.026185
0.021363
0.012958
0.004322
-0.002599
-0.008068
-0.013335
-0.019344
-0.025523
-0.030390
-0.032337
-0.030364
-0.024538
-0.014925
-0.001944
0.012455
0.026366
0.039638
0.051151
0.055319
0.047240
0.030064
0.011244
-0.004915
-0.018737
-0.030615
-0.037407
-0.037411
-0.033610
-0.028515
-0.021662
-0.012464
-0.002105
0.007440
0.015548
0.023345
0.031109
0.036015
0.035261
0.029533
0.021289
0.012494
0.004169
-0.003374
-0.009852
-0.014846
-0.018688
-0.022056
-0.023410
-0.019636
-0.011391
-0.004130
-0.001986
-0.003827
-0.006085
-0.005660
-0.000702
0.007986
0.017570
0.024986
0.028541
0.029116
0.029079
0.029339
0.028648
0.027230
0.026912
0.027894
0.029121
0.029092
0.026163
0.019315
0.008324
-0.005888
-0.021074
-0.034801
-0.046244
-0.055719
-0.062938
-0.067410
-0.069192
-0.067892
-0.062500
-0.052664
-0.039708
-0.026421
-0.015371
-0.006740
0.001426
0.010727
0.020992
0.030022
0.034999
0.035200
0.032612
0.029339
0.025935
0.022231
0.018112
0.013578
0.008784
0.003791
-0.001096
-0.004822
-0.006612
-0.007008
-0.007359
-0.008058
-0.007489
-0.003351
0.004488
0.013188
0.019230
0.021324
0.021208
0.021446
0.022209
0.020729
0.015348
0.008892
0.005246
0.003979
0.000662
-0.007365
-0.017427
-0.025171
-0.028762
-0.028245
-0.024075
-0.017636
-0.011552
-0.008331
-0.008981
-0.012671
-0.017266
-0.020953
-0.022758
-0.021931
-0.019592
-0.018754
-0.020670
-0.023332
-0.023954
-0.022583
-0.022369
-0.024495
-0.025157
-0.020767
-0.012565
-0.004169
0.001771
0.004698
0.005486
0.004633
0.002103
-0.001772
-0.006458
-0.011306
-0.015514
-0.018947
-0.022632
-0.027689
-0.033769
-0.039162
-0.042346
-0.042594
-0.039620
-0.034005
-0.027412
-0.021220
-0.016122
-0.013082
-0.012679
-0.013948
-0.014989
-0.014599
-0.012990
-0.011123
-0.009822
-0.009320
-0.009556
-0.010126
-0.009848
-0.007832
-0.004570
-0.001203
0.001575
0.004023
0.006762
0.009640
0.011604
0.011795
0.010631
0.009633
0.010155
0.012214
0.014857
0.016379
0.014542
0.008926
0.002064
-0.002818
-0.004873
-0.006085
-0.008760
-0.013463
-0.018921
-0.022107
-0.019638
-0.011542
-0.001429
0.007111
0.012102
0.013550
0.013199
0.011815
0.008300
0.002519
-0.003012
-0.005269
-0.004215
-0.002531
-0.002825
-0.005950
-0.010458
-0.013560
-0.013061
-0.008582
-0.001631
0.005520
0.011474
0.016405
0.020630
0.022557
0.020366
0.014968
0.008505
0.002428
-0.001834
-0.003493
-0.003605
-0.003847
-0.004385
-0.003713
-0.000658
0.004149
0.009453
0.014069
0.016571
0.016677
0.015802
0.015463
0.015998
0.016310
0.014865
0.011326
0.007008
0.003956
0.003132
0.003772
0.004827
0.006309
0.008768
0.012144
0.015772
0.018582
0.019766
0.019747
0.019582
0.019942
0.020780
0.021902
0.023755
0.026788
0.030570
0.034318
0.037444
0.039346
0.039580
0.037897
0.033249
0.024443
0.012539
0.000180
-0.010938
-0.020842
-0.030505
-0.040119
-0.048550
-0.055091
-0.059137
-0.058844
-0.053938
-0.047159
-0.041450
-0.038271
-0.037554
-0.037861
-0.037528
-0.036031
-0.033950
-0.031895
-0.029494
-0.026121
-0.022297
-0.018923
-0.015762
-0.011322
-0.004335
0.004695
0.014134
0.022881
0.030982
0.037835
0.040431
0.036601
0.028530
0.020320
0.014112
0.009464
0.005517
0.003069
0.004038
0.008851
0.015205
0.020362
0.023518
0.025260
0.026403
0.027749
0.029576
0.030788
0.029600
0.025726
0.020686
0.015976
0.011864
0.007656
0.003048
-0.001224
-0.004478
-0.006961
-0.009395
-0.012638
-0.017518
-0.023931
-0.030818
-0.037284
-0.043123
-0.048045
-0.051448
-0.053517
-0.054660
-0.053476
-0.047668
-0.037489
-0.025813
-0.015617
-0.008632
-0.004466
-0.001925
-0.001148
-0.002414
-0.004705
-0.006550
-0.007424
-0.007951
-0.008559
-0.008321
-0.006421
-0.003938
-0.002330
-0.001717
-0.001389
-0.000327
0.002336
0.005833
0.007944
0.007532
0.005395
0.002867
0.001559
0.003321
0.008280
0.014527
0.020389
0.024499
0.024763
0.020789
0.015108
0.010130
0.006147
0.002260
-0.002238
-0.007504
-0.013244
-0.019049
-0.025021
-0.031546
-0.038706
-0.045351
-0.048237
-0.044880
-0.037064
-0.028459
-0.020578
-0.012752
-0.004175
0.004362
0.010422
0.012764
0.012846
0.012941
0.014296
0.016830
0.019752
0.022056
0.022591
0.020747
0.016957
0.011884
0.006132
0.000332
-0.005279
-0.010911
-0.016907
-0.023337
-0.029513
-0.033203
-0.031646
-0.024891
-0.016183
-0.008560
-0.002955
0.001289
0.005457
0.010550
0.016548
0.022135
0.025745
0.026896
0.026126
0.024401
0.022682
0.021484
0.020542
0.018862
0.015503
0.010518
0.004942
-0.000238
-0.004694
-0.008652
-0.011888
-0.012862
-0.010518
-0.006176
-0.001958
0.001126
0.003305
0.005364
0.007217
0.008116
0.008008
0.007265
0.006122
0.004641
0.002962
0.001253
-0.000848
-0.003671
-0.007023
-0.010022
-0.011020
-0.008786
-0.003883
0.001767
0.006881
0.011430
0.015896
0.020241
0.023185
0.023769
0.022790
0.021775
0.021107
0.019469
0.015946
0.011584
0.008019
0.005677
0.004041
0.002662
0.001276
-0.000538
-0.003131
-0.005983
-0.008071
-0.008781
-0.008381
-0.007761
-0.007533
-0.007947
-0.009249
-0.011182
-0.013033
-0.014483
-0.015098
-0.014021
-0.011219
-0.007823
-0.004821
-0.002358
0.000035
0.002826
0.005660
0.007771
0.009197
0.010787
0.013074
0.015903
0.018683
0.020205
0.019580
0.017407
0.015105
0.013669
0.013107
0.012826
0.012067
0.010060
0.006706
0.002912
-0.000369
-0.002723
-0.004059
-0.004710
-0.005279
-0.006143
-0.007424
-0.009463
-0.012556
-0.016200
-0.019225
-0.020835
-0.020903
-0.019099
-0.015437
-0.010804
-0.006080
-0.002496
-0.001207
-0.001680
-0.002349
-0.002369
-0.001961
-0.001448
-0.000893
-0.000587
-0.001096
-0.002681
-0.004962
-0.007243
-0.008991
-0.009914
-0.010006
-0.009817
-0.009787
-0.009378
-0.007425
-0.003523
0.001494
0.006522
0.010883
0.014193
0.015964
0.015799
0.013834
0.010735
0.007458
0.004491
0.001604
-0.001488
-0.004822
-0.007252
-0.006459
-0.001904
0.003895
0.007995
0.009722
0.010205
0.010534
0.010880
0.010872
0.010348
0.009271
0.007900
0.006935
0.006684
0.006906
0.007763
0.010040
0.013766
0.017408
0.019684
0.020917
0.022075
0.023755
0.026090
0.028966
0.031477
0.032106
0.030326
0.027132
0.024095
0.021732
0.019163
0.015571
0.011176
0.006698
0.002389
-0.001790
-0.005873
-0.009927
-0.014057
-0.018262
-0.022261
-0.025273
-0.026271
-0.025334
-0.023807
-0.022676
-0.022105
-0.021833
-0.021301
-0.020298
-0.018719
-0.016222
-0.012582
-0.008011
-0.003356
0.000392
0.003147
0.005709
0.008605
0.011962
0.015744
0.019711
0.023640
0.027493
0.031340
0.034789
0.036755
0.036373
0.034187
0.031595
0.029269
0.026870
0.023438
0.018150
0.011355
0.004146
-0.002702
-0.008697
-0.013339
-0.016467
-0.018278
-0.019264
-0.020050
-0.020940
-0.021977
-0.023210
-0.025060
-0.027898
-0.030786
-0.031714
-0.029734
-0.025800
-0.021289
-0.017045
-0.013436
-0.010507
-0.007783
-0.004626
-0.000571
0.004765
0.010986
0.017153
0.022285
0.025354
0.026240
0.026192
0.026568
0.027571
0.028528
0.028881
0.028626
0.027657
0.024940
0.019795
0.013134
0.006903
0.002792
0.000688
-0.001054
-0.003856
-0.007829
-0.012230
-0.016122
-0.019034
-0.021120
-0.022073
-0.021334
-0.019188
-0.016760
-0.014850
-0.013277
-0.011731
-0.010562
-0.010727
-0.012598
-0.014966
-0.016125
-0.015710
-0.014707
-0.014085
-0.013761
-0.012870
-0.011069
-0.008615
-0.005390
-0.000855
0.004966
0.011283
0.017335
0.022799
0.027451
0.030586
0.031124
0.028662
0.024154
0.019038
0.014134
0.009513
0.005067
0.001129
-0.001931
-0.004339
-0.006374
-0.007742
-0.008090
-0.007549
-0.006259
-0.004454
-0.002769
-0.001657
-0.001253
-0.001410
-0.001755
-0.001892
-0.001706
-0.001464
-0.001119
-0.000128
0.001736
0.004103
0.006339
0.007826
0.008292
0.008103
0.007982
0.008153
0.007855
0.006313
0.004234
0.002858
0.002329
0.002100
0.001572
0.000822
0.000665
0.001596
0.003266
0.004684
0.004923
0.004007
0.002783
0.001932
0.001529
0.001409
0.001658
0.002401
0.003289
0.004828
0.004930
0.004966
0.005301
0.005892
0.006566
0.007252
0.008215
0.009865
0.011787
0.012769
0.012224
0.010743
0.008939
0.006544
0.003087
-0.001191
-0.005666
-0.009920
-0.013948
-0.017967
-0.021857
-0.024919
-0.026470
-0.026521
-0.025487
-0.023761
-0.021882
-0.020236
-0.018777
-0.017600
-0.016807
-0.016093
-0.015020
-0.013382
-0.011402
-0.009461
-0.007494
-0.005168
-0.002630
-0.000885
-0.000906
-0.002147
-0.003037
-0.002922
-0.002666
-0.003158
-0.004384
-0.005901
-0.007316
-0.008377
-0.008958
-0.009197
-0.009140
-0.008450
-0.007052
-0.005553
-0.004591
-0.004192
-0.003909
-0.003432
-0.002782
-0.002043
-0.001216
-0.000101
0.001405
0.003177
0.005066
0.006974
0.008847
0.010772
0.012963
0.015501
0.018278
0.020998
0.023415
0.025383
0.026769
0.027784
0.028629
0.029108
0.029191
0.029040
0.028791
0.028579
0.028361
0.027946
0.027380
0.026992
0.026994
0.027285
0.027510
0.027592
0.027648
0.027488
0.026717
0.024953
0.022425
0.019706
0.017059
0.014847
0.013353
0.012409
0.011634
0.010647
0.009516
0.008762
0.008560
0.008613
0.008587
0.008352
0.008009
0.007702
0.007467
0.007271
0.007029
0.006527
0.005470
0.003964
0.002542
0.001576
0.001045
0.000642
0.000179
-0.000346
-0.000870
-0.001425
-0.002361
-0.003819
-0.005529
-0.007167
-0.008775
-0.010879
-0.013887
-0.017492
-0.020660
-0.022588
-0.023381
-0.023514
-0.023432
-0.023501
-0.023766
-0.024045
-0.024185
-0.024123
-0.023952
-0.023746
-0.023358
-0.022394
-0.020695
-0.018672
-0.016806
-0.015201
-0.013715
-0.012556
-0.012291
-0.013022
-0.014005
-0.014565
-0.014716
-0.014794
-0.015198
-0.015955
-0.016370
-0.015811
-0.014485
-0.013058
-0.012019
-0.011578
-0.011587
-0.011650
-0.011523
-0.011202
-0.011019
-0.011472
-0.012599
-0.013979
-0.015230
-0.016235
-0.017048
-0.017545
-0.017397
-0.016572
-0.015515
-0.014696
-0.014371
-0.014559
-0.014947
-0.015176
-0.015192
-0.015094
-0.014919
-0.014602
-0.014060
-0.013192
-0.011908
-0.010318
-0.008632
-0.007050
-0.005625
-0.004250
-0.002939
-0.001769
-0.000720
0.000261
0.001017
0.001171
0.000596
-0.000544
-0.002085
-0.003824
-0.005537
-0.007164
-0.008615
-0.009575
-0.009799
-0.009507
-0.009161
-0.009029
-0.008990
-0.008574
-0.007425
-0.005705
-0.003902
-0.002356
-0.001115
-0.000147
0.000593
0.001243
0.001922
0.002535
0.002738
0.002300
0.001425
0.000523
-0.000166
-0.000676
-0.001092
-0.001397
-0.001452
-0.001090
-0.000392
0.000373
0.001031
0.001503
0.001728
0.001728
0.001602
0.001462
0.001402
0.001416
0.001433
0.001416
0.001356
0.001250
0.001040
0.000659
0.000238
-0.000061
-0.000199
-0.000192
-0.000094
-0.000001
0.000045
0.000091
0.000232
0.000584
0.001243
0.002202
0.003298
0.004323
0.005160
0.005742
0.006071
0.006263
0.006458
0.006680
0.006830
0.006868
0.006877
0.006912
0.006864
0.006520
0.005816
0.005004
0.004387
0.004025
0.003772
0.003514
0.003281
0.003135
0.003064
0.003015
0.002962
0.002903
0.002821
0.002697
0.002548
0.002408
0.002309
0.002278
0.002322
0.002395
0.002423
0.002335
0.002123
0.001847
0.001586
0.001390
0.001311
0.001390
0.001605
0.001872
0.002104
0.002268
0.002351
0.002336
0.002218
0.002012
0.001748
0.001465
0.001208
0.000988
0.000790
0.000600
0.000418
0.000265
0.000185
0.000193
0.000283
0.000423
0.000577
0.000715
0.000832
0.000936
0.001037
0.001125
0.001174
0.001172
0.001133
0.001095
0.001099
0.001151
0.001219
0.001269
0.001299
0.001319
0.001343
0.001373
0.001397
0.001405
0.001400
0.001394
0.001396
0.001406
0.001418
0.001432
0.001445
0.001465
0.001497
0.001531
0.001557
0.001570
0.001583
0.001618
0.001683
0.001759
0.001820
0.001856
0.001867
0.001866
0.001865
0.001872
0.001885
0.001899
0.001912
0.001924
0.001937
0.001953
0.001973
0.001993
0.002010
0.002023
0.002032
0.002038
0.002041
0.002042
0.002039
0.002035
0.002029
0.002025
0.002020
0.002016
0.002012
0.002006
0.001999
0.001989
0.001977
0.001963
0.001947
