-0.000053
-0.000084
-0.000126
-0.000123
-0.000117
-0.000116
-0.000116
-0.000112
-0.000109
-0.000114
-0.000119
-0.000123
-0.000143
-0.000192
-0.000255
-0.000313
-0.000359
-0.000398
-0.000422
-0.000421
-0.000422
-0.000446
-0.000470
-0.000445
-0.000358
-0.000239
-0.000139
-0.000107
-0.000146
-0.000216
-0.000246
-0.000153
0.000073
0.000328
0.000519
0.000632
0.000639
0.000524
0.000374
0.000275
0.000217
0.000156
0.000039
-0.000161
-0.000442
-0.000754
-0.001003
-0.001160
-0.001217
-0.001122
-0.000902
-0.000710
-0.000660
-0.000643
-0.000427
0.000043
0.000632
0.001128
0.001373
0.001351
0.001166
0.001020
0.001050
0.001227
0.001348
0.001232
0.000862
0.000255
-0.000515
-0.001403
-0.002430
-0.003504
-0.004347
-0.004726
-0.004598
-0.003890
-0.002746
-0.001629
-0.000657
0.000364
0.001299
0.001908
0.002114
0.001882
0.001550
0.001552
0.001946
0.002538
0.002885
0.002624
0.001846
0.000955
0.000167
-0.000545
-0.000982
-0.001004
-0.001083
-0.001542
-0.001829
-0.001418
-0.000479
0.000496
0.000856
0.000185
-0.000995
-0.001569
-0.000740
0.001506
0.004186
0.005891
0.005932
0.004444
0.002142
0.000349
0.000421
0.002387
0.004723
0.005993
0.005665
0.004111
0.002461
0.001701
0.001692
0.001518
0.000797
-0.000151
-0.000810
-0.000879
-0.000495
-0.000215
-0.000724
-0.002222
-0.004141
-0.005739
-0.006386
-0.005545
-0.003396
-0.001108
-0.000634
-0.002695
-0.005155
-0.005471
-0.003148
0.000868
0.004969
0.006900
0.005313
0.001201
-0.003504
-0.007302
-0.009281
-0.009470
-0.008548
-0.007071
-0.005042
-0.002592
-0.000750
-0.000710
-0.002797
-0.005812
-0.007415
-0.005755
-0.001378
0.003172
0.006204
0.007078
0.005283
0.001657
-0.001779
-0.003754
-0.004024
-0.001918
0.002363
0.005912
0.006553
0.004798
0.001339
-0.003000
-0.006773
-0.009183
-0.010080
-0.009923
-0.009297
-0.007474
-0.003784
0.000536
0.004107
0.006838
0.009165
0.011512
0.013424
0.013327
0.010394
0.005226
-0.001173
-0.007355
-0.010808
-0.009639
-0.005417
-0.001382
0.001069
0.001692
0.000495
-0.001466
-0.002293
-0.000749
0.002415
0.005681
0.007578
0.005886
0.000031
-0.007450
-0.013424
-0.015795
-0.013058
-0.004625
0.007316
0.018271
0.024354
0.023772
0.017445
0.009355
0.003530
0.001440
0.003152
0.007282
0.010938
0.012047
0.010237
0.005209
-0.003211
-0.012646
-0.019224
-0.020672
-0.016649
-0.008694
-0.000144
0.005759
0.007895
0.007263
0.005334
0.003761
0.003955
0.005145
0.006317
0.009402
0.017061
0.028896
0.041355
0.048762
0.046048
0.033774
0.018883
0.009943
0.011286
0.019964
0.027627
0.026863
0.017070
0.002307
-0.013763
-0.027358
-0.035543
-0.038492
-0.037834
-0.036282
-0.036654
-0.039676
-0.044266
-0.048520
-0.050251
-0.047502
-0.040472
-0.032276
-0.026316
-0.024550
-0.026690
-0.029224
-0.027294
-0.017634
0.000085
0.021977
0.042155
0.057270
0.065680
0.065014
0.053982
0.035838
0.017278
0.003532
-0.003347
-0.003431
0.001954
0.011063
0.021375
0.027833
0.024931
0.012135
-0.006028
-0.023953
-0.036559
-0.041018
-0.038664
-0.032978
-0.026323
-0.019487
-0.013545
-0.010341
-0.010475
-0.012517
-0.015180
-0.018184
-0.019835
-0.016502
-0.005911
0.010498
0.028324
0.042702
0.050829
0.051260
0.043070
0.027394
0.006986
-0.013846
-0.029177
-0.034848
-0.031097
-0.021157
-0.009270
-0.000626
0.000143
-0.007485
-0.019192
-0.030338
-0.038853
-0.043235
-0.042011
-0.034898
-0.024222
-0.014001
-0.005788
0.001264
0.007816
0.014622
0.021755
0.027252
0.029773
0.031251
0.033322
0.034288
0.032378
0.026658
0.016477
0.004846
-0.003503
-0.007141
-0.006038
-0.000489
0.006615
0.011556
0.013580
0.014509
0.014939
0.013472
0.009688
0.004480
-0.001480
-0.006459
-0.007763
-0.004447
0.002297
0.009890
0.014627
0.014115
0.010095
0.006262
0.004464
0.004957
0.007974
0.012916
0.016830
0.016089
0.009655
-0.000156
-0.009434
-0.015468
-0.016807
-0.011678
-0.001136
0.008669
0.010956
0.002980
-0.012367
-0.027921
-0.036900
-0.036912
-0.030309
-0.022324
-0.016509
-0.011500
-0.004995
0.002325
0.008517
0.011679
0.009327
0.000927
-0.009767
-0.018232
-0.023064
-0.024676
-0.022344
-0.015516
-0.006479
0.001240
0.005221
0.003712
-0.003246
-0.011602
-0.015783
-0.013188
-0.004581
0.007171
0.017646
0.023220
0.022993
0.017986
0.010201
0.002417
-0.003809
-0.008914
-0.013385
-0.017683
-0.021578
-0.022578
-0.018425
-0.010277
-0.001109
0.007027
0.013895
0.021045
0.029701
0.039200
0.048094
0.054865
0.057330
0.053746
0.045107
0.033533
0.021267
0.011748
0.006211
0.003343
0.002656
0.002940
0.000735
-0.006444
-0.017611
-0.029896
-0.040907
-0.049324
-0.054036
-0.054584
-0.052884
-0.051422
-0.050217
-0.048395
-0.045076
-0.037749
-0.022447
0.002246
0.030982
0.055750
0.072165
0.080359
0.082348
0.079648
0.073318
0.064671
0.055491
0.045528
0.032998
0.020186
0.012592
0.012253
0.016221
0.020226
0.020375
0.014935
0.006214
-0.001660
-0.005577
-0.004375
0.001113
0.007926
0.012646
0.012332
0.005718
-0.004175
-0.013655
-0.022655
-0.031406
-0.037024
-0.036047
-0.028058
-0.015375
-0.001915
0.006436
0.006040
-0.000487
-0.007363
-0.010238
-0.009135
-0.006813
-0.004035
0.000234
0.004702
0.006451
0.004966
0.000863
-0.007144
-0.019946
-0.035063
-0.047915
-0.055259
-0.055642
-0.047564
-0.032114
-0.014768
-0.000624
0.008356
0.010772
0.004897
-0.007894
-0.021475
-0.028911
-0.026892
-0.016280
-0.000986
0.013305
0.021672
0.023010
0.019444
0.013768
0.008538
0.005452
0.005013
0.006525
0.008510
0.009578
0.010092
0.011808
0.015944
0.022805
0.030436
0.034800
0.032842
0.023551
0.008323
-0.008288
-0.021606
-0.029839
-0.033529
-0.034635
-0.035435
-0.037417
-0.040361
-0.042865
-0.044016
-0.044282
-0.044262
-0.043336
-0.040784
-0.035701
-0.027731
-0.018846
-0.012478
-0.011663
-0.016297
-0.021449
-0.019968
-0.008218
0.014122
0.045021
0.075128
0.093160
0.096072
0.086580
0.068478
0.048469
0.033563
0.025835
0.024623
0.028392
0.032650
0.032339
0.025904
0.014259
0.000486
-0.011438
-0.020088
-0.024913
-0.025164
-0.021571
-0.016205
-0.011573
-0.008768
-0.006593
-0.003465
0.002024
0.010650
0.020286
0.027428
0.029754
0.025391
0.013646
-0.002004
-0.015650
-0.023917
-0.025810
-0.021449
-0.012514
-0.001467
0.008331
0.013807
0.013875
0.008737
0.000036
-0.008870
-0.015076
-0.018898
-0.021658
-0.022568
-0.020060
-0.013313
-0.002896
0.009587
0.020492
0.024701
0.021698
0.015125
0.006983
-0.000864
-0.005008
-0.003173
0.003401
0.010425
0.014886
0.016330
0.015439
0.013831
0.011862
0.006823
-0.004803
-0.021870
-0.038025
-0.049458
-0.057540
-0.063258
-0.066083
-0.066625
-0.065969
-0.063880
-0.059225
-0.052022
-0.042852
-0.030717
-0.015406
0.001785
0.020539
0.040077
0.057212
0.067283
0.067420
0.058490
0.043595
0.028044
0.018355
0.017114
0.021594
0.027120
0.029588
0.027267
0.021021
0.013302
0.007326
0.003564
-0.000915
-0.008042
-0.016739
-0.024217
-0.028313
-0.027122
-0.019802
-0.009875
-0.001127
0.006694
0.014763
0.023355
0.032146
0.039190
0.041144
0.035934
0.025357
0.013513
0.002299
-0.007274
-0.012077
-0.010857
-0.006274
-0.002334
-0.002471
-0.007164
-0.013831
-0.020419
-0.026680
-0.031629
-0.032792
-0.029450
-0.023852
-0.017904
-0.011679
-0.004177
0.005069
0.014508
0.023308
0.032060
0.038978
0.041299
0.039578
0.035592
0.029941
0.023536
0.015881
0.005078
-0.008304
-0.021968
-0.033759
-0.041562
-0.044175
-0.041727
-0.035365
-0.026833
-0.017324
-0.007567
0.000705
0.005143
0.004740
0.000491
-0.005426
-0.010336
-0.013134
-0.015847
-0.020077
-0.024344
-0.026300
-0.024461
-0.017889
-0.007086
0.004400
0.011859
0.013060
0.008691
0.001128
-0.006127
-0.010444
-0.012057
-0.012391
-0.012498
-0.013371
-0.015087
-0.017516
-0.020957
-0.024834
-0.028546
-0.031346
-0.030161
-0.022110
-0.006735
0.014527
0.034456
0.042646
0.039000
0.036409
0.041539
0.043107
0.033328
0.023963
0.026883
0.036743
0.038508
0.023290
-0.002937
-0.027849
-0.045125
-0.053870
-0.054642
-0.047337
-0.029980
-0.004332
0.019702
0.032073
0.032824
0.030745
0.033547
0.043485
0.058737
0.074068
0.085109
0.090848
0.089397
0.077533
0.055352
0.028937
0.007110
-0.006122
-0.013078
-0.017087
-0.020389
-0.025021
-0.031466
-0.038161
-0.043605
-0.046159
-0.043425
-0.035313
-0.026517
-0.023936
-0.031398
-0.047349
-0.066602
-0.083030
-0.092416
-0.092332
-0.080257
-0.057535
-0.032442
-0.014199
-0.005895
-0.004040
-0.002549
0.002586
0.011799
0.023124
0.032245
0.034986
0.031743
0.025674
0.019631
0.018125
0.025887
0.042837
0.062298
0.075621
0.079128
0.074029
0.063660
0.051823
0.039406
0.023735
0.003935
-0.014631
-0.025950
-0.029938
-0.028502
-0.021856
-0.011783
-0.002846
0.000520
-0.003308
-0.011836
-0.020163
-0.025604
-0.029118
-0.031748
-0.033020
-0.032054
-0.029221
-0.027065
-0.028301
-0.034582
-0.045616
-0.058692
-0.070629
-0.079358
-0.083799
-0.083393
-0.079371
-0.075146
-0.073443
-0.072565
-0.067965
-0.057059
-0.038674
-0.012776
0.015493
0.037740
0.049139
0.052361
0.055864
0.065795
0.080868
0.094402
0.100291
0.098527
0.094331
0.092676
0.093863
0.094669
0.092655
0.085762
0.071850
0.051991
0.031096
0.015560
0.008306
0.007122
0.009244
0.012460
0.013360
0.008347
-0.003506
-0.019707
-0.036818
-0.052613
-0.066037
-0.076062
-0.082746
-0.087133
-0.088799
-0.087445
-0.085339
-0.084814
-0.084600
-0.080875
-0.070091
-0.050231
-0.022911
0.005703
0.027588
0.037680
0.037649
0.033259
0.028814
0.027417
0.031232
0.037919
0.044483
0.052993
0.065548
0.077522
0.079557
0.069590
0.056847
0.047501
0.037480
0.022199
0.004661
-0.008012
-0.012985
-0.013807
-0.015341
-0.019927
-0.027667
-0.037845
-0.049007
-0.058479
-0.062486
-0.057783
-0.044225
-0.025354
-0.006424
0.008789
0.019256
0.023795
0.019355
0.004919
-0.016128
-0.038177
-0.055354
-0.064616
-0.066069
-0.059235
-0.044925
-0.028418
-0.015427
-0.010171
-0.015621
-0.028048
-0.036044
-0.029915
-0.010313
0.016035
0.042923
0.063318
0.072556
0.071438
0.063774
0.057045
0.057786
0.062783
0.063686
0.059330
0.057020
0.060516
0.061256
0.048650
0.024975
0.001681
-0.014033
-0.022137
-0.023921
-0.019814
-0.011705
-0.003548
0.002386
0.008189
0.016168
0.024475
0.030433
0.034587
0.037896
0.039564
0.039227
0.036782
0.031812
0.023586
0.010482
-0.006503
-0.023997
-0.040433
-0.054818
-0.065535
-0.070441
-0.066617
-0.054171
-0.036877
-0.016850
0.003386
0.018856
0.026706
0.024914
0.012063
-0.005981
-0.018385
-0.020295
-0.015847
-0.012620
-0.014795
-0.018904
-0.018282
-0.011703
-0.003424
0.002697
0.006182
0.007236
0.003199
-0.008196
-0.024041
-0.038585
-0.047203
-0.047448
-0.040407
-0.030381
-0.021076
-0.013959
-0.010304
-0.011562
-0.017160
-0.024203
-0.030127
-0.032665
-0.028717
-0.015518
0.007720
0.036437
0.065138
0.093175
0.116717
0.129213
0.130598
0.123250
0.108668
0.090323
0.070788
0.049474
0.025056
-0.002957
-0.032186
-0.058834
-0.081878
-0.100876
-0.113742
-0.118268
-0.113398
-0.101100
-0.084167
-0.062646
-0.037603
-0.013547
0.004452
0.013627
0.013832
0.006453
-0.004941
-0.014621
-0.015943
-0.006058
0.011588
0.031357
0.046912
0.053534
0.051251
0.042817
0.031915
0.021875
0.013553
0.005760
-0.001866
-0.007832
-0.011572
-0.013485
-0.012989
-0.010753
-0.008813
-0.007365
-0.005602
-0.003679
-0.001844
-0.000334
0.000290
-0.000425
-0.000877
0.002124
0.009543
0.020812
0.035267
0.050968
0.062890
0.062539
0.042566
0.003393
-0.042122
-0.073367
-0.076009
-0.050131
-0.010670
0.018762
0.025604
0.019963
0.017497
0.019742
0.017698
0.005824
-0.011859
-0.027029
-0.036022
-0.041223
-0.044911
-0.046106
-0.043335
-0.036995
-0.029389
-0.022258
-0.015702
-0.008445
0.001319
0.012636
0.023063
0.031155
0.035623
0.036417
0.036380
0.040287
0.050701
0.065250
0.079889
0.090920
0.094097
0.088471
0.078557
0.069254
0.062192
0.056206
0.050355
0.045724
0.042484
0.038304
0.030642
0.019937
0.009801
0.002525
-0.001572
-0.001652
0.001433
0.004819
0.006556
0.006432
0.005349
0.004263
0.003690
0.003201
0.000567
-0.007138
-0.021007
-0.039596
-0.059648
-0.076673
-0.087151
-0.090129
-0.086007
-0.076825
-0.066156
-0.057141
-0.052666
-0.053971
-0.057633
-0.057158
-0.048747
-0.033831
-0.016281
-0.000070
0.014733
0.036806
0.073485
0.112991
0.132249
0.123417
0.100107
0.079124
0.063922
0.049023
0.033554
0.021354
0.013408
0.006699
-0.001479
-0.011688
-0.022820
-0.032205
-0.038493
-0.042204
-0.042147
-0.036285
-0.025976
-0.014213
-0.001944
0.009787
0.017427
0.016683
0.007236
-0.006175
-0.019133
-0.030949
-0.043403
-0.056844
-0.068857
-0.077983
-0.083767
-0.083576
-0.075626
-0.062408
-0.046964
-0.031166
-0.015683
0.001083
0.019932
0.039514
0.056946
0.069537
0.077066
0.078737
0.072493
0.060000
0.046321
0.036485
0.035422
0.045079
0.060835
0.073929
0.076356
0.064016
0.040135
0.014945
-0.004774
-0.019611
-0.029641
-0.034204
-0.033917
-0.028751
-0.020987
-0.016027
-0.017903
-0.025950
-0.036205
-0.045422
-0.051007
-0.050740
-0.044867
-0.035392
-0.023585
-0.009928
0.003603
0.013556
0.017942
0.017738
0.015628
0.014065
0.015428
0.022198
0.033812
0.044460
0.048445
0.048391
0.048974
0.043658
0.023206
-0.007249
-0.033655
-0.047707
-0.050167
-0.049750
-0.057245
-0.073533
-0.088501
-0.094209
-0.092359
-0.088897
-0.086940
-0.083971
-0.074970
-0.058254
-0.036680
-0.015045
0.003690
0.020905
0.038855
0.056928
0.072938
0.084676
0.091415
0.094456
0.094888
0.092254
0.084324
0.069464
0.048876
0.024365
-0.002342
-0.030025
-0.056462
-0.078280
-0.095594
-0.110142
-0.122673
-0.132621
-0.137055
-0.134367
-0.125757
-0.112013
-0.093680
-0.071149
-0.045012
-0.017954
0.007187
0.028161
0.042762
0.050745
0.054854
0.058314
0.061705
0.064586
0.067517
0.069960
0.069127
0.062717
0.051292
0.037577
0.024225
0.012493
0.002809
-0.004258
-0.007814
-0.008615
-0.010105
-0.014918
-0.021742
-0.026277
-0.025549
-0.021515
-0.017116
-0.012042
-0.005020
0.004956
0.017697
0.030596
0.041561
0.050658
0.055965
0.052021
0.035674
0.011472
-0.011769
-0.029296
-0.040049
-0.042787
-0.038012
-0.028273
-0.016683
-0.006197
0.002606
0.010260
0.014754
0.012542
0.001770
-0.014494
-0.028146
-0.033243
-0.030418
-0.022672
-0.012914
-0.004098
0.003519
0.011163
0.018562
0.024755
0.029398
0.033454
0.036861
0.038053
0.036649
0.033014
0.028225
0.023090
0.016580
0.008412
-0.000099
-0.006473
-0.009103
-0.010150
-0.011982
-0.014816
-0.018532
-0.022300
-0.024114
-0.021997
-0.015180
-0.005157
0.006643
0.020175
0.032892
0.042327
0.049221
0.054369
0.057940
0.058912
0.054417
0.042810
0.025907
0.008194
-0.005814
-0.013612
-0.013496
-0.006068
0.003494
0.007956
0.002244
-0.012326
-0.030594
-0.047829
-0.060722
-0.067726
-0.066429
-0.055301
-0.036686
-0.015360
0.002926
0.012658
0.009524
-0.005769
-0.024412
-0.036279
-0.036576
-0.024426
-0.003155
0.019593
0.037216
0.046376
0.047104
0.044399
0.043571
0.045409
0.047997
0.049193
0.047668
0.043209
0.036226
0.027460
0.017881
0.007949
-0.001818
-0.010519
-0.018129
-0.025457
-0.033285
-0.043008
-0.056222
-0.071753
-0.087021
-0.099439
-0.105116
-0.101897
-0.090162
-0.071042
-0.048206
-0.027349
-0.012947
-0.006365
-0.005638
-0.007916
-0.011132
-0.013889
-0.015297
-0.015134
-0.012871
-0.006686
0.003063
0.013424
0.021712
0.024490
0.019013
0.005194
-0.015813
-0.039959
-0.060366
-0.071484
-0.069700
-0.055242
-0.033740
-0.011673
0.006733
0.019216
0.027031
0.035705
0.049113
0.065118
0.078396
0.086017
0.088560
0.085043
0.074429
0.061128
0.051176
0.046129
0.043812
0.041871
0.038762
0.033735
0.029019
0.030074
0.039783
0.054120
0.066068
0.070412
0.065338
0.053895
0.041694
0.032862
0.031758
0.043724
0.068953
0.099610
0.124288
0.131913
0.117065
0.084323
0.041493
-0.004623
-0.046248
-0.079415
-0.104557
-0.122274
-0.133929
-0.140564
-0.141869
-0.139070
-0.134767
-0.129624
-0.121126
-0.106320
-0.086191
-0.064285
-0.044225
-0.029371
-0.020091
-0.014081
-0.008541
-0.002542
0.002553
0.006695
0.009566
0.008686
0.003430
-0.004578
-0.014052
-0.024468
-0.036633
-0.050551
-0.062555
-0.067754
-0.062658
-0.047998
-0.030172
-0.015111
-0.003655
0.006321
0.016648
0.027972
0.040575
0.053750
0.066298
0.076822
0.082414
0.080497
0.071409
0.058070
0.044086
0.031965
0.021057
0.008263
-0.007166
-0.022331
-0.034387
-0.042641
-0.047415
-0.049032
-0.048678
-0.048410
-0.049191
-0.051062
-0.054149
-0.057175
-0.056804
-0.049394
-0.033780
-0.011842
0.012517
0.032812
0.044782
0.052069
0.061195
0.074793
0.090050
0.101067
0.104249
0.099774
0.088930
0.074271
0.060492
0.051329
0.046895
0.044816
0.043310
0.041322
0.036032
0.024990
0.008681
-0.010571
-0.030601
-0.048841
-0.061073
-0.065489
-0.063950
-0.058327
-0.049679
-0.038865
-0.026966
-0.015359
-0.004148
0.006909
0.016197
0.021912
0.023320
0.020755
0.015731
0.010600
0.008794
0.013558
0.024568
0.037098
0.045757
0.046778
0.038116
0.021854
0.003611
-0.011322
-0.017559
-0.010749
0.008407
0.034588
0.059289
0.074654
0.079065
0.073722
0.055908
0.025148
-0.010493
-0.043141
-0.069052
-0.085795
-0.093498
-0.093582
-0.086815
-0.073884
-0.052610
-0.021610
0.011419
0.035509
0.043857
0.036449
0.020273
0.001969
-0.014913
-0.026073
-0.028750
-0.024122
-0.014903
-0.004270
0.005209
0.012095
0.013993
0.008616
-0.001682
-0.011930
-0.020045
-0.026555
-0.031314
-0.031780
-0.026378
-0.017993
-0.010106
-0.003558
0.000936
0.002392
0.001531
-0.001612
-0.007955
-0.015498
-0.021198
-0.024323
-0.027642
-0.033827
-0.040953
-0.047164
-0.054102
-0.064406
-0.078685
-0.094540
-0.106570
-0.107396
-0.092079
-0.061687
-0.018290
0.033947
0.077322
0.096597
0.096790
0.087755
0.073007
0.053246
0.028354
0.000805
-0.023232
-0.039763
-0.048626
-0.050794
-0.047842
-0.042097
-0.036138
-0.032416
-0.032980
-0.038371
-0.046457
-0.053542
-0.056566
-0.053540
-0.044501
-0.032191
-0.019824
-0.010013
-0.005104
-0.005547
-0.009054
-0.012811
-0.015042
-0.013944
-0.009102
-0.003582
0.000187
0.002220
0.002929
0.003754
0.004778
0.002825
-0.002303
-0.001080
0.015244
0.040956
0.062618
0.070309
0.063220
0.047758
0.028928
0.008646
-0.009482
-0.020560
-0.019530
-0.003717
0.019727
0.038928
0.049510
0.054545
0.057357
0.058110
0.057065
0.057301
0.061013
0.066743
0.069838
0.064988
0.050943
0.030486
0.007363
-0.013939
-0.030298
-0.041406
-0.047777
-0.051900
-0.058622
-0.070041
-0.082576
-0.092813
-0.100890
-0.104861
-0.100322
-0.085825
-0.061637
-0.027180
0.014550
0.051487
0.069277
0.067044
0.055265
0.041352
0.027996
0.017605
0.012475
0.013097
0.017277
0.021137
0.021449
0.017898
0.013504
0.010666
0.008445
0.006463
0.007578
0.014590
0.027056
0.042394
0.057379
0.069572
0.079033
0.086646
0.092338
0.095293
0.094097
0.088737
0.082649
0.080507
0.084272
0.091685
0.098023
0.100630
0.099573
0.095283
0.090180
0.086838
0.082848
0.073753
0.059225
0.041801
0.022310
0.000313
-0.024411
-0.052653
-0.081560
-0.103643
-0.115600
-0.121557
-0.125775
-0.126922
-0.121606
-0.109458
-0.094924
-0.083388
-0.075697
-0.070561
-0.067180
-0.064089
-0.060028
-0.054301
-0.045965
-0.035132
-0.022653
-0.009348
0.003205
0.013589
0.020569
0.022154
0.017236
0.007617
-0.002602
-0.010039
-0.013612
-0.011776
-0.001137
0.019201
0.045386
0.072615
0.095839
0.108570
0.106723
0.091592
0.069098
0.048498
0.037414
0.037973
0.047505
0.059828
0.069252
0.073117
0.071805
0.068704
0.066615
0.065069
0.062575
0.058776
0.053926
0.046684
0.034445
0.016282
-0.006407
-0.030950
-0.053684
-0.071547
-0.083921
-0.091276
-0.094692
-0.096494
-0.099067
-0.103702
-0.109727
-0.115921
-0.121259
-0.123765
-0.121604
-0.114792
-0.105628
-0.096257
-0.085764
-0.072168
-0.054034
-0.030347
-0.001657
0.030010
0.059534
0.081191
0.094114
0.099825
0.098607
0.090122
0.075511
0.058323
0.043645
0.035770
0.034857
0.035789
0.031911
0.021762
0.008541
-0.004772
-0.016251
-0.025855
-0.034290
-0.041272
-0.045563
-0.043833
-0.033122
-0.015361
0.005740
0.027970
0.047177
0.057388
0.055309
0.044354
0.033500
0.031175
0.040003
0.055824
0.073681
0.091863
0.109360
0.123993
0.133914
0.139182
0.140668
0.138139
0.130041
0.114992
0.094287
0.071341
0.048804
0.027908
0.008827
-0.008801
-0.025144
-0.039822
-0.051618
-0.057814
-0.056614
-0.050696
-0.045715
-0.046095
-0.052260
-0.060842
-0.068083
-0.072511
-0.073541
-0.069977
-0.062147
-0.051770
-0.039767
-0.028805
-0.021941
-0.019919
-0.021897
-0.024803
-0.026417
-0.028088
-0.033680
-0.047492
-0.071082
-0.102232
-0.134354
-0.154517
-0.150621
-0.124050
-0.088107
-0.058112
-0.043753
-0.045813
-0.059142
-0.070897
-0.064996
-0.039052
-0.005199
0.022987
0.039667
0.048369
0.053080
0.053831
0.050400
0.044332
0.038737
0.037348
0.042522
0.052055
0.061327
0.067689
0.070728
0.069129
0.061392
0.050002
0.037973
0.024872
0.010870
-0.001206
-0.009517
-0.015151
-0.020286
-0.024741
-0.027207
-0.028475
-0.030114
-0.032112
-0.032063
-0.027721
-0.017859
-0.000981
0.021094
0.044179
0.065293
0.081768
0.093226
0.100370
0.102154
0.098514
0.092823
0.089167
0.087320
0.082764
0.071325
0.051802
0.026553
0.000113
-0.024157
-0.043631
-0.056891
-0.063504
-0.061092
-0.048853
-0.030849
-0.011918
0.005351
0.019990
0.032201
0.042075
0.049160
0.054540
0.060775
0.069404
0.080271
0.090727
0.097582
0.101577
0.105155
0.108057
0.106919
0.097974
0.080814
0.057651
0.029475
-0.002373
-0.033009
-0.057066
-0.073658
-0.085379
-0.093266
-0.096845
-0.096946
-0.095073
-0.092116
-0.089138
-0.087588
-0.087805
-0.089270
-0.091706
-0.094530
-0.096787
-0.096812
-0.093122
-0.086664
-0.079082
-0.070857
-0.062648
-0.055991
-0.052826
-0.053953
-0.057613
-0.060166
-0.059036
-0.053727
-0.045354
-0.035556
-0.024635
-0.012257
0.001886
0.015705
0.026014
0.031653
0.031116
0.024093
0.013621
0.003489
-0.004256
-0.009095
-0.010693
-0.009718
-0.007522
-0.005064
-0.003258
-0.002181
-0.001028
0.001323
0.005900
0.013140
0.022767
0.032868
0.040666
0.043286
0.038430
0.026933
0.012776
0.000045
-0.009851
-0.018002
-0.024620
-0.025434
-0.013818
0.013063
0.049310
0.080756
0.096395
0.094701
0.079013
0.057246
0.038798
0.025385
0.012558
-0.001976
-0.016114
-0.025644
-0.028589
-0.027249
-0.026417
-0.028874
-0.032019
-0.031858
-0.028773
-0.025177
-0.021353
-0.017067
-0.012727
-0.008807
-0.005794
-0.004239
-0.004212
-0.004704
-0.004597
-0.004653
-0.007287
-0.013384
-0.021105
-0.029105
-0.037216
-0.044323
-0.051699
-0.061077
-0.070705
-0.079047
-0.085661
-0.091464
-0.098037
-0.103567
-0.104323
-0.099122
-0.089840
-0.080003
-0.072176
-0.066537
-0.062025
-0.057370
-0.051282
-0.042160
-0.029369
-0.014129
0.001407
0.015231
0.026252
0.034312
0.040389
0.045207
0.048157
0.048866
0.047859
0.045470
0.042243
0.038574
0.033839
0.028421
0.022721
0.016535
0.010817
0.007493
0.008149
0.012732
0.019570
0.025962
0.030258
0.031622
0.028604
0.022309
0.015767
0.010464
0.007807
0.009881
0.016281
0.024752
0.033782
0.041629
0.046130
0.044620
0.035897
0.022481
0.008008
-0.004760
-0.014528
-0.020849
-0.023050
-0.022103
-0.019224
-0.014580
-0.009156
-0.003975
-0.000274
0.001264
0.002108
0.003755
0.006035
0.008254
0.010075
0.011690
0.013122
0.013259
0.011200
0.007443
0.003431
0.000069
-0.002325
-0.002582
-0.000161
0.004147
0.008360
0.009817
0.008617
0.006392
0.003668
0.001122
-0.000470
-0.001009
-0.001279
-0.002082
-0.003839
-0.006701
-0.009754
-0.012517
-0.015807
-0.019003
-0.020528
-0.020753
-0.021035
-0.022446
-0.024295
-0.024341
-0.021257
-0.015568
-0.009737
-0.005729
-0.003773
-0.002849
-0.001420
0.000469
0.000175
-0.004444
-0.011218
-0.015092
-0.012762
-0.006894
-0.004808
-0.011622
-0.025507
-0.039097
-0.045356
-0.041713
-0.031082
-0.020344
-0.013709
-0.010096
-0.008304
-0.007956
-0.006950
-0.003238
0.002751
0.008929
0.013994
0.018341
0.021694
0.022790
0.021797
0.020392
0.019713
0.019365
0.019363
0.020549
0.022312
0.023706
0.024982
0.026511
0.028692
0.031072
0.031756
0.029981
0.027229
0.025639
0.026847
0.030996
0.036803
0.043632
0.051407
0.059013
0.064310
0.064511
0.058450
0.048129
0.035793
0.022542
0.010549
0.003454
0.003411
0.007306
0.009438
0.007383
0.002689
-0.002035
-0.006019
-0.009856
-0.013590
-0.016022
-0.016854
-0.017479
-0.017790
-0.016161
-0.011983
-0.006199
-0.000555
0.004210
0.009053
0.014831
0.020515
0.024066
0.024976
0.024162
0.022016
0.017783
0.011245
0.003808
-0.003010
-0.008730
-0.013235
-0.015101
-0.012136
-0.005243
0.001731
0.006267
0.009347
0.013566
0.018501
0.020694
0.018163
0.012062
0.005268
0.000653
-0.001421
-0.002651
-0.003142
-0.002407
-0.001163
0.000176
0.000547
-0.001864
-0.007081
-0.013580
-0.019400
-0.023363
-0.024579
-0.020698
-0.011004
0.001558
0.013183
0.022035
0.028617
0.032579
0.031582
0.025715
0.018953
0.014286
0.012016
0.012313
0.014766
0.017822
0.020814
0.023792
0.025037
0.022566
0.017611
0.012093
0.005975
-0.000342
-0.004824
-0.005557
-0.002986
0.000491
0.003740
0.007260
0.010052
0.009028
0.002978
-0.006140
-0.015944
-0.024527
-0.030858
-0.034548
-0.034675
-0.030707
-0.023545
-0.015898
-0.010694
-0.008495
-0.008380
-0.009578
-0.011360
-0.012085
-0.009595
-0.004155
0.001457
0.005514
0.007503
0.006475
0.001768
-0.006007
-0.014856
-0.021331
-0.023699
-0.023601
-0.020861
-0.013754
-0.004067
0.004483
0.010461
0.014571
0.017114
0.017879
0.017069
0.015937
0.016623
0.019831
0.024281
0.028829
0.032211
0.032490
0.029031
0.022275
0.012930
0.003259
-0.004559
-0.010088
-0.012715
-0.012435
-0.011051
-0.010317
-0.010680
-0.011372
-0.012072
-0.013426
-0.015398
-0.016790
-0.016771
-0.015702
-0.014056
-0.011715
-0.008014
-0.002750
0.002540
0.005762
0.005372
0.001063
-0.004677
-0.009199
-0.012502
-0.014573
-0.014772
-0.013529
-0.011799
-0.010219
-0.009235
-0.009767
-0.011431
-0.012587
-0.013028
-0.013473
-0.014269
-0.015837
-0.018839
-0.022002
-0.022804
-0.020643
-0.016248
-0.011139
-0.007292
-0.005185
-0.004865
-0.007528
-0.013538
-0.020684
-0.026353
-0.029046
-0.027191
-0.020784
-0.013217
-0.007730
-0.004530
-0.003998
-0.007463
-0.013237
-0.017662
-0.019961
-0.020262
-0.017389
-0.011700
-0.005182
0.000269
0.003617
0.004050
0.001820
-0.001248
-0.004259
-0.007318
-0.009484
-0.009242
-0.006876
-0.003936
-0.000422
0.003408
0.004882
0.003150
0.000393
-0.001916
-0.003484
-0.004643
-0.005656
-0.006446
-0.007705
-0.009289
-0.009895
-0.009519
-0.008699
-0.006785
-0.004212
-0.002392
-0.001148
0.000202
0.001971
0.004279
0.007628
0.011865
0.016463
0.021304
0.024668
0.024992
0.023377
0.021665
0.019866
0.017875
0.016707
0.015976
0.013699
0.009924
0.005915
0.001332
-0.003651
-0.008142
-0.011779
-0.014921
-0.017925
-0.020237
-0.022176
-0.024732
-0.027173
-0.027550
-0.024698
-0.019631
-0.014679
-0.010061
-0.004479
0.001623
0.006419
0.007964
0.005949
0.002880
0.001082
0.000631
0.001191
0.003297
0.006229
0.007427
0.006017
0.003919
0.003255
0.004327
0.006793
0.009665
0.011115
0.011262
0.010886
0.009237
0.005538
0.000519
-0.003495
-0.005407
-0.006914
-0.009115
-0.010965
-0.011881
-0.012180
-0.011330
-0.009264
-0.006762
-0.004160
-0.001956
-0.000829
-0.000237
0.001911
0.006538
0.012021
0.015849
0.017634
0.019398
0.021202
0.020060
0.015008
0.009641
0.006093
0.003155
0.001415
0.002176
0.005319
0.010656
0.017008
0.021866
0.024492
0.025728
0.025331
0.023051
0.019954
0.017933
0.017643
0.017939
0.018287
0.018707
0.018748
0.018199
0.016697
0.013641
0.009564
0.006331
0.004989
0.003715
0.000696
-0.002689
-0.004871
-0.007146
-0.010227
-0.012283
-0.012783
-0.012766
-0.012841
-0.012827
-0.011620
-0.009086
-0.006819
-0.004812
-0.001891
0.000976
0.002705
0.003749
0.003966
0.003005
0.001761
0.000938
0.000401
-0.000221
-0.000917
-0.001006
-0.001211
-0.002917
-0.005029
-0.006386
-0.007468
-0.007841
-0.006610
-0.004078
-0.000931
0.002488
0.005892
0.009219
0.012467
0.014751
0.014943
0.012973
0.009543
0.005772
0.002724
0.000795
-0.000202
-0.000554
-0.000438
-0.000633
-0.002038
-0.003985
-0.005390
-0.007165
-0.010303
-0.013379
-0.015058
-0.016138
-0.017525
-0.018286
-0.017208
-0.014380
-0.010307
-0.005757
-0.001204
0.003720
0.008856
0.012610
0.013702
0.013728
0.015449
0.019035
0.022600
0.025169
0.027054
0.028139
0.027520
0.025071
0.021751
0.018041
0.013800
0.009890
0.007621
0.006916
0.006306
0.004495
0.002010
-0.000662
-0.003475
-0.005414
-0.007219
-0.009985
-0.012149
-0.012856
-0.012617
-0.011498
-0.009186
-0.005024
0.000354
0.005194
0.008846
0.011067
0.011146
0.009309
0.007448
0.006861
0.006824
0.006373
0.005045
0.003023
0.000594
-0.003523
-0.010323
-0.018080
-0.023748
-0.025617
-0.024598
-0.022358
-0.019530
-0.016664
-0.014283
-0.011842
-0.009032
-0.007097
-0.006224
-0.005280
-0.003961
-0.001618
0.002256
0.006485
0.009772
0.011508
0.011635
0.010920
0.009287
0.005740
0.000905
-0.003980
-0.008563
-0.012810
-0.016453
-0.018507
-0.018964
-0.018799
-0.017904
-0.015870
-0.012817
-0.009213
-0.005691
-0.002015
0.001814
0.004226
0.004496
0.003033
-0.000041
-0.003902
-0.007117
-0.008968
-0.009755
-0.010301
-0.011119
-0.011943
-0.012495
-0.013109
-0.014233
-0.016675
-0.020080
-0.022220
-0.022281
-0.020648
-0.017702
-0.014556
-0.011636
-0.008382
-0.004403
-0.000155
0.002420
0.002196
0.001003
0.000799
0.001398
0.002199
0.003925
0.006909
0.009596
0.011082
0.011547
0.010499
0.007870
0.004390
0.000797
-0.002158
-0.004405
-0.006321
-0.007675
-0.008492
-0.008527
-0.007503
-0.006322
-0.005181
-0.003968
-0.003111
-0.002441
-0.001996
-0.002063
-0.002192
-0.002469
-0.003034
-0.002391
-0.000496
0.001139
0.003728
0.008081
0.011916
0.014145
0.015695
0.016967
0.016734
0.014537
0.012541
0.011663
0.010956
0.010578
0.010783
0.011027
0.010972
0.010843
0.010097
0.008164
0.005912
0.004055
0.003663
0.005192
0.006934
0.008093
0.009044
0.009826
0.010267
0.009835
0.008980
0.008833
0.009655
0.010979
0.011740
0.011502
0.010642
0.009228
0.006997
0.003768
0.000742
-0.000153
0.001579
0.004370
0.006304
0.007789
0.008909
0.008493
0.006680
0.003431
-0.001176
-0.005932
-0.010199
-0.013100
-0.013533
-0.012228
-0.010558
-0.008650
-0.006594
-0.005351
-0.004939
-0.004429
-0.003522
-0.001690
0.001672
0.005446
0.008277
0.009270
0.008189
0.006187
0.003534
0.000345
-0.001552
-0.001263
-0.000302
-0.000162
-0.000729
-0.001206
-0.001187
-0.000969
-0.000933
-0.000699
0.000555
0.002344
0.003376
0.004162
0.005449
0.006562
0.007219
0.008219
0.010921
0.014493
0.016233
0.016154
0.015856
0.015829
0.016409
0.018015
0.020292
0.022359
0.023259
0.022095
0.019172
0.014862
0.009314
0.004591
0.001444
-0.002132
-0.005772
-0.006983
-0.005690
-0.003622
-0.001785
-0.000704
-0.001079
-0.002563
-0.004212
-0.006268
-0.008218
-0.008255
-0.006522
-0.004598
-0.002599
-0.000858
-0.000224
-0.000024
0.000721
0.002023
0.002548
0.001033
-0.001593
-0.003671
-0.004716
-0.004393
-0.002197
0.001048
0.003489
0.005067
0.006914
0.007397
0.005107
0.002214
0.000456
0.000121
0.001248
0.002431
0.001957
0.000221
-0.001587
-0.002907
-0.003166
-0.002621
-0.001996
-0.000868
0.000930
0.002793
0.004542
0.005812
0.006140
0.005816
0.005218
0.004348
0.003748
0.004285
0.006045
0.008255
0.010168
0.011366
0.010776
0.008345
0.005917
0.003994
0.002775
0.003805
0.006283
0.007350
0.006064
0.003019
-0.000862
-0.004498
-0.007135
-0.008110
-0.007236
-0.005686
-0.005199
-0.005986
-0.007637
-0.009750
-0.011169
-0.011567
-0.010950
-0.008695
-0.004936
-0.001040
0.001246
0.001562
0.001060
0.000416
-0.000330
-0.001410
-0.003126
-0.005092
-0.006880
-0.008493
-0.009642
-0.010347
-0.011537
-0.013106
-0.014197
-0.015262
-0.016486
-0.017429
-0.018611
-0.020060
-0.021517
-0.023204
-0.025123
-0.027918
-0.030812
-0.031574
-0.030590
-0.029884
-0.029750
-0.029299
-0.028323
-0.027379
-0.027020
-0.026315
-0.023942
-0.020576
-0.017169
-0.012876
-0.007376
-0.002269
0.001704
0.005524
0.009866
0.014014
0.016957
0.019139
0.021575
0.023002
0.021209
0.016826
0.012537
0.009464
0.006764
0.004535
0.003946
0.004577
0.004930
0.004974
0.005576
0.006643
0.007618
0.008396
0.009258
0.010183
0.010485
0.009639
0.008191
0.007186
0.007303
0.008580
0.010588
0.012519
0.013443
0.013122
0.011842
0.009994
0.008151
0.007141
0.007427
0.008710
0.009838
0.009390
0.007613
0.005412
0.003098
0.001773
0.002178
0.003544
0.004833
0.006133
0.007504
0.007417
0.005832
0.004270
0.002382
0.000465
0.000739
0.003372
0.006763
0.010067
0.011872
0.010224
0.005523
-0.000363
-0.006179
-0.010639
-0.013462
-0.015316
-0.014976
-0.011595
-0.008308
-0.008377
-0.011553
-0.015978
-0.019717
-0.021245
-0.020371
-0.018028
-0.015321
-0.012681
-0.009181
-0.004814
-0.002039
-0.001760
-0.002008
-0.001848
-0.002054
-0.002238
-0.001632
-0.001515
-0.002739
-0.004334
-0.005768
-0.006789
-0.007459
-0.008768
-0.011058
-0.013195
-0.014122
-0.014494
-0.015163
-0.015511
-0.014835
-0.013717
-0.013340
-0.013898
-0.014939
-0.015973
-0.016200
-0.015733
-0.015469
-0.015048
-0.012850
-0.008316
-0.003109
0.000843
0.003657
0.006783
0.009925
0.011552
0.012244
0.013022
0.013523
0.014032
0.014921
0.015399
0.015156
0.014886
0.014870
0.014232
0.011729
0.007855
0.005187
0.004616
0.004346
0.004558
0.006669
0.009425
0.011811
0.014565
0.016822
0.016927
0.015163
0.013041
0.012075
0.012593
0.013469
0.014230
0.015558
0.017412
0.018579
0.018281
0.017012
0.015844
0.015116
0.014050
0.012220
0.010049
0.007685
0.005073
0.002221
-0.000921
-0.003878
-0.006420
-0.007862
-0.006596
-0.003827
-0.002293
-0.001665
-0.001260
-0.002354
-0.004891
-0.007292
-0.008439
-0.007504
-0.004965
-0.002191
0.000162
0.001857
0.003127
0.004024
0.004216
0.004689
0.006980
0.010483
0.013532
0.015761
0.017312
0.017988
0.017907
0.017545
0.016906
0.016178
0.015884
0.015602
0.014800
0.013523
0.011925
0.009994
0.007602
0.005534
0.003846
0.001104
-0.001848
-0.003177
-0.002986
-0.001961
-0.000702
0.000990
0.003171
0.004308
0.003849
0.003035
0.002190
0.000858
-0.000201
0.000029
0.001506
0.003586
0.005327
0.005824
0.005303
0.004566
0.002807
-0.000337
-0.002813
-0.004362
-0.006974
-0.010106
-0.011194
-0.009777
-0.007924
-0.007087
-0.007273
-0.008342
-0.009804
-0.011573
-0.013605
-0.014788
-0.015350
-0.016437
-0.017086
-0.016050
-0.013457
-0.009698
-0.005790
-0.003289
-0.003010
-0.004887
-0.007760
-0.009820
-0.011066
-0.012690
-0.013825
-0.012816
-0.010240
-0.008135
-0.007681
-0.008546
-0.010005
-0.011772
-0.013381
-0.013986
-0.013596
-0.013125
-0.012272
-0.010220
-0.008024
-0.006145
-0.003592
-0.001292
-0.000435
-0.000173
0.000862
0.002902
0.004474
0.004503
0.003633
0.002564
0.001498
0.000800
0.001073
0.002420
0.004230
0.005738
0.006514
0.007056
0.007445
0.006557
0.004358
0.001803
-0.000496
-0.001879
-0.002369
-0.002581
-0.002415
-0.001617
-0.000596
0.000256
0.000707
0.000256
-0.000999
-0.002457
-0.004417
-0.006579
-0.007422
-0.006530
-0.005004
-0.003636
-0.001798
0.000389
0.001337
0.000464
-0.001445
-0.003467
-0.004859
-0.005083
-0.004505
-0.004165
-0.004084
-0.003529
-0.002774
-0.002672
-0.003108
-0.003356
-0.003278
-0.003202
-0.002951
-0.001841
0.000172
0.001960
0.002667
0.002971
0.003440
0.003679
0.003607
0.003588
0.003676
0.004025
0.004959
0.006100
0.007372
0.008807
0.009880
0.010175
0.009416
0.008523
0.008588
0.008782
0.008059
0.006803
0.005352
0.003978
0.003563
0.004044
0.004400
0.003799
0.002391
0.001518
0.001372
0.001217
0.001531
0.002230
0.002778
0.003147
0.002328
0.000005
-0.001959
-0.002475
-0.002613
-0.002618
-0.001420
0.000781
0.002795
0.003861
0.004230
0.004836
0.005572
0.006169
0.007034
0.008074
0.009802
0.012723
0.015102
0.014894
0.012467
0.009911
0.007990
0.005809
0.003524
0.002233
0.002233
0.002764
0.003386
0.004186
0.004117
0.002278
-0.000305
-0.002814
-0.005697
-0.008302
-0.009753
-0.010836
-0.012012
-0.012497
-0.011896
-0.011199
-0.010828
-0.009813
-0.008326
-0.007233
-0.006157
-0.004896
-0.003905
-0.003133
-0.002264
-0.001303
-0.000849
-0.001104
-0.001332
-0.000781
-0.000040
-0.000518
-0.002029
-0.002907
-0.002207
-0.000657
0.000981
0.002608
0.003730
0.003827
0.003378
0.003293
0.003670
0.004004
0.004029
0.003885
0.003785
0.003339
0.001859
-0.000303
-0.002192
-0.003643
-0.005064
-0.006248
-0.006969
-0.007677
-0.008629
-0.009649
-0.010610
-0.011952
-0.013926
-0.016003
-0.017335
-0.017018
-0.015190
-0.013055
-0.010967
-0.008671
-0.006546
-0.004473
-0.002387
-0.000955
0.000128
0.001358
0.002500
0.003396
0.003769
0.003612
0.003415
0.002991
0.001692
0.000103
-0.000993
-0.002058
-0.003096
-0.004022
-0.006108
-0.009272
-0.011075
-0.010553
-0.009482
-0.009356
-0.009919
-0.010222
-0.009409
-0.007426
-0.005093
-0.002709
-0.000261
0.001560
0.002292
0.002676
0.003510
0.004128
0.003426
0.001474
-0.000673
-0.002353
-0.003851
-0.005437
-0.006608
-0.006655
-0.005501
-0.003593
-0.001559
0.000108
0.000917
0.000858
0.001114
0.002249
0.003652
0.005053
0.006087
0.006576
0.007103
0.008175
0.009982
0.011431
0.010967
0.009200
0.007735
0.006576
0.004979
0.003093
0.001774
0.001128
0.000692
0.001029
0.002271
0.003476
0.004148
0.004022
0.003021
0.001828
0.000844
-0.000343
-0.001597
-0.002503
-0.003155
-0.003454
-0.003279
-0.002416
-0.000558
0.001574
0.002763
0.003314
0.004560
0.006597
0.007926
0.007130
0.004886
0.003294
0.002684
0.001735
0.000583
0.000286
0.000753
0.001785
0.003485
0.005435
0.007034
0.007757
0.007382
0.006052
0.004366
0.003045
0.001609
-0.000074
-0.000678
-0.000162
0.000227
0.000211
0.000014
-0.000887
-0.002622
-0.003784
-0.003733
-0.003916
-0.004721
-0.004314
-0.002250
-0.000445
0.000236
0.000442
0.000500
0.000308
-0.000373
-0.001382
-0.002523
-0.003886
-0.005117
-0.005842
-0.005533
-0.003774
-0.001452
0.000168
0.000572
0.000122
-0.000176
0.000166
0.000641
0.000769
0.000657
0.000534
0.000516
0.000456
-0.000665
-0.003303
-0.005870
-0.007566
-0.009299
-0.011212
-0.012815
-0.013454
-0.012387
-0.010052
-0.008066
-0.007445
-0.007429
-0.007091
-0.006738
-0.006711
-0.006818
-0.006856
-0.006635
-0.005606
-0.003584
-0.001387
0.000136
0.000597
0.000216
-0.000152
0.000048
0.000312
-0.000494
-0.002383
-0.003675
-0.003219
-0.001622
-0.000122
0.000559
-0.000090
-0.001916
-0.003380
-0.004078
-0.005084
-0.006151
-0.006409
-0.005970
-0.004944
-0.003408
-0.002444
-0.002750
-0.003410
-0.003696
-0.004406
-0.006019
-0.007252
-0.007101
-0.006213
-0.005009
-0.003422
-0.002471
-0.002604
-0.002436
-0.001289
0.000131
0.001065
0.001104
0.000709
0.000569
0.000898
0.002047
0.004065
0.006254
0.007787
0.008368
0.008969
0.010369
0.010853
0.009071
0.007112
0.007092
0.008076
0.008602
0.009183
0.010782
0.013096
0.014953
0.014845
0.012557
0.009990
0.008213
0.006412
0.004903
0.004828
0.005503
0.005705
0.005429
0.005211
0.005152
0.004449
0.002554
0.000225
-0.001466
-0.001986
-0.001717
-0.001161
0.000147
0.001864
0.003058
0.004117
0.005033
0.005127
0.004758
0.004636
0.004905
0.005250
0.005293
0.005545
0.007033
0.009360
0.011439
0.012694
0.012276
0.009951
0.007708
0.007485
0.007857
0.006669
0.004881
0.004338
0.004273
0.003004
0.001325
0.000971
0.001650
0.002025
0.001741
0.001368
0.001273
0.001333
0.001346
0.001314
0.001349
0.001314
0.001274
0.002024
0.003814
0.005392
0.006170
0.007167
0.008390
0.008808
0.008434
0.007557
0.006067
0.004768
0.004101
0.003067
0.001808
0.001428
0.001802
0.001805
0.000271
-0.002064
-0.002921
-0.002158
-0.001341
-0.000597
0.000739
0.002025
0.002813
0.003984
0.005375
0.005885
0.005675
0.005581
0.005784
0.006022
0.006042
0.005873
0.005703
0.005078
0.003436
0.001775
0.001535
0.002220
0.002504
0.002182
0.001768
0.001102
-0.000462
-0.002111
-0.002381
-0.001531
-0.000838
-0.000853
-0.001147
-0.001278
-0.001204
-0.001074
-0.001501
-0.002994
-0.004621
-0.004932
-0.004307
-0.004963
-0.007412
-0.009013
-0.008023
-0.005466
-0.003025
-0.001467
-0.000700
-0.000211
0.000073
-0.000421
-0.001194
-0.001841
-0.003157
-0.004762
-0.005231
-0.004636
-0.004210
-0.004071
-0.003175
-0.001608
-0.000798
-0.001931
-0.004495
-0.006358
-0.007120
-0.007934
-0.008587
-0.008630
-0.008523
-0.008605
-0.008754
-0.008796
-0.008734
-0.008274
-0.006784
-0.004500
-0.002386
-0.001204
-0.000383
0.001253
0.002631
0.003269
0.004633
0.005980
0.006809
0.007642
0.007092
0.005255
0.003294
0.000541
-0.002831
-0.005674
-0.007685
-0.007974
-0.006367
-0.004714
-0.004020
-0.004054
-0.004376
-0.004444
-0.004185
-0.003974
-0.003980
-0.004082
-0.004143
-0.004084
-0.004268
-0.005460
-0.007401
-0.008561
-0.008409
-0.007718
-0.006654
-0.004697
-0.002197
-0.000588
0.000039
0.000883
0.001768
0.001905
0.001672
0.001417
0.000435
-0.001237
-0.002141
-0.001722
-0.001025
-0.000873
-0.001028
-0.001338
-0.002449
-0.004480
-0.006577
-0.007940
-0.008253
-0.007685
-0.006497
-0.004564
-0.001837
0.000946
0.002696
0.003059
0.002684
0.002504
0.002825
0.003063
0.002299
0.000123
-0.002719
-0.004939
-0.006479
-0.007520
-0.006956
-0.004880
-0.003726
-0.005220
-0.008174
-0.010425
-0.011575
-0.012694
-0.014278
-0.015418
-0.015481
-0.015073
-0.014370
-0.012967
-0.011729
-0.011484
-0.010715
-0.008710
-0.007620
-0.007917
-0.007097
-0.004738
-0.003454
-0.004045
-0.004802
-0.004867
-0.004959
-0.005068
-0.004441
-0.003741
-0.003800
-0.004263
-0.004349
-0.003039
-0.000857
-0.000009
-0.000258
0.000491
0.002143
0.003945
0.005816
0.006813
0.006460
0.004950
0.002844
0.001848
0.002469
0.003220
0.003122
0.002584
0.002337
0.002568
0.002789
0.001745
-0.000634
-0.002599
-0.003769
-0.004734
-0.005176
-0.004945
-0.003705
-0.001629
-0.000658
-0.001376
-0.001317
0.000814
0.003023
0.004146
0.005689
0.008639
0.011656
0.013149
0.013085
0.012539
0.012498
0.012887
0.013129
0.013072
0.012892
0.012782
0.012773
0.012810
0.012487
0.011078
0.008832
0.006757
0.005586
0.005587
0.006112
0.006270
0.006348
0.007443
0.009292
0.010259
0.009943
0.009439
0.009479
0.009797
0.009928
0.009914
0.009247
0.007211
0.005331
0.004729
0.003813
0.002354
0.002234
0.004040
0.006215
0.007147
0.007507
0.008611
0.009779
0.009904
0.009433
0.009230
0.009392
0.009582
0.009608
0.009636
0.009169
0.007427
0.005686
0.005650
0.006582
0.006925
0.006495
0.006028
0.005944
0.006081
0.006274
0.006034
0.004403
0.002320
0.001883
0.002785
0.003308
0.002793
0.001227
-0.000819
-0.002353
-0.003645
-0.005385
-0.007481
-0.008968
-0.008154
-0.005588
-0.003623
-0.002378
-0.001196
-0.000764
-0.001070
-0.000748
0.001285
0.003627
0.004302
0.004681
0.006215
0.007362
0.006839
0.004746
0.002367
0.001691
0.002550
0.003170
0.002921
0.002449
0.002459
0.002567
0.001368
-0.000878
-0.001925
-0.001327
-0.000687
-0.000818
-0.001288
-0.001441
-0.001146
-0.001025
-0.002202
-0.004337
-0.005279
-0.004574
-0.003773
-0.003755
-0.004163
-0.004426
-0.004440
-0.004370
-0.004295
-0.004190
-0.004303
-0.005599
-0.007808
-0.008661
-0.007267
-0.004875
-0.002760
-0.000866
0.001435
0.004009
0.005799
0.006126
0.006822
0.009007
0.010602
0.010478
0.009809
0.009649
0.009667
0.008357
0.005349
0.002706
0.001819
0.001187
-0.000334
-0.001294
-0.000837
-0.000345
-0.001648
-0.004133
-0.005123
-0.004280
-0.003493
-0.003630
-0.004088
-0.004489
-0.005765
-0.007836
-0.008778
-0.008258
-0.007527
-0.006383
-0.004772
-0.003988
-0.003391
-0.001697
0.000544
0.002118
0.002416
0.002954
0.004637
0.005907
0.006951
0.008651
0.009569
0.009096
0.008552
0.008675
0.009159
0.009265
0.007965
0.005538
0.003388
0.001935
0.000678
-0.000892
-0.002867
-0.004682
-0.005138
-0.004630
-0.005550
-0.007974
-0.009218
-0.008539
-0.007674
-0.007721
-0.007999
-0.006821
-0.004421
-0.003238
-0.003902
-0.004662
-0.004775
-0.005654
-0.007571
-0.008544
-0.008003
-0.007341
-0.007308
-0.007867
-0.009485
-0.011664
-0.012450
-0.011742
-0.011238
-0.011556
-0.011533
-0.010267
-0.008640
-0.007052
-0.005508
-0.004790
-0.003920
-0.001941
0.000004
0.001413
0.002358
0.002471
0.002138
0.002180
0.002526
0.002734
0.002736
0.002751
0.002765
0.002016
0.000246
-0.001474
-0.002887
-0.004367
-0.005003
-0.004528
-0.004074
-0.004158
-0.004410
-0.004436
-0.004250
-0.004062
-0.003981
-0.004038
-0.003901
-0.002570
-0.000417
0.000372
-0.000513
-0.001349
-0.001332
-0.000923
-0.000852
-0.001833
-0.003912
-0.005622
-0.005695
-0.004833
-0.004393
-0.004642
-0.004975
-0.004990
-0.004844
-0.004865
-0.004852
-0.003733
-0.001599
0.000092
0.001279
0.002274
0.002573
0.002411
0.002469
0.002730
0.002882
0.002878
0.002739
0.001959
0.000222
-0.001224
-0.001200
-0.000445
-0.000035
0.000472
0.001920
0.003299
0.002696
0.000300
-0.001651
-0.002235
-0.002245
-0.001686
-0.000406
0.001235
0.002941
0.004643
0.006068
0.005777
0.003567
0.001726
0.001131
0.000660
0.000915
0.002893
0.005452
0.007350
0.008758
0.010085
0.010660
0.010384
0.010229
0.010539
0.010847
0.010882
0.011430
0.013033
0.014470
0.014425
0.013528
0.013026
0.012484
0.010954
0.009311
0.009042
0.009488
0.008473
0.006042
0.003823
0.001819
-0.000255
-0.002393
-0.004415
-0.005630
-0.006510
-0.007557
-0.007989
-0.007612
-0.007186
-0.007175
-0.007473
-0.007626
-0.006513
-0.003542
-0.000351
0.001182
0.001093
0.000242
-0.000989
-0.001812
-0.001202
0.000309
0.002356
0.005346
0.008180
0.009774
0.010639
0.011190
0.011272
0.011145
0.011024
0.010244
0.008567
0.007350
0.007535
0.008255
0.008539
0.008214
0.007046
0.005204
0.004040
0.004331
0.005088
0.005245
0.004950
0.004699
0.004001
0.002339
0.000753
-0.000087
-0.001168
-0.002397
-0.002101
-0.000141
0.001526
0.002190
0.003010
0.003696
0.003126
0.001842
0.001025
0.001175
0.001789
0.001846
0.000931
0.000190
0.000748
0.001618
0.001609
0.001123
0.000946
0.001157
0.001431
0.001554
0.001486
0.001474
0.002058
0.003140
0.004243
0.005601
0.006666
0.006088
0.004424
0.003059
0.001925
0.000938
0.000212
-0.000339
0.000036
0.001265
0.001756
0.000789
-0.000701
-0.001711
-0.002226
-0.002926
-0.004432
-0.005803
-0.005365
-0.003537
-0.002152
-0.002322
-0.003743
-0.005288
-0.006719
-0.008297
-0.009409
-0.009502
-0.009059
-0.008292
-0.006887
-0.005593
-0.004833
-0.003716
-0.002279
-0.001175
-0.000418
-0.000181
-0.000244
0.000229
0.000739
0.000137
-0.001205
-0.002367
-0.003687
-0.005887
-0.008179
-0.009804
-0.011071
-0.011320
-0.009769
-0.008036
-0.008073
-0.009179
-0.009711
-0.009409
-0.008889
-0.008720
-0.008723
-0.007532
-0.004652
-0.001431
0.000922
0.002290
0.003380
0.004377
0.004664
0.004465
0.004376
0.003955
0.002974
0.001920
0.001187
0.001084
0.001400
0.001655
0.001525
0.000131
-0.002671
-0.005172
-0.006567
-0.007650
-0.008510
-0.008616
-0.008249
-0.008071
-0.008186
-0.008345
-0.008384
-0.008376
-0.008502
-0.008607
-0.008149
-0.007100
-0.006009
-0.005354
-0.005210
-0.004779
-0.003864
-0.003895
-0.005216
-0.006714
-0.008130
-0.009191
-0.009299
-0.008840
-0.007998
-0.006494
-0.004986
-0.004013
-0.003395
-0.003383
-0.004297
-0.005352
-0.005504
-0.005097
-0.004988
-0.005329
-0.005574
-0.004733
-0.002820
-0.001562
-0.001910
-0.002760
-0.002988
-0.002628
-0.002293
-0.002240
-0.002276
-0.002288
-0.002222
-0.002152
-0.002101
-0.002226
-0.002960
-0.004102
-0.005140
-0.005822
-0.005878
-0.005613
-0.005617
-0.005798
-0.005667
-0.004436
-0.002435
-0.001231
-0.000612
0.000361
0.001047
0.000838
0.000417
0.000229
0.000090
0.000274
0.000748
0.001383
0.002374
0.003619
0.004500
0.004195
0.002877
0.001947
0.001933
0.001406
-0.000271
-0.001552
-0.001475
-0.001024
-0.000820
-0.000296
0.000361
0.000026
-0.001401
-0.002450
-0.002243
-0.001632
-0.001547
-0.001494
-0.000700
0.000503
0.001450
0.002197
0.003099
0.003763
0.003424
0.002207
0.001382
0.001651
0.002171
0.002067
0.002029
0.002861
0.003607
0.003486
0.003083
0.002564
0.001559
0.000755
0.000907
0.001033
0.000167
-0.001153
-0.002186
-0.002441
-0.002003
-0.001618
-0.001643
-0.001764
-0.001810
-0.001381
0.000163
0.001936
0.002856
0.003714
0.005063
0.005921
0.005341
0.003501
0.001405
-0.000315
-0.001427
-0.001681
-0.001519
-0.001126
0.000070
0.001547
0.001863
0.000175
-0.002906
-0.005578
-0.006556
-0.006032
-0.004842
-0.003352
-0.002099
-0.001402
-0.000397
0.000611
0.000168
-0.001354
-0.002554
-0.002645
-0.001464
0.000063
0.000589
0.000177
-0.000261
-0.000658
-0.001298
-0.001720
-0.001580
-0.001351
-0.001439
-0.001696
-0.001853
-0.001883
-0.002381
-0.004037
-0.005892
-0.006790
-0.007600
-0.008840
-0.009429
-0.009108
-0.008802
-0.008989
-0.009318
-0.008938
-0.007288
-0.004986
-0.002859
-0.000711
0.001386
0.002646
0.003043
0.002537
0.001297
0.000539
0.000352
0.000313
0.000837
0.001593
0.001802
0.001661
0.001739
0.002008
0.002249
0.002814
0.003863
0.004900
0.005638
0.005734
0.005208
0.004851
0.004802
0.003915
0.001891
0.000667
0.001273
0.002251
0.002367
0.001905
0.001632
0.002261
0.003386
0.003230
0.001739
0.000839
0.000579
-0.000397
-0.001011
0.000320
0.001802
0.001766
0.001474
0.001668
0.001784
0.001695
0.001655
0.002349
0.004130
0.005642
0.005759
0.005670
0.006622
0.007948
0.008355
0.007424
0.005945
0.005133
0.005199
0.004421
0.001719
-0.001077
-0.001936
-0.001145
-0.000393
-0.000740
-0.001393
-0.000608
0.001266
0.001950
0.001146
0.000383
-0.000171
-0.001361
-0.002466
-0.001768
0.000700
0.003284
0.005013
0.006329
0.007860
0.008902
0.007733
0.005057
0.003341
0.002575
0.002028
0.001957
0.002173
0.002230
0.002055
0.001867
0.001696
0.001039
-0.000126
-0.000599
0.000516
0.002729
0.004888
0.006510
0.007927
0.009567
0.011299
0.011742
0.010072
0.007911
0.006409
0.005280
0.005020
0.005564
0.005782
0.005361
0.004983
0.004588
0.003200
0.000984
-0.001019
-0.002259
-0.002890
-0.003019
-0.002282
-0.001096
-0.000034
0.001075
0.001862
0.001712
0.001168
0.001064
0.001374
0.001633
0.001573
0.001536
0.002378
0.004284
0.005574
0.004449
0.001950
0.000774
0.001401
0.001729
0.000828
0.000239
0.001152
0.002569
0.002925
0.002383
0.002123
0.002258
0.001690
-0.000172
-0.002575
-0.004481
-0.005269
-0.005130
-0.005023
-0.005189
-0.004607
-0.002741
-0.000416
0.001480
0.003009
0.004505
0.005434
0.005343
0.004961
0.005033
0.005219
0.004300
0.002358
0.001028
0.000263
-0.000896
-0.001856
-0.001910
-0.001603
-0.001629
-0.001950
-0.002273
-0.002097
-0.000852
0.000908
0.001988
0.002780
0.004186
0.004662
0.002695
0.000400
-0.000038
0.000192
0.000106
0.000818
0.002829
0.004849
0.005440
0.004851
0.004464
0.004545
0.003922
0.002398
0.001544
0.002080
0.002916
0.003138
0.002857
0.002714
0.002353
0.000678
-0.001421
-0.002802
-0.003877
-0.004506
-0.004651
-0.005588
-0.007618
-0.008390
-0.006287
-0.003479
-0.002039
-0.001591
-0.001265
-0.000185
0.001521
0.002059
0.000332
-0.002028
-0.002656
-0.001619
-0.001085
-0.002613
-0.004990
-0.005880
-0.005180
-0.004578
-0.004870
-0.005493
-0.005863
-0.005860
-0.005672
-0.005530
-0.005444
-0.005336
-0.005208
-0.005503
-0.006961
-0.008907
-0.009977
-0.010299
-0.010815
-0.011910
-0.012367
-0.010856
-0.008696
-0.007331
-0.006130
-0.004451
-0.002431
-0.000835
0.000392
0.001746
0.002509
0.002457
0.001969
0.000742
-0.000846
-0.001412
-0.000827
-0.000285
-0.000363
-0.000690
-0.000817
-0.000712
-0.000594
-0.000611
-0.000759
-0.000874
-0.001294
-0.002785
-0.004767
-0.005597
-0.005201
-0.004513
-0.003817
-0.003158
-0.002501
-0.002114
-0.002259
-0.002112
-0.000956
0.000578
0.001332
0.000683
-0.000809
-0.002024
-0.002230
-0.001643
-0.001173
-0.001633
-0.002549
-0.002343
-0.001230
-0.000734
-0.001024
-0.001351
-0.001379
-0.001344
-0.001484
-0.001339
-0.000121
0.001608
0.002278
0.001736
0.001246
0.001455
0.001487
0.000176
-0.001859
-0.002770
-0.002308
-0.001793
-0.001930
-0.002359
-0.002604
-0.002196
-0.000621
0.001271
0.002284
0.003210
0.004720
0.006071
0.007363
0.008890
0.009681
0.009445
0.009131
0.009213
0.009515
0.009739
0.008924
0.006684
0.005061
0.005474
0.006576
0.006470
0.004545
0.002344
0.001410
0.000763
-0.000494
-0.002117
-0.004118
-0.005356
-0.005017
-0.004319
-0.004261
-0.004653
-0.004892
-0.004823
-0.003826
-0.001446
0.000290
0.000774
0.001917
0.003200
0.003076
0.002202
0.001901
0.002283
0.002670
0.002736
0.002558
0.002312
0.002055
0.002205
0.003540
0.005371
0.006000
0.005356
0.004788
0.004983
0.005483
0.005254
0.003577
0.001565
0.000986
0.001634
0.002087
0.001931
0.001582
0.000550
-0.001324
-0.002346
-0.001748
-0.000886
-0.000813
-0.001216
-0.001425
-0.001337
-0.001183
-0.001112
-0.001165
-0.001234
-0.000702
0.000883
0.002524
0.002760
0.001876
0.001781
0.003422
0.005416
0.006817
0.008077
0.008824
0.009468
0.010652
0.011421
0.011762
0.012018
0.011106
0.009000
0.007975
0.008765
0.008848
0.006807
0.004170
0.002315
0.001013
-0.000422
-0.002334
-0.004415
-0.005419
-0.005030
-0.004572
-0.004763
-0.005204
-0.005416
-0.005360
-0.005300
-0.005351
-0.005454
-0.005545
-0.005581
-0.005601
-0.005112
-0.003513
-0.001735
-0.001268
-0.001824
-0.001584
0.000441
0.002675
0.002760
0.000575
-0.001536
-0.001650
-0.000555
0.000006
-0.000329
-0.000829
-0.000954
-0.000800
-0.000671
-0.000663
-0.000711
-0.000730
-0.000677
-0.000665
-0.000710
-0.000746
-0.000788
-0.000847
-0.000917
-0.000947
-0.000969
-0.000957
-0.000921
-0.000918
-0.000930
-0.000967
-0.001070
-0.000844
0.000490
0.002245
0.002739
0.002013
0.001405
0.001503
0.001893
0.002119
0.002173
0.001465
-0.000470
-0.002691
-0.004471
-0.005169
-0.004994
-0.005904
-0.007999
-0.008752
-0.007288
-0.005442
-0.004563
-0.004702
-0.004929
-0.003778
-0.001722
-0.000812
-0.001376
-0.001989
-0.001915
-0.000709
0.001689
0.003294
0.002936
0.002189
0.001219
-0.000603
-0.002145
-0.002086
-0.001392
-0.001263
-0.001597
-0.001421
0.000106
0.002152
0.002937
0.002430
0.001631
0.000469
-0.000931
-0.001456
-0.000956
-0.000480
-0.000526
-0.001060
-0.002408
-0.004221
-0.005098
-0.004674
-0.004084
-0.004120
-0.004498
-0.004725
-0.004755
-0.004123
-0.002266
-0.000251
0.000991
0.001967
0.002582
0.002848
0.003331
0.003356
0.002927
0.003774
0.005932
0.007210
0.006951
0.007164
0.008876
0.010451
0.010590
0.009561
0.007605
0.005828
0.005348
0.004626
0.003016
0.002103
0.001582
0.000185
-0.001259
-0.001484
-0.000895
-0.001058
-0.002838
-0.004430
-0.003800
-0.001905
-0.000498
0.000558
0.001819
0.002990
0.004260
0.005430
0.005692
0.005233
0.004455
0.003491
0.002667
0.002682
0.003534
0.003535
0.002256
0.001199
0.000280
-0.001318
-0.003268
-0.004816
-0.005103
-0.004457
-0.004155
-0.004462
-0.004831
-0.004922
-0.004836
-0.004785
-0.004804
-0.004795
-0.004297
-0.002766
-0.000592
0.001288
0.002328
0.003221
0.004769
0.005841
0.005547
0.004960
0.004870
0.004162
0.002293
0.001112
0.001567
0.002310
0.002244
0.001736
0.001499
0.001569
0.001694
0.001719
0.001601
0.001849
0.003163
0.004865
0.005382
0.005411
0.006744
0.008280
0.008375
0.006969
0.004773
0.003617
0.003962
0.003749
0.002168
0.000886
0.001004
0.001432
0.000564
-0.001286
-0.002313
-0.002158
-0.002498
-0.004014
-0.005175
-0.005004
-0.004383
-0.004221
-0.004495
-0.004592
-0.003773
-0.002206
-0.001265
-0.001283
-0.000421
0.001926
0.004316
0.006062
0.007316
0.008505
0.009666
0.009863
0.008621
0.006855
0.005674
0.004700
0.003704
0.003303
0.002627
0.000900
-0.001070
-0.002616
-0.003946
-0.005164
-0.005605
-0.005784
-0.006931
-0.008366
-0.008675
-0.008130
-0.007764
-0.007329
-0.006203
-0.005098
-0.005000
-0.005505
-0.005696
-0.005447
-0.005164
-0.005115
-0.005240
-0.005317
-0.005255
-0.005192
-0.005214
-0.005195
-0.005165
-0.005893
-0.007476
-0.007958
-0.006297
-0.004367
-0.004121
-0.004470
-0.003473
-0.002097
-0.001984
-0.002320
-0.001526
0.000023
0.001045
0.001759
0.002656
0.003123
0.002895
0.002607
0.002633
0.002769
0.002795
0.002749
0.002715
0.002760
0.002292
0.000854
-0.000242
-0.000304
-0.000682
-0.001849
-0.002558
-0.002312
-0.001931
-0.001995
-0.002106
-0.001437
-0.000175
0.000538
0.000296
-0.000183
-0.000221
0.000053
0.000384
0.001148
0.002256
0.002931
0.003395
0.004214
0.004794
0.004658
0.004137
0.003449
0.002931
0.003103
0.003895
0.004498
0.004353
0.003944
0.003483
0.002467
0.001456
0.001420
0.001908
0.002069
0.001869
0.001545
0.000912
-0.000090
-0.000751
-0.000607
-0.000206
-0.000126
-0.000314
-0.000489
-0.000530
-0.000508
-0.000470
-0.000675
-0.001633
-0.002824
-0.003049
-0.002479
-0.002112
-0.002216
-0.002440
-0.002495
-0.002417
-0.002372
-0.002285
-0.001903
-0.001294
-0.000706
-0.000357
-0.000392
-0.000568
-0.000596
-0.000844
-0.001628
-0.002391
-0.002798
-0.003331
-0.003936
-0.004047
-0.003763
-0.003568
-0.003594
-0.003653
-0.003599
-0.003489
-0.003406
-0.003373
-0.003354
-0.003048
-0.002189
-0.001102
-0.000232
0.000445
0.001083
0.001539
0.001861
0.002432
0.003019
0.003101
0.003111
0.003690
0.004407
0.004397
0.003457
0.002390
0.002058
0.001939
0.001250
0.000217
-0.000680
-0.001367
-0.001946
-0.002109
-0.001631
-0.001036
-0.000898
-0.000926
-0.000697
-0.000465
-0.000464
-0.000549
-0.000583
-0.000543
-0.000475
-0.000426
-0.000433
-0.000690
-0.001283
-0.001780
-0.001744
-0.001431
-0.001305
-0.001392
-0.001489
-0.001462
-0.001143
-0.000516
-0.000030
-0.000041
-0.000279
-0.000353
-0.000259
-0.000152
0.000079
0.000565
0.000999
0.000935
0.000275
-0.000469
-0.000613
-0.000260
-0.000033
-0.000097
-0.000280
-0.000692
-0.001236
-0.001397
-0.001158
-0.000975
-0.000979
-0.000900
-0.000628
-0.000477
-0.000692
-0.001030
-0.001106
-0.000925
-0.000655
-0.000296
0.000023
0.000063
-0.000217
-0.000651
-0.000926
-0.000859
-0.000663
-0.000587
-0.000520
-0.000239
0.000111
0.000204
0.000072
-0.000021
0.000014
0.000080
0.000103
0.000092
0.000176
0.000461
0.000759
0.000805
0.000662
0.000560
0.000568
0.000604
0.000601
0.000572
0.000544
0.000396
0.000092
-0.000093
-0.000143
-0.000300
-0.000578
-0.000827
-0.000883
-0.000828
-0.000922
-0.001108
-0.001028
-0.000653
-0.000325
-0.000167
-0.000024
0.000170
0.000307
0.000335
0.000427
0.000633
0.000732
0.000662
0.000575
0.000570
0.000594
0.000535
0.000363
0.000214
0.000206
0.000271
0.000294
0.000264
0.000235
0.000239
0.000256
0.000265
0.000266
0.000265
0.000268
0.000271
0.000275
0.000279
0.000284
0.000288
0.000293
0.000296
0.000298
0.000300
0.000302
0.000303
0.000304
0.000304
0.000304
0.000303
0.000300
0.000295
0.000290
0.000286
0.000281
0.000275
0.000271
0.000296
0.000358
0.000406
0.000398
0.000361
0.000340
0.000363
0.000417
0.000450
0.000431
0.000374
0.000309
0.000271
0.000270
0.000253
0.000197
0.000139
0.000106
0.000108
0.000131
0.000142
0.000138
0.000133
0.000136
0.000144
0.000150
0.000151
0.000162
0.000187
0.000206
0.000202
0.000190
0.000191
0.000211
0.000227
0.000222
0.000205
0.000181
0.000160
0.000152
0.000158
0.000161
0.000156
0.000152
0.000150
0.000148
0.000148
0.000146
0.000142
0.000139
0.000136
0.000132
0.000128
0.000126
0.000123
0.000121
0.000121
0.000124
0.000127
0.000122
0.000116
0.000111
0.000108
0.000106
0.000102
0.000098
0.000095
0.000092
0.000088
0.000082
0.000077
0.000074
0.000073
0.000072
0.000068
0.000065
0.000062
0.000060
0.000059
0.000057
0.000054
0.000052
0.000050
0.000049
0.000045
0.000043
0.000040
0.000038
0.000035
0.000034
0.000031
0.000030
0.000029
0.000028
0.000025
0.000024
0.000023
0.000021
0.000020
0.000019
0.000018
0.000016
0.000015
0.000014
0.000013
0.000013
0.000011
0.000010
0.000010
0.000009
0.000009
0.000008
0.000008
0.000006
0.000006
0.000005
0.000005
0.000005
0.000005
0.000004
