-0.002315
-0.005437
-0.008135
-0.008378
-0.006463
-0.004375
-0.003602
-0.004363
-0.006374
-0.009020
-0.010747
-0.009780
-0.006298
-0.002978
-0.002478
-0.004989
-0.009126
-0.014417
-0.021465
-0.029878
-0.037603
-0.042637
-0.044302
-0.042624
-0.037851
-0.031127
-0.024272
-0.018046
-0.011815
-0.005663
-0.001129
0.001640
0.005601
0.013258
0.022746
0.030643
0.037585
0.046292
0.053237
0.048113
0.026017
-0.003169
-0.023067
-0.027634
-0.024936
-0.024465
-0.026347
-0.024919
-0.017861
-0.007940
0.000948
0.005179
0.001246
-0.010774
-0.024366
-0.031916
-0.032892
-0.031835
-0.027795
-0.012569
0.016422
0.047183
0.064711
0.069788
0.077628
0.095277
0.107671
0.092632
0.046808
-0.010289
-0.057476
-0.089874
-0.113247
-0.128103
-0.128176
-0.113480
-0.095340
-0.083153
-0.071014
-0.044751
-0.001886
0.042028
0.069557
0.078896
0.080737
0.080675
0.071890
0.046787
0.010470
-0.022143
-0.040718
-0.046757
-0.046809
-0.043254
-0.034550
-0.021778
-0.010358
-0.004377
-0.001917
0.002111
0.009657
0.017876
0.023228
0.025141
0.025022
0.023345
0.019289
0.012729
0.005221
-0.000933
-0.003514
-0.000474
0.009079
0.023119
0.037224
0.048309
0.057194
0.065810
0.072102
0.069879
0.054690
0.028555
-0.002396
-0.033339
-0.061700
-0.083826
-0.094654
-0.092597
-0.082583
-0.071489
-0.061305
-0.049162
-0.033548
-0.017301
-0.003461
0.008737
0.021013
0.030663
0.031496
0.021070
0.005353
-0.004969
-0.002646
0.011405
0.030424
0.048502
0.065520
0.085360
0.108762
0.128543
0.133247
0.115609
0.076823
0.024142
-0.032901
-0.084126
-0.120556
-0.137869
-0.137476
-0.123471
-0.099632
-0.069563
-0.036439
-0.000505
0.040290
0.084318
0.123724
0.151507
0.167863
0.173547
0.159955
0.116219
0.049218
-0.013333
-0.047313
-0.054731
-0.054581
-0.056187
-0.051997
-0.035127
-0.011550
0.009429
0.026821
0.042568
0.051270
0.044485
0.022291
-0.007949
-0.042463
-0.081040
-0.115409
-0.128694
-0.113207
-0.082027
-0.054739
-0.035051
-0.010962
0.024275
0.060906
0.085252
0.095590
0.099130
0.098129
0.086828
0.061666
0.027617
-0.007452
-0.038950
-0.063149
-0.073789
-0.066941
-0.047541
-0.025194
-0.003414
0.021928
0.052410
0.081168
0.100736
0.111664
0.117065
0.111823
0.086490
0.044005
0.004389
-0.013640
-0.011870
-0.007133
-0.009146
-0.011531
-0.005324
0.006860
0.014874
0.014118
0.008645
0.003730
0.001046
0.000285
-0.000067
-0.003937
-0.014225
-0.026660
-0.032409
-0.029997
-0.030225
-0.044734
-0.072553
-0.102511
-0.126143
-0.141933
-0.148102
-0.139879
-0.117346
-0.089781
-0.065913
-0.042772
-0.009963
0.035600
0.084494
0.125157
0.154883
0.177907
0.195538
0.201942
0.189944
0.159591
0.120585
0.085814
0.060729
0.038563
0.007873
-0.033442
-0.072821
-0.093702
-0.090894
-0.073181
-0.051550
-0.028475
-0.000351
0.033282
0.067271
0.096525
0.119187
0.132797
0.131801
0.113348
0.083791
0.054915
0.033719
0.020232
0.015665
0.026375
0.055081
0.092241
0.122836
0.140567
0.148253
0.143619
0.114075
0.052778
-0.024903
-0.090289
-0.127062
-0.140992
-0.143198
-0.133168
-0.105148
-0.064437
-0.025356
0.007258
0.043229
0.088679
0.132018
0.158118
0.169908
0.180417
0.182770
0.146138
0.054561
-0.060265
-0.142649
-0.168744
-0.163587
-0.160312
-0.160340
-0.145502
-0.114831
-0.087556
-0.072163
-0.053589
-0.018407
0.022979
0.051159
0.063793
0.071904
0.075869
0.062997
0.031938
0.003841
-0.000804
0.011989
0.017925
0.004927
-0.015099
-0.025104
-0.023849
-0.023996
-0.036030
-0.060191
-0.090976
-0.122658
-0.149823
-0.167910
-0.176353
-0.178755
-0.177265
-0.168002
-0.145263
-0.110464
-0.074088
-0.046518
-0.028156
-0.011012
0.009996
0.030325
0.042454
0.047347
0.055191
0.073274
0.096197
0.111589
0.114243
0.109627
0.101550
0.081525
0.037051
-0.029360
-0.095897
-0.140312
-0.160000
-0.168756
-0.176248
-0.177824
-0.165892
-0.143241
-0.118335
-0.091845
-0.057347
-0.016238
0.017298
0.032369
0.036384
0.044961
0.058217
0.057168
0.028243
-0.015520
-0.045449
-0.047310
-0.033533
-0.025364
-0.029876
-0.037909
-0.039188
-0.033241
-0.027015
-0.027711
-0.038967
-0.059286
-0.081176
-0.094278
-0.092765
-0.079445
-0.061106
-0.040725
-0.016380
0.012621
0.041520
0.063705
0.077585
0.088489
0.103734
0.126698
0.155703
0.187201
0.217416
0.239866
0.244256
0.222962
0.180087
0.130061
0.083431
0.036927
-0.017313
-0.074106
-0.114547
-0.125772
-0.115300
-0.100764
-0.090084
-0.078188
-0.059648
-0.035211
-0.005811
0.029929
0.068332
0.099174
0.117761
0.130856
0.140632
0.127901
0.066536
-0.040409
-0.149264
-0.209661
-0.207734
-0.171052
-0.134334
-0.107136
-0.075065
-0.025468
0.034315
0.085855
0.124369
0.167459
0.230736
0.295323
0.312830
0.253573
0.143874
0.042340
-0.019763
-0.060975
-0.111273
-0.169425
-0.211384
-0.228799
-0.238689
-0.254887
-0.267453
-0.258362
-0.226475
-0.186639
-0.149756
-0.113510
-0.071619
-0.024045
0.023864
0.068029
0.109626
0.153974
0.204459
0.254695
0.288200
0.290280
0.261450
0.216745
0.171791
0.131652
0.092066
0.047006
-0.005501
-0.060469
-0.106875
-0.135091
-0.145809
-0.148636
-0.149656
-0.144074
-0.124429
-0.092495
-0.058062
-0.027558
0.000889
0.031529
0.065086
0.099701
0.133809
0.166558
0.197299
0.223906
0.238489
0.227476
0.183941
0.121548
0.067393
0.035082
0.011252
-0.023503
-0.065906
-0.093544
-0.095704
-0.087410
-0.087663
-0.094459
-0.091115
-0.071234
-0.045688
-0.025272
-0.007525
0.014587
0.038286
0.052914
0.054236
0.050317
0.051236
0.056375
0.054972
0.038910
0.012715
-0.010540
-0.022363
-0.025524
-0.027040
-0.027508
-0.020987
-0.004755
0.015015
0.028881
0.032555
0.027755
0.017509
0.004159
-0.009098
-0.018577
-0.022961
-0.023596
-0.021392
-0.015524
-0.006091
0.004141
0.012453
0.019414
0.027481
0.036811
0.044341
0.047554
0.048165
0.051075
0.059307
0.069957
0.075758
0.071732
0.060530
0.050193
0.046423
0.048369
0.052216
0.055599
0.055421
0.043835
0.012793
-0.035237
-0.085501
-0.123592
-0.146947
-0.159950
-0.161278
-0.144144
-0.109712
-0.071134
-0.038854
-0.007935
0.032061
0.078595
0.117734
0.143272
0.161198
0.169131
0.144151
0.066739
-0.045573
-0.143771
-0.192191
-0.198473
-0.193641
-0.192700
-0.186380
-0.165614
-0.137613
-0.113522
-0.092100
-0.064962
-0.032336
-0.004437
0.011238
0.015873
0.012142
-0.001395
-0.025118
-0.052474
-0.074074
-0.086133
-0.091795
-0.095709
-0.100078
-0.104518
-0.106028
-0.099377
-0.081263
-0.055066
-0.028527
-0.005451
0.017702
0.045517
0.077049
0.108417
0.139305
0.171948
0.203592
0.224464
0.225180
0.203714
0.163869
0.110966
0.052948
0.002903
-0.026333
-0.032579
-0.026058
-0.018200
-0.010746
0.001773
0.021293
0.042513
0.059930
0.073580
0.084282
0.085931
0.068298
0.029749
-0.015992
-0.049658
-0.063208
-0.064269
-0.063595
-0.061604
-0.050433
-0.026992
0.001177
0.024520
0.041496
0.056087
0.067606
0.068646
0.054771
0.032558
0.014603
0.007521
0.007088
0.004401
-0.005861
-0.023367
-0.044997
-0.067051
-0.085334
-0.095946
-0.097545
-0.092146
-0.082253
-0.067706
-0.047163
-0.023097
-0.002837
0.008149
0.012816
0.018497
0.025504
0.024087
0.006489
-0.020406
-0.039618
-0.041668
-0.033547
-0.028904
-0.033375
-0.042348
-0.049696
-0.053780
-0.055520
-0.055049
-0.051694
-0.044885
-0.034212
-0.020535
-0.007516
0.000472
0.002980
0.003605
0.004166
0.001596
-0.006888
-0.018224
-0.027294
-0.035292
-0.049422
-0.072810
-0.098457
-0.115855
-0.121441
-0.120099
-0.118001
-0.117120
-0.115838
-0.111543
-0.102034
-0.087310
-0.071570
-0.061352
-0.059573
-0.062542
-0.064791
-0.066019
-0.070908
-0.081980
-0.095161
-0.103824
-0.105217
-0.101111
-0.093273
-0.081402
-0.066323
-0.052473
-0.044943
-0.044386
-0.046830
-0.048755
-0.051119
-0.057870
-0.071370
-0.089612
-0.106709
-0.115354
-0.109884
-0.089089
-0.056964
-0.020199
0.015911
0.050037
0.084411
0.122209
0.164230
0.206746
0.242265
0.262653
0.261584
0.235192
0.183754
0.115449
0.046708
-0.005987
-0.036626
-0.050368
-0.053485
-0.046057
-0.026354
0.001798
0.030990
0.058166
0.085900
0.116157
0.147618
0.179044
0.208319
0.224957
0.210778
0.157025
0.079677
0.009813
-0.033681
-0.057195
-0.077136
-0.098372
-0.112864
-0.114842
-0.108728
-0.101209
-0.092084
-0.077029
-0.055952
-0.034021
-0.014968
0.002836
0.022751
0.044960
0.066972
0.087224
0.105155
0.117658
0.118333
0.102837
0.073934
0.039001
0.003319
-0.031097
-0.059994
-0.075194
-0.071927
-0.054874
-0.032175
-0.005469
0.028200
0.065357
0.095270
0.112924
0.123797
0.128293
0.109359
0.050043
-0.036240
-0.107552
-0.133631
-0.125493
-0.115818
-0.117164
-0.112769
-0.086399
-0.045222
-0.006856
0.024277
0.056618
0.093685
0.128465
0.154227
0.169748
0.171237
0.148985
0.099336
0.035113
-0.023355
-0.066426
-0.099326
-0.129067
-0.153333
-0.164465
-0.160094
-0.146026
-0.129677
-0.113577
-0.095209
-0.071444
-0.042214
-0.010718
0.019260
0.046020
0.069856
0.090332
0.104554
0.109480
0.106280
0.101007
0.099142
0.099467
0.095204
0.082235
0.064566
0.049591
0.039246
0.029090
0.016135
0.003582
-0.004246
-0.008227
-0.012076
-0.016080
-0.018217
-0.021114
-0.032297
-0.055040
-0.082590
-0.104571
-0.116813
-0.121844
-0.121796
-0.115010
-0.099530
-0.076077
-0.046389
-0.011463
0.026468
0.062352
0.091828
0.116338
0.141733
0.169780
0.192625
0.199547
0.190039
0.176067
0.166796
0.153780
0.119255
0.061084
0.001355
-0.036794
-0.055691
-0.076855
-0.110051
-0.140618
-0.151656
-0.147899
-0.147757
-0.157577
-0.165839
-0.162514
-0.152638
-0.146253
-0.143129
-0.134795
-0.117827
-0.097705
-0.080070
-0.064130
-0.046166
-0.025491
-0.004970
0.011954
0.022840
0.026410
0.023097
0.015060
0.004725
-0.006426
-0.017430
-0.027268
-0.035420
-0.042023
-0.046506
-0.046896
-0.041856
-0.033173
-0.024810
-0.019194
-0.015408
-0.011230
-0.005606
0.001712
0.011688
0.025234
0.041053
0.056085
0.068828
0.080480
0.091164
0.096150
0.088573
0.066675
0.036371
0.005433
-0.023367
-0.051097
-0.075776
-0.090203
-0.088626
-0.073713
-0.054211
-0.035712
-0.016115
0.008521
0.035666
0.056798
0.066524
0.068597
0.070612
0.073624
0.070105
0.053314
0.026819
0.002443
-0.010658
-0.012908
-0.010508
-0.007576
-0.003806
0.001888
0.008756
0.016065
0.025246
0.037870
0.051571
0.059742
0.056379
0.040891
0.017681
-0.008468
-0.035280
-0.061046
-0.081379
-0.090101
-0.084166
-0.066767
-0.044814
-0.023652
-0.005006
0.011034
0.024237
0.035074
0.045334
0.055828
0.064323
0.068298
0.069993
0.075770
0.088261
0.101396
0.106871
0.104834
0.103198
0.104049
0.095557
0.063637
0.011277
-0.039347
-0.066732
-0.068781
-0.059721
-0.052430
-0.048418
-0.042735
-0.032199
-0.016957
0.001781
0.022759
0.045605
0.072260
0.104742
0.139404
0.166376
0.178022
0.176068
0.167121
0.152818
0.129042
0.094824
0.057368
0.026237
0.005234
-0.008554
-0.019701
-0.029661
-0.035431
-0.032513
-0.020843
-0.007033
0.002454
0.009519
0.020928
0.036876
0.050520
0.061126
0.078059
0.104133
0.123115
0.115645
0.083577
0.044893
0.005726
-0.045761
-0.112447
-0.172078
-0.201105
-0.203762
-0.201712
-0.201192
-0.188641
-0.157990
-0.123210
-0.097006
-0.072638
-0.038113
0.002272
0.034047
0.054453
0.074559
0.100581
0.125008
0.137894
0.137387
0.126101
0.106063
0.082068
0.063111
0.054174
0.050664
0.046328
0.042702
0.044664
0.049706
0.049469
0.042158
0.036345
0.039557
0.048004
0.051643
0.046772
0.039376
0.036327
0.036313
0.030457
0.010672
-0.023105
-0.063083
-0.100029
-0.129399
-0.151758
-0.168878
-0.181144
-0.188467
-0.191461
-0.189996
-0.181934
-0.165215
-0.141190
-0.114259
-0.088007
-0.063244
-0.040426
-0.021992
-0.010013
-0.002328
0.005826
0.014764
0.017180
0.005147
-0.019727
-0.045882
-0.062615
-0.069241
-0.072081
-0.074957
-0.076078
-0.073438
-0.068678
-0.064030
-0.058785
-0.051895
-0.046229
-0.046404
-0.052313
-0.057967
-0.057968
-0.053004
-0.047531
-0.043833
-0.040513
-0.035947
-0.030685
-0.025780
-0.020397
-0.012755
-0.003534
0.002534
-0.000461
-0.014256
-0.033903
-0.051434
-0.062648
-0.069711
-0.076532
-0.082798
-0.084404
-0.079283
-0.070265
-0.060963
-0.050889
-0.036759
-0.017907
0.002119
0.019589
0.034213
0.047976
0.062009
0.075782
0.087824
0.095408
0.094551
0.083248
0.065784
0.051807
0.049164
0.057881
0.071904
0.085853
0.098250
0.108042
0.110529
0.099474
0.073831
0.041122
0.012791
-0.004334
-0.011836
-0.015654
-0.019459
-0.022710
-0.024204
-0.025414
-0.029196
-0.036064
-0.043221
-0.047351
-0.047235
-0.043226
-0.035427
-0.023824
-0.010052
0.002326
0.010007
0.011981
0.009180
0.003133
-0.003903
-0.008064
-0.005206
0.005613
0.020643
0.034582
0.045004
0.052870
0.059421
0.064423
0.067730
0.070506
0.073335
0.074470
0.071912
0.066467
0.060184
0.051861
0.036958
0.013818
-0.011810
-0.030985
-0.039907
-0.042079
-0.042318
-0.041089
-0.036165
-0.028302
-0.022941
-0.025877
-0.038359
-0.056735
-0.075612
-0.090163
-0.096341
-0.091634
-0.077371
-0.059441
-0.044284
-0.033750
-0.025152
-0.016596
-0.010271
-0.009193
-0.012278
-0.014675
-0.012389
-0.005031
0.005161
0.014782
0.020112
0.019162
0.013544
0.006284
-0.002835
-0.017423
-0.038800
-0.062421
-0.081993
-0.095836
-0.107281
-0.119760
-0.133349
-0.145461
-0.153517
-0.157066
-0.158017
-0.158046
-0.155560
-0.147291
-0.133171
-0.116138
-0.096000
-0.068821
-0.035556
-0.004112
0.024554
0.064910
0.128014
0.198199
0.248303
0.281901
0.335680
0.420511
0.477933
0.428820
0.268106
0.083745
-0.031059
-0.064420
-0.070261
-0.087842
-0.105825
-0.099949
-0.073780
-0.049106
-0.035817
-0.029130
-0.027391
-0.035380
-0.051379
-0.064454
-0.067708
-0.065943
-0.067094
-0.071831
-0.074718
-0.071299
-0.061147
-0.046895
-0.032796
-0.021916
-0.012846
-0.001166
0.014440
0.029858
0.040775
0.047554
0.052745
0.056480
0.057441
0.056347
0.054415
0.049225
0.036585
0.017291
-0.001776
-0.015239
-0.025093
-0.036606
-0.050522
-0.062380
-0.068670
-0.070542
-0.070902
-0.070512
-0.068250
-0.063756
-0.058061
-0.052128
-0.045857
-0.038533
-0.029462
-0.018294
-0.005393
0.008037
0.020732
0.032290
0.042773
0.051355
0.056166
0.056056
0.052073
0.046656
0.041790
0.038687
0.038815
0.043619
0.052499
0.062369
0.070773
0.079118
0.091171
0.108068
0.126027
0.139510
0.145345
0.143030
0.133126
0.118013
0.103461
0.095949
0.096800
0.100998
0.103615
0.105682
0.111080
0.118864
0.122325
0.116478
0.103461
0.088537
0.073377
0.056149
0.037157
0.020529
0.009697
0.004071
0.001637
0.002572
0.008050
0.016797
0.025415
0.031923
0.036808
0.040384
0.041363
0.039036
0.035067
0.031490
0.027919
0.022445
0.014815
0.007076
0.001067
-0.003180
-0.006292
-0.008358
-0.009662
-0.011302
-0.013941
-0.016907
-0.019883
-0.024710
-0.033503
-0.044722
-0.052997
-0.053972
-0.048347
-0.040089
-0.031698
-0.022890
-0.013541
-0.005659
-0.001160
0.001210
0.005159
0.012939
0.023176
0.032798
0.040262
0.046068
0.050632
0.052920
0.051768
0.047847
0.043188
0.038650
0.032866
0.024399
0.014396
0.006055
0.001476
0.000049
0.000378
0.002862
0.009368
0.020593
0.034652
0.048511
0.060316
0.070090
0.078488
0.085156
0.088291
0.086024
0.078570
0.068702
0.059370
0.050937
0.041406
0.029398
0.015760
0.001842
-0.012325
-0.026784
-0.039621
-0.048394
-0.053650
-0.058882
-0.066052
-0.072761
-0.075424
-0.073895
-0.071037
-0.068444
-0.065214
-0.061234
-0.059078
-0.060791
-0.064287
-0.065226
-0.062037
-0.057133
-0.052865
-0.048355
-0.041370
-0.031988
-0.022755
-0.015630
-0.010311
-0.005712
-0.001772
0.000974
0.002783
0.004646
0.007009
0.009383
0.011240
0.012438
0.012325
0.009271
0.002262
-0.006896
-0.013940
-0.015336
-0.010840
-0.002571
0.007716
0.019471
0.031916
0.043259
0.051842
0.056864
0.057195
0.050795
0.037143
0.019804
0.004500
-0.005976
-0.013311
-0.019373
-0.022221
-0.018411
-0.008299
0.003507
0.013196
0.021050
0.028758
0.035469
0.038461
0.036717
0.031565
0.023772
0.012112
-0.004140
-0.022636
-0.039307
-0.051930
-0.061336
-0.069167
-0.075474
-0.078935
-0.078835
-0.076178
-0.072794
-0.069717
-0.066681
-0.062718
-0.056836
-0.048071
-0.035957
-0.021490
-0.007039
0.005779
0.017871
0.031098
0.044947
0.056403
0.063569
0.067184
0.066817
0.057755
0.035533
0.003951
-0.025104
-0.042025
-0.047792
-0.050025
-0.052793
-0.053537
-0.049150
-0.041079
-0.033022
-0.026511
-0.021087
-0.017183
-0.016223
-0.018309
-0.021976
-0.026309
-0.031561
-0.037359
-0.042033
-0.044518
-0.045553
-0.045940
-0.044667
-0.040177
-0.032998
-0.025583
-0.019311
-0.012869
-0.004280
0.006201
0.016056
0.022965
0.026339
0.026225
0.021781
0.012104
-0.001393
-0.014673
-0.024131
-0.029455
-0.032374
-0.032986
-0.029133
-0.020053
-0.008767
0.001025
0.009481
0.019650
0.032016
0.042563
0.047535
0.047998
0.047498
0.046407
0.041514
0.031378
0.019396
0.010023
0.003588
-0.003298
-0.012911
-0.023849
-0.033185
-0.039477
-0.043098
-0.044829
-0.045180
-0.044607
-0.043557
-0.042331
-0.041223
-0.040512
-0.039972
-0.038727
-0.036120
-0.032546
-0.028913
-0.025442
-0.021599
-0.017102
-0.012293
-0.007448
-0.002462
0.002516
0.006927
0.010873
0.015645
0.022295
0.030032
0.036956
0.042152
0.045922
0.047844
0.046096
0.039588
0.029861
0.019659
0.010099
0.000451
-0.009480
-0.018183
-0.023932
-0.026155
-0.024656
-0.018748
-0.008535
0.003510
0.013828
0.020846
0.025645
0.029349
0.031091
0.029396
0.024655
0.019008
0.014052
0.009770
0.005734
0.002192
-0.000560
-0.003036
-0.005942
-0.009111
-0.011821
-0.014017
-0.016487
-0.019815
-0.023854
-0.028338
-0.033192
-0.037865
-0.041214
-0.042864
-0.044035
-0.045784
-0.046540
-0.042925
-0.033708
-0.021828
-0.011277
-0.002596
0.007045
0.019319
0.031864
0.040703
0.044501
0.045277
0.045453
0.045491
0.044582
0.042465
0.039856
0.037535
0.035632
0.033651
0.030759
0.026180
0.019728
0.011999
0.003911
-0.003843
-0.010740
-0.016137
-0.019555
-0.021250
-0.022023
-0.022258
-0.021595
-0.019807
-0.017579
-0.015860
-0.014596
-0.012789
-0.009890
-0.006598
-0.003946
-0.002141
-0.000795
0.000181
0.000857
0.002345
0.006359
0.013155
0.020840
0.027707
0.034544
0.043140
0.052763
0.060073
0.063297
0.064738
0.067253
0.069462
0.066851
0.057778
0.045842
0.035152
0.025468
0.014209
0.001952
-0.007088
-0.010332
-0.009957
-0.009528
-0.009533
-0.008272
-0.005905
-0.005040
-0.007185
-0.010837
-0.014026
-0.017175
-0.022012
-0.028529
-0.034621
-0.038612
-0.040735
-0.041734
-0.041183
-0.038093
-0.032634
-0.026302
-0.020353
-0.014793
-0.009204
-0.004033
-0.000432
0.001135
0.001589
0.002200
0.003102
0.003231
0.001701
-0.001234
-0.004691
-0.008117
-0.011231
-0.013321
-0.013399
-0.011348
-0.008454
-0.006350
-0.005550
-0.005240
-0.004370
-0.002660
-0.000592
0.001296
0.003052
0.005371
0.008937
0.013501
0.017684
0.020026
0.020340
0.019738
0.019213
0.018526
0.016799
0.014004
0.011367
0.010187
0.010522
0.011259
0.011283
0.010393
0.009175
0.008316
0.008145
0.008663
0.009772
0.011355
0.013131
0.014407
0.014086
0.011277
0.006171
0.000148
-0.005376
-0.010293
-0.015635
-0.021860
-0.027746
-0.031441
-0.032338
-0.031201
-0.028465
-0.023373
-0.015398
-0.005843
0.003016
0.010326
0.017238
0.024764
0.031901
0.036597
0.038110
0.037525
0.036020
0.033562
0.029630
0.024501
0.019055
0.013660
0.008020
0.002231
-0.002691
-0.005722
-0.006912
-0.007099
-0.006716
-0.005413
-0.002944
0.000057
0.002569
0.004275
0.005770
0.007647
0.009684
0.011154
0.011718
0.011657
0.011219
0.010072
0.007703
0.004275
0.000728
-0.001988
-0.003501
-0.003649
-0.001933
0.002076
0.007751
0.013391
0.017557
0.020144
0.021870
0.023083
0.023638
0.023604
0.023196
0.021853
0.018312
0.012252
0.005190
-0.001098
-0.006715
-0.013177
-0.020867
-0.028033
-0.032742
-0.034919
-0.035737
-0.035665
-0.034165
-0.031079
-0.027309
-0.023825
-0.020735
-0.017714
-0.014886
-0.012767
-0.011482
-0.010369
-0.008436
-0.005161
-0.000917
0.003444
0.007470
0.011262
0.014385
0.015128
0.011846
0.005079
-0.002758
-0.010227
-0.018211
-0.027586
-0.036788
-0.043340
-0.047091
-0.049805
-0.051434
-0.049237
-0.041794
-0.031909
-0.023454
-0.016502
-0.008175
0.001858
0.009470
0.010863
0.007404
0.004029
0.003854
0.006097
0.008729
0.011101
0.013420
0.015331
0.016256
0.016478
0.016681
0.016548
0.014747
0.010580
0.004959
-0.000657
-0.005843
-0.011140
-0.016519
-0.020641
-0.022101
-0.021105
-0.019348
-0.018134
-0.017114
-0.015257
-0.012738
-0.011268
-0.012388
-0.015763
-0.019353
-0.021065
-0.020071
-0.016841
-0.012365
-0.007426
-0.002353
0.002879
0.008404
0.014210
0.019986
0.025133
0.028993
0.031143
0.031431
0.029719
0.025776
0.019764
0.012848
0.006893
0.003164
0.001348
0.000105
-0.001433
-0.002970
-0.003779
-0.003710
-0.003263
-0.002910
-0.002759
-0.002888
-0.003623
-0.005209
-0.007300
-0.009057
-0.009824
-0.009580
-0.008581
-0.006737
-0.003651
0.000709
0.005709
0.010645
0.015440
0.020454
0.025743
0.030891
0.035589
0.039915
0.043845
0.046877
0.048495
0.048730
0.047841
0.045622
0.041639
0.036149
0.030212
0.024576
0.018932
0.012745
0.006486
0.001479
-0.001436
-0.002513
-0.002313
-0.000889
0.001874
0.005431
0.008590
0.010331
0.010346
0.008868
0.006340
0.003311
0.000349
-0.002152
-0.003962
-0.004782
-0.004306
-0.002761
-0.001187
-0.000835
-0.002215
-0.004872
-0.007993
-0.010912
-0.012956
-0.013195
-0.010858
-0.006086
-0.000052
0.005915
0.011384
0.016987
0.023434
0.030333
0.036060
0.039020
0.039055
0.037449
0.035435
0.032992
0.029392
0.024761
0.020498
0.017963
0.017149
0.016994
0.016720
0.016388
0.016252
0.016103
0.015421
0.013777
0.010895
0.006781
0.002120
-0.001807
-0.004156
-0.005320
-0.006145
-0.006408
-0.004786
-0.000575
0.005269
0.011303
0.017229
0.023538
0.029862
0.034759
0.037396
0.038532
0.039142
0.038681
0.035615
0.029569
0.022098
0.015160
0.009454
0.004609
0.000437
-0.002656
-0.004360
-0.004969
-0.005064
-0.005025
-0.005002
-0.005111
-0.005429
-0.005923
-0.006596
-0.007625
-0.009165
-0.010984
-0.012428
-0.012799
-0.011716
-0.009238
-0.005931
-0.002854
-0.001098
-0.001002
-0.001989
-0.003520
-0.006017
-0.010317
-0.016278
-0.022644
-0.028610
-0.034760
-0.041771
-0.048766
-0.053988
-0.056932
-0.058613
-0.059414
-0.057942
-0.052848
-0.045052
-0.036987
-0.030062
-0.023938
-0.018135
-0.013112
-0.009486
-0.007340
-0.006949
-0.009293
-0.014953
-0.022991
-0.031720
-0.040246
-0.048396
-0.055434
-0.059982
-0.061488
-0.060827
-0.058960
-0.055640
-0.050189
-0.043085
-0.035954
-0.029828
-0.024042
-0.017249
-0.009292
-0.001691
0.003788
0.006754
0.008150
0.008709
0.007905
0.004725
-0.000867
-0.007778
-0.014945
-0.021873
-0.027844
-0.031412
-0.031562
-0.029048
-0.025809
-0.022975
-0.020153
-0.016796
-0.013493
-0.011344
-0.010545
-0.010251
-0.009719
-0.008964
-0.008167
-0.006987
-0.004853
-0.001739
0.001647
0.004461
0.006374
0.007677
0.008936
0.010581
0.012701
0.015078
0.017327
0.019032
0.019833
0.019583
0.018492
0.017033
0.015514
0.013689
0.010952
0.007121
0.002950
-0.000329
-0.002085
-0.002769
-0.003202
-0.003531
-0.003082
-0.001133
0.002433
0.007192
0.012498
0.017575
0.021620
0.024193
0.025452
0.025803
0.025467
0.024598
0.023641
0.023072
0.022692
0.021568
0.018880
0.014602
0.009291
0.003580
-0.001901
-0.006514
-0.009994
-0.012598
-0.014416
-0.014726
-0.012618
-0.008281
-0.002976
0.002399
0.007982
0.013773
0.018519
0.020712
0.020423
0.019104
0.017460
0.014479
0.009181
0.002583
-0.002966
-0.006189
-0.007781
-0.008853
-0.009345
-0.008493
-0.006326
-0.003946
-0.002315
-0.001373
-0.000585
0.000055
0.000008
-0.000912
-0.002108
-0.002854
-0.003111
-0.003346
-0.003594
-0.003098
-0.001040
0.002584
0.007037
0.011597
0.015916
0.019754
0.022790
0.024883
0.026165
0.026474
0.024864
0.020129
0.012081
0.002261
-0.006814
-0.013209
-0.016594
-0.017964
-0.018513
-0.018690
-0.018152
-0.016383
-0.013214
-0.008834
-0.003553
0.002274
0.008168
0.013527
0.017739
0.020316
0.021049
0.020072
0.017585
0.013459
0.007394
-0.000203
-0.007776
-0.013556
-0.016958
-0.018568
-0.018763
-0.017043
-0.013089
-0.007792
-0.002512
0.002392
0.007459
0.012610
0.016583
0.018139
0.017208
0.014449
0.010338
0.005343
0.000578
-0.002636
-0.003950
-0.004178
-0.004129
-0.003747
-0.002563
-0.000503
0.002080
0.004856
0.007542
0.009694
0.010937
0.011376
0.011459
0.011348
0.010759
0.009484
0.007809
0.006170
0.004605
0.002768
0.000448
-0.002093
-0.004341
-0.005973
-0.007089
-0.008027
-0.008912
-0.009359
-0.008733
-0.006836
-0.004301
-0.002156
-0.000953
-0.000435
-0.000057
0.000349
0.000526
0.000218
-0.000561
-0.001625
-0.002755
-0.003675
-0.004080
-0.003816
-0.002987
-0.001804
-0.000406
0.001130
0.002716
0.004330
0.006064
0.007868
0.009258
0.009572
0.008707
0.007475
0.006992
0.007716
0.009151
0.010440
0.011055
0.010890
0.009928
0.008061
0.005272
0.001888
-0.001429
-0.004049
-0.005779
-0.006933
-0.007902
-0.008639
-0.008636
-0.007500
-0.005470
-0.003280
-0.001562
-0.000465
0.000151
0.000333
-0.000053
-0.001092
-0.002585
-0.004071
-0.005068
-0.005348
-0.005009
-0.004236
-0.003032
-0.001270
0.000940
0.003070
0.004528
0.005168
0.005280
0.005059
0.004260
0.002512
-0.000122
-0.003069
-0.005701
-0.007707
-0.009011
-0.009523
-0.009146
-0.007945
-0.006160
-0.003991
-0.001465
0.001472
0.004766
0.008216
0.011559
0.014609
0.017362
0.019951
0.022429
0.024589
0.026095
0.026853
0.027091
0.026949
0.026097
0.023969
0.020400
0.015820
0.010844
0.005865
0.001116
-0.003095
-0.006473
-0.008918
-0.010418
-0.010836
-0.010033
-0.008167
-0.005598
-0.002510
0.001093
0.004894
0.008128
0.010214
0.011315
0.011931
0.012027
0.011004
0.008610
0.005529
0.002808
0.000913
-0.000368
-0.001250
-0.001549
-0.001062
-0.000064
0.000809
0.001103
0.000860
0.000378
-0.000192
-0.000970
-0.002117
-0.003582
-0.005115
-0.006493
-0.007643
-0.008552
-0.009180
-0.009604
-0.010200
-0.011465
-0.013536
-0.015973
-0.018139
-0.019725
-0.020794
-0.021347
-0.021092
-0.019772
-0.017578
-0.015048
-0.012553
-0.010063
-0.007497
-0.005118
-0.003420
-0.002601
-0.002368
-0.002342
-0.002524
-0.003177
-0.004284
-0.005360
-0.005916
-0.005974
-0.005945
-0.006110
-0.006426
-0.006848
-0.007598
-0.008973
-0.011040
-0.013686
-0.016804
-0.020176
-0.023242
-0.025283
-0.025994
-0.025666
-0.024688
-0.023016
-0.020334
-0.016658
-0.012527
-0.008588
-0.005162
-0.002259
0.000143
0.001988
0.003226
0.003908
0.004163
0.004056
0.003403
0.001753
-0.001220
-0.005195
-0.009188
-0.012239
-0.014114
-0.015246
-0.016038
-0.016454
-0.016296
-0.015646
-0.014836
-0.014073
-0.013292
-0.012353
-0.011234
-0.009978
-0.008619
-0.007272
-0.006221
-0.005748
-0.005849
-0.006203
-0.006491
-0.006679
-0.006941
-0.007335
-0.007692
-0.007834
-0.007795
-0.007781
-0.007971
-0.008490
-0.009497
-0.011133
-0.013320
-0.015710
-0.017916
-0.019747
-0.021173
-0.022103
-0.022302
-0.021526
-0.019705
-0.017055
-0.014043
-0.011178
-0.008720
-0.006568
-0.004529
-0.002685
-0.001339
-0.000565
0.000079
0.001200
0.002987
0.005091
0.007125
0.009089
0.011178
0.013268
0.014861
0.015626
0.015825
0.015973
0.016095
0.015605
0.014030
0.011694
0.009462
0.007909
0.006978
0.006427
0.006302
0.006796
0.007889
0.009350
0.010998
0.012700
0.014154
0.014966
0.015014
0.014597
0.014099
0.013661
0.013292
0.013183
0.013710
0.015093
0.017146
0.019360
0.021181
0.022260
0.022583
0.022402
0.022043
0.021678
0.021236
0.020501
0.019319
0.017811
0.016366
0.015339
0.014754
0.014362
0.013998
0.013733
0.013589
0.013344
0.012813
0.012242
0.012173
0.012870
0.014019
0.014978
0.015220
0.014680
0.013913
0.013801
0.014582
0.015054
0.013301
0.008675
0.002761
-0.002198
-0.005682
-0.009130
-0.013721
-0.018582
-0.021618
-0.021696
-0.019486
-0.016294
-0.012627
-0.008075
-0.002279
0.004259
0.010264
0.014492
0.016498
0.016654
0.015438
0.012865
0.008872
0.004174
0.000282
-0.001647
-0.001806
-0.001272
-0.000565
0.000933
0.003954
0.008059
0.011795
0.014163
0.015591
0.017209
0.019395
0.021437
0.022622
0.023181
0.023854
0.024841
0.025666
0.025967
0.025848
0.025242
0.023509
0.020212
0.016092
0.012665
0.010751
0.009828
0.009010
0.008203
0.007970
0.008530
0.009324
0.009491
0.008428
0.005940
0.002312
-0.001681
-0.005195
-0.007941
-0.010029
-0.011026
-0.009718
-0.005481
0.000327
0.005113
0.007396
0.007837
0.007688
0.006933
0.004669
0.000867
-0.003339
-0.007195
-0.011180
-0.015777
-0.020152
-0.022954
-0.024103
-0.024807
-0.025667
-0.025644
-0.023441
-0.019370
-0.015221
-0.012501
-0.011357
-0.011117
-0.011270
-0.011713
-0.012569
-0.014142
-0.016841
-0.020749
-0.025240
-0.029228
-0.031795
-0.032577
-0.031717
-0.029652
-0.026889
-0.023751
-0.020291
-0.016582
-0.013081
-0.010482
-0.009148
-0.008838
-0.009091
-0.009704
-0.010723
-0.012120
-0.013700
-0.015245
-0.016556
-0.017345
-0.017348
-0.016659
-0.015767
-0.015082
-0.014428
-0.013165
-0.010839
-0.007693
-0.004583
-0.002473
-0.001938
-0.002927
-0.004852
-0.006904
-0.008443
-0.009211
-0.009282
-0.008875
-0.008193
-0.007350
-0.006374
-0.005270
-0.004097
-0.002961
-0.001940
-0.001012
-0.000129
0.000650
0.001138
0.001169
0.000750
0.000003
-0.001074
-0.002706
-0.005040
-0.007740
-0.010061
-0.011464
-0.012073
-0.012329
-0.012313
-0.011727
-0.010558
-0.009344
-0.008563
-0.008103
-0.007722
-0.007769
-0.008838
-0.010779
-0.012711
-0.014235
-0.015928
-0.018048
-0.019302
-0.017805
-0.013202
-0.007072
-0.001067
0.004522
0.009930
0.014482
0.016951
0.017199
0.016508
0.016043
0.015628
0.014452
0.012481
0.010562
0.009295
0.008397
0.007331
0.006130
0.005307
0.005145
0.005351
0.005361
0.004785
0.003593
0.002102
0.000876
0.000475
0.001097
0.002477
0.004232
0.006258
0.008638
0.011196
0.013386
0.014734
0.015177
0.014811
0.013528
0.011224
0.008357
0.005859
0.004346
0.003662
0.003381
0.003492
0.004254
0.005529
0.006664
0.007109
0.006830
0.006038
0.004804
0.003157
0.001341
-0.000302
-0.001618
-0.002567
-0.002939
-0.002394
-0.000866
0.001267
0.003489
0.005506
0.007266
0.008784
0.010058
0.011069
0.011704
0.011755
0.011125
0.010028
0.008876
0.007973
0.007406
0.007230
0.007624
0.008733
0.010409
0.012200
0.013608
0.014375
0.014563
0.014438
0.014237
0.013962
0.013326
0.011966
0.009775
0.007066
0.004389
0.002174
0.000525
-0.000684
-0.001588
-0.002214
-0.002505
-0.002365
-0.001681
-0.000430
0.001163
0.002648
0.003649
0.004170
0.004510
0.004846
0.005004
0.004708
0.003983
0.003191
0.002676
0.002480
0.002440
0.002466
0.002627
0.003023
0.003619
0.004241
0.004657
0.004657
0.004083
0.002812
0.000804
-0.001779
-0.004501
-0.006817
-0.008375
-0.009154
-0.009255
-0.008666
-0.007355
-0.005566
-0.003844
-0.002671
-0.002148
-0.002119
-0.002499
-0.003352
-0.004640
-0.006058
-0.007203
-0.007876
-0.008135
-0.008047
-0.007518
-0.006436
-0.004958
-0.003525
-0.002502
-0.001851
-0.001253
-0.000562
0.000001
0.000162
-0.000036
-0.000317
-0.000549
-0.000852
-0.001284
-0.001616
-0.001539
-0.001008
-0.000227
0.000654
0.001700
0.003000
0.004443
0.005757
0.006729
0.007331
0.007683
0.007916
0.008084
0.008154
0.008064
0.007789
0.007364
0.006836
0.006217
0.005456
0.004445
0.003042
0.001167
-0.001090
-0.003453
-0.005623
-0.007470
-0.009033
-0.010304
-0.011039
-0.010903
-0.009822
-0.008130
-0.006302
-0.004571
-0.002857
-0.001009
0.001032
0.003284
0.005736
0.008187
0.010223
0.011553
0.012289
0.012629
0.012297
0.010628
0.007394
0.003361
-0.000262
-0.002838
-0.004593
-0.005997
-0.007183
-0.008039
-0.008566
-0.008882
-0.009018
-0.008927
-0.008681
-0.008452
-0.008286
-0.008019
-0.007496
-0.006759
-0.005978
-0.005265
-0.004619
-0.003975
-0.003259
-0.002445
-0.001614
-0.000951
-0.000646
-0.000828
-0.001603
-0.003042
-0.005095
-0.007551
-0.010178
-0.012833
-0.015362
-0.017461
-0.018810
-0.019334
-0.019198
-0.018490
-0.017102
-0.015013
-0.012545
-0.010203
-0.008298
-0.006912
-0.006141
-0.006120
-0.006763
-0.007646
-0.008292
-0.008491
-0.008265
-0.007671
-0.006803
-0.005893
-0.005179
-0.004703
-0.004376
-0.004280
-0.004666
-0.005593
-0.006744
-0.007774
-0.008697
-0.009755
-0.010955
-0.011979
-0.012544
-0.012676
-0.012547
-0.012237
-0.011780
-0.011319
-0.011008
-0.010809
-0.010534
-0.010123
-0.009756
-0.009653
-0.009842
-0.010161
-0.010402
-0.010388
-0.010017
-0.009333
-0.008555
-0.007942
-0.007604
-0.007453
-0.007292
-0.006909
-0.006216
-0.005394
-0.004881
-0.005004
-0.005587
-0.006046
-0.006028
-0.005805
-0.005897
-0.006384
-0.006809
-0.006756
-0.006272
-0.005615
-0.004786
-0.003538
-0.001765
0.000325
0.002427
0.004335
0.005912
0.007053
0.007810
0.008428
0.009119
0.009818
0.010298
0.010502
0.010656
0.011036
0.011689
0.012430
0.013053
0.013501
0.013806
0.013858
0.013298
0.011755
0.009256
0.006369
0.003821
0.001965
0.000687
-0.000235
-0.000822
-0.000969
-0.000647
0.000091
0.001188
0.002511
0.003733
0.004494
0.004750
0.004887
0.005375
0.006313
0.007361
0.008066
0.008185
0.007737
0.006874
0.005806
0.004830
0.004223
0.003989
0.003765
0.003224
0.002673
0.003080
0.005222
0.008756
0.012295
0.014524
0.015210
0.015081
0.014838
0.014447
0.013317
0.011005
0.007704
0.004144
0.001127
-0.000907
-0.001996
-0.002419
-0.002368
-0.001795
-0.000529
0.001492
0.004055
0.006722
0.009062
0.010866
0.012122
0.012780
0.012662
0.011732
0.010331
0.008947
0.007729
0.006428
0.004891
0.003374
0.002218
0.001400
0.000651
-0.000042
-0.000382
-0.000202
0.000340
0.001101
0.002191
0.003640
0.005043
0.005850
0.005947
0.005658
0.005180
0.004349
0.003069
0.001678
0.000646
0.000076
-0.000262
-0.000498
-0.000510
-0.000202
0.000330
0.000969
0.001693
0.002369
0.002644
0.002258
0.001396
0.000501
-0.000248
-0.001066
-0.002108
-0.003137
-0.003794
-0.004047
-0.004104
-0.003952
-0.003267
-0.001879
-0.000123
0.001484
0.002790
0.004036
0.005323
0.006266
0.006325
0.005370
0.003839
0.002360
0.001284
0.000585
0.000076
-0.000311
-0.000487
-0.000356
0.000072
0.000775
0.001813
0.003169
0.004489
0.005188
0.004970
0.004117
0.003068
0.001826
0.000043
-0.002299
-0.004602
-0.006202
-0.006991
-0.007276
-0.007221
-0.006701
-0.005697
-0.004502
-0.003444
-0.002612
-0.001995
-0.001714
-0.001941
-0.002659
-0.003664
-0.004738
-0.005705
-0.006364
-0.006550
-0.006280
-0.005716
-0.004988
-0.004175
-0.003462
-0.003114
-0.003200
-0.003511
-0.003875
-0.004386
-0.005146
-0.005876
-0.006095
-0.005710
-0.005152
-0.004792
-0.004408
-0.003495
-0.001985
-0.000415
0.000650
0.001120
0.001231
0.001094
0.000594
-0.000359
-0.001692
-0.003272
-0.005000
-0.006722
-0.008160
-0.009042
-0.009283
-0.009012
-0.008436
-0.007696
-0.006788
-0.005612
-0.004128
-0.002545
-0.001267
-0.000603
-0.000539
-0.000863
-0.001440
-0.002247
-0.003192
-0.004068
-0.004739
-0.005222
-0.005493
-0.005369
-0.004733
-0.003788
-0.002914
-0.002255
-0.001648
-0.000952
-0.000330
-0.000081
-0.000315
-0.000899
-0.001626
-0.002299
-0.002717
-0.002699
-0.002210
-0.001355
-0.000257
0.001012
0.002388
0.003753
0.004963
0.005865
0.006318
0.006272
0.005868
0.005367
0.004933
0.004528
0.004055
0.003514
0.002961
0.002415
0.001923
0.001609
0.001488
0.001264
0.000575
-0.000479
-0.001250
-0.001202
-0.000520
0.000143
0.000491
0.000886
0.001788
0.003133
0.004479
0.005577
0.006510
0.007291
0.007677
0.007523
0.007150
0.007098
0.007565
0.008302
0.009072
0.009981
0.011235
0.012720
0.014039
0.014935
0.015471
0.015738
0.015552
0.014596
0.012829
0.010607
0.008398
0.006453
0.004804
0.003415
0.002251
0.001249
0.000375
-0.000257
-0.000436
-0.000093
0.000582
0.001309
0.001945
0.002447
0.002661
0.002308
0.001242
-0.000349
-0.002065
-0.003554
-0.004605
-0.005083
-0.004925
-0.004191
-0.003024
-0.001528
0.000235
0.002083
0.003693
0.004839
0.005597
0.006178
0.006587
0.006584
0.006027
0.005139
0.004301
0.003630
0.002899
0.001870
0.000615
-0.000567
-0.001448
-0.002007
-0.002290
-0.002299
-0.002100
-0.001927
-0.002053
-0.002518
-0.003094
-0.003536
-0.003823
-0.004083
-0.004389
-0.004692
-0.004934
-0.005099
-0.005151
-0.005045
-0.004834
-0.004678
-0.004652
-0.004576
-0.004146
-0.003221
-0.001919
-0.000454
0.001040
0.002498
0.003828
0.004922
0.005714
0.006180
0.006251
0.005823
0.004901
0.003708
0.002571
0.001644
0.000790
-0.000184
-0.001154
-0.001639
-0.001227
-0.000002
0.001531
0.002969
0.004298
0.005678
0.007057
0.008170
0.008827
0.009056
0.008974
0.008679
0.008311
0.008049
0.007931
0.007756
0.007259
0.006391
0.005357
0.004440
0.003821
0.003513
0.003346
0.003073
0.002604
0.002147
0.001990
0.002135
0.002278
0.002211
0.002090
0.002204
0.002585
0.003003
0.003301
0.003548
0.003871
0.004270
0.004663
0.005017
0.005364
0.005732
0.006110
0.006476
0.006774
0.006914
0.006801
0.006355
0.005516
0.004286
0.002804
0.001314
-0.000001
-0.001096
-0.001948
-0.002420
-0.002372
-0.001872
-0.001198
-0.000594
-0.000079
0.000453
0.001034
0.001552
0.001872
0.001955
0.001864
0.001660
0.001293
0.000618
-0.000421
-0.001644
-0.002739
-0.003565
-0.004269
-0.005077
-0.005978
-0.006692
-0.006921
-0.006592
-0.005887
-0.005107
-0.004474
-0.003974
-0.003381
-0.002477
-0.001306
-0.000143
0.000771
0.001438
0.002015
0.002594
0.003119
0.003476
0.003589
0.003427
0.002977
0.002250
0.001326
0.000384
-0.000368
-0.000829
-0.001068
-0.001192
-0.001146
-0.000744
0.000041
0.000918
0.001508
0.001696
0.001640
0.001468
0.001154
0.000725
0.000363
0.000159
-0.000080
-0.000549
-0.001031
-0.001038
-0.000419
0.000410
0.000983
0.001345
0.001844
0.002512
0.002952
0.002893
0.002533
0.002131
0.001476
0.000087
-0.002064
-0.004317
-0.005914
-0.006662
-0.006879
-0.006835
-0.006502
-0.005794
-0.004801
-0.003660
-0.002338
-0.000703
0.001203
0.003103
0.004691
0.005829
0.006504
0.006705
0.006392
0.005538
0.004145
0.002254
-0.000010
-0.002373
-0.004483
-0.006054
-0.006968
-0.007296
-0.007269
-0.007160
-0.007087
-0.006907
-0.006420
-0.005697
-0.005058
-0.004692
-0.004436
-0.004105
-0.003956
-0.004530
-0.005998
-0.007885
-0.009520
-0.010568
-0.010955
-0.010519
-0.009085
-0.006895
-0.004631
-0.002879
-0.001715
-0.000908
-0.000293
0.000185
0.000563
0.000713
0.000238
-0.001173
-0.003258
-0.005337
-0.006989
-0.008311
-0.009428
-0.010091
-0.009996
-0.009271
-0.008291
-0.007132
-0.005601
-0.003770
-0.002149
-0.001183
-0.000911
-0.001280
-0.002433
-0.004331
-0.006323
-0.007587
-0.008059
-0.008479
-0.009346
-0.010096
-0.009680
-0.007831
-0.005464
-0.003761
-0.003068
-0.002788
-0.002206
-0.001203
-0.000147
0.000747
0.001703
0.002981
0.004353
0.005267
0.005578
0.005870
0.006823
0.008369
0.009720
0.010196
0.009804
0.008975
0.008034
0.007148
0.006527
0.006336
0.006427
0.006426
0.006199
0.006017
0.006191
0.006689
0.007229
0.007609
0.007829
0.007975
0.008142
0.008420
0.008793
0.009085
0.009174
0.009197
0.009351
0.009472
0.009092
0.008082
0.006990
0.006520
0.006792
0.007393
0.008069
0.008992
0.010235
0.011397
0.011994
0.012029
0.011806
0.011312
0.010167
0.008247
0.005994
0.003923
0.002075
0.000228
-0.001499
-0.002628
-0.002907
-0.002643
-0.002328
-0.002112
-0.001815
-0.001302
-0.000629
0.000198
0.001373
0.003061
0.005046
0.006734
0.007599
0.007615
0.007188
0.006661
0.005969
0.004846
0.003283
0.001604
0.000121
-0.001120
-0.002123
-0.002700
-0.002638
-0.002064
-0.001388
-0.000852
-0.000349
0.000195
0.000464
0.000005
-0.001215
-0.002734
-0.004112
-0.005337
-0.006591
-0.007766
-0.008413
-0.008184
-0.007156
-0.005684
-0.004016
-0.002167
-0.000069
0.002243
0.004595
0.006736
0.008438
0.009638
0.010455
0.010926
0.010664
0.009025
0.005856
0.002037
-0.001031
-0.002606
-0.003129
-0.003480
-0.003913
-0.003965
-0.003287
-0.002206
-0.001359
-0.001025
-0.001020
-0.001111
-0.001275
-0.001560
-0.001903
-0.002218
-0.002543
-0.002999
-0.003635
-0.004371
-0.005065
-0.005586
-0.005845
-0.005824
-0.005606
-0.005332
-0.005085
-0.004804
-0.004292
-0.003366
-0.002079
-0.000804
-0.000031
0.000013
-0.000513
-0.001394
-0.002708
-0.004707
-0.007317
-0.009960
-0.011993
-0.013182
-0.013610
-0.013259
-0.011942
-0.009687
-0.006906
-0.004082
-0.001487
0.000632
0.001840
0.001838
0.000923
-0.000258
-0.001536
-0.003450
-0.006420
-0.009909
-0.012762
-0.014331
-0.014945
-0.015250
-0.015395
-0.015062
-0.014050
-0.012560
-0.010968
-0.009552
-0.008502
-0.007978
-0.008066
-0.008718
-0.009792
-0.011134
-0.012588
-0.013989
-0.015178
-0.015990
-0.016251
-0.015853
-0.014891
-0.013665
-0.012511
-0.011647
-0.011152
-0.011002
-0.011078
-0.011216
-0.011335
-0.011459
-0.011565
-0.011485
-0.011077
-0.010440
-0.009819
-0.009293
-0.008744
-0.008153
-0.007755
-0.007747
-0.007985
-0.008110
-0.007961
-0.007693
-0.007527
-0.007555
-0.007794
-0.008247
-0.008818
-0.009298
-0.009541
-0.009614
-0.009661
-0.009720
-0.009749
-0.009748
-0.009725
-0.009587
-0.009225
-0.008683
-0.008112
-0.007542
-0.006850
-0.006003
-0.005130
-0.004312
-0.003437
-0.002425
-0.001447
-0.000741
-0.000222
0.000483
0.001601
0.002961
0.004226
0.005233
0.006024
0.006671
0.007223
0.007767
0.008378
0.008977
0.009362
0.009378
0.009019
0.008320
0.007277
0.005938
0.004547
0.003441
0.002744
0.002235
0.001625
0.000954
0.000579
0.000707
0.001068
0.001215
0.001093
0.001091
0.001520
0.002221
0.002844
0.003321
0.003816
0.004310
0.004558
0.004492
0.004398
0.004488
0.004517
0.004078
0.003195
0.002349
0.001879
0.001618
0.001229
0.000691
0.000260
0.000060
-0.000031
-0.000113
-0.000128
-0.000076
-0.000178
-0.000619
-0.001214
-0.001532
-0.001370
-0.000933
-0.000502
-0.000067
0.000583
0.001507
0.002512
0.003334
0.003801
0.003834
0.003507
0.003152
0.003219
0.003886
0.004877
0.005776
0.006469
0.007126
0.007843
0.008475
0.008855
0.008984
0.008889
0.008428
0.007402
0.005872
0.004239
0.002969
0.002261
0.001972
0.001826
0.001700
0.001725
0.002112
0.002846
0.003607
0.004036
0.004043
0.003784
0.003354
0.002670
0.001676
0.000573
-0.000286
-0.000693
-0.000689
-0.000375
0.000251
0.001242
0.002553
0.004050
0.005607
0.007146
0.008549
0.009651
0.010337
0.010621
0.010543
0.010064
0.009138
0.007876
0.006546
0.005372
0.004430
0.003775
0.003579
0.003973
0.004790
0.005620
0.006170
0.006463
0.006627
0.006599
0.006184
0.005345
0.004294
0.003284
0.002418
0.001719
0.001262
0.001146
0.001384
0.001901
0.002648
0.003619
0.004726
0.005712
0.006268
0.006273
0.005854
0.005201
0.004352
0.003253
0.002020
0.000968
0.000312
-0.000033
-0.000188
0.000076
0.001152
0.002970
0.004812
0.005986
0.006495
0.006823
0.007157
0.007192
0.006651
0.005656
0.004408
0.002859
0.000973
-0.000878
-0.002160
-0.002802
-0.003255
-0.003868
-0.004432
-0.004424
-0.003514
-0.001719
0.000703
0.003277
0.005372
0.006553
0.006938
0.007080
0.007355
0.007525
0.006963
0.005264
0.002681
-0.000016
-0.002098
-0.003365
-0.004130
-0.004709
-0.005023
-0.004778
-0.003979
-0.003048
-0.002373
-0.001920
-0.001443
-0.000957
-0.000755
-0.000946
-0.001167
-0.000921
-0.000105
0.000925
0.001787
0.002417
0.002935
0.003321
0.003363
0.002929
0.002167
0.001354
0.000618
-0.000091
-0.000812
-0.001462
-0.001923
-0.002143
-0.002094
-0.001747
-0.001173
-0.000613
-0.000287
-0.000157
-0.000002
0.000277
0.000525
0.000575
0.000462
0.000320
0.000165
-0.000061
-0.000283
-0.000323
-0.000182
-0.000118
-0.000319
-0.000612
-0.000652
-0.000381
-0.000149
-0.000334
-0.000961
-0.001765
-0.002502
-0.003096
-0.003553
-0.003902
-0.004244
-0.004671
-0.005086
-0.005213
-0.004922
-0.004455
-0.004199
-0.004252
-0.004363
-0.004298
-0.004133
-0.004101
-0.004286
-0.004572
-0.004810
-0.004934
-0.004926
-0.004791
-0.004561
-0.004280
-0.003995
-0.003824
-0.003959
-0.004489
-0.005223
-0.005843
-0.006252
-0.006642
-0.007207
-0.007916
-0.008635
-0.009291
-0.009788
-0.009917
-0.009558
-0.008886
-0.008147
-0.007228
-0.005732
-0.003597
-0.001410
0.000100
0.000767
0.001012
0.001228
0.001371
0.001175
0.000555
-0.000274
-0.000979
-0.001324
-0.001316
-0.001239
-0.001475
-0.002163
-0.003027
-0.003636
-0.003825
-0.003787
-0.003780
-0.003864
-0.003954
-0.003999
-0.004010
-0.003973
-0.003886
-0.003872
-0.004104
-0.004513
-0.004691
-0.004186
-0.002888
-0.001027
0.001151
0.003560
0.006086
0.008431
0.010299
0.011620
0.012344
0.012083
0.010293
0.006997
0.003123
-0.000169
-0.002490
-0.004349
-0.006266
-0.008044
-0.009044
-0.008969
-0.008112
-0.006891
-0.005428
-0.003677
-0.001772
-0.000059
0.001197
0.001987
0.002436
0.002568
0.002248
0.001327
-0.000148
-0.001836
-0.003238
-0.003991
-0.004076
-0.003717
-0.003101
-0.002221
-0.001003
0.000483
0.001993
0.003283
0.004259
0.004966
0.005457
0.005691
0.005564
0.005042
0.004272
0.003527
0.003030
0.002820
0.002811
0.002928
0.003141
0.003388
0.003558
0.003571
0.003419
0.003098
0.002567
0.001852
0.001137
0.000643
0.000452
0.000539
0.000999
0.002064
0.003802
0.005886
0.007793
0.009240
0.010285
0.011036
0.011407
0.011245
0.010577
0.009595
0.008473
0.007319
0.006283
0.005561
0.005247
0.005269
0.005557
0.006150
0.007059
0.008110
0.009058
0.009839
0.010566
0.011264
0.011747
0.011814
0.011488
0.010942
0.010268
0.009437
0.008453
0.007412
0.006367
0.005294
0.004280
0.003624
0.003565
0.003913
0.004120
0.003820
0.003208
0.002770
0.002683
0.002666
0.002445
0.002202
0.002378
0.003132
0.004185
0.005233
0.006267
0.007346
0.008215
0.008451
0.007984
0.007237
0.006600
0.005943
0.004829
0.003151
0.001333
-0.000100
-0.000998
-0.001544
-0.001889
-0.001958
-0.001598
-0.000784
0.000319
0.001463
0.002433
0.003092
0.003387
0.003332
0.003027
0.002629
0.002247
0.001863
0.001404
0.000937
0.000689
0.000847
0.001377
0.002097
0.002869
0.003648
0.004387
0.005014
0.005463
0.005633
0.005312
0.004332
0.002846
0.001337
0.000209
-0.000541
-0.001169
-0.001789
-0.002258
-0.002410
-0.002209
-0.001671
-0.000806
0.000279
0.001356
0.002289
0.003192
0.004245
0.005397
0.006376
0.006974
0.007181
0.007046
0.006541
0.005669
0.004593
0.003514
0.002476
0.001415
0.000423
-0.000176
-0.000113
0.000499
0.001209
0.001619
0.001695
0.001696
0.001861
0.002160
0.002328
0.002111
0.001505
0.000783
0.000295
0.000188
0.000313
0.000370
0.000172
-0.000246
-0.000725
-0.001143
-0.001457
-0.001645
-0.001662
-0.001462
-0.001056
-0.000497
0.000177
0.000963
0.001828
0.002634
0.003217
0.003542
0.003773
0.004115
0.004608
0.005117
0.005484
0.005647
0.005616
0.005443
0.005239
0.005089
0.004883
0.004326
0.003288
0.002090
0.001264
0.000982
0.000884
0.000524
-0.000147
-0.000875
-0.001518
-0.002129
-0.002693
-0.003067
-0.003286
-0.003693
-0.004554
-0.005632
-0.006363
-0.006470
-0.006206
-0.005944
-0.005704
-0.005246
-0.004521
-0.003803
-0.003368
-0.003189
-0.003088
-0.003058
-0.003262
-0.003710
-0.004126
-0.004239
-0.004115
-0.004045
-0.004158
-0.004288
-0.004272
-0.004210
-0.004333
-0.004706
-0.005207
-0.005744
-0.006337
-0.006974
-0.007546
-0.007985
-0.008352
-0.008692
-0.008903
-0.008873
-0.008663
-0.008434
-0.008194
-0.007782
-0.007102
-0.006256
-0.005385
-0.004518
-0.003648
-0.002860
-0.002277
-0.001973
-0.002050
-0.002700
-0.004009
-0.005713
-0.007360
-0.008732
-0.009950
-0.011072
-0.011769
-0.011602
-0.010516
-0.008902
-0.007208
-0.005656
-0.004317
-0.003239
-0.002435
-0.001896
-0.001709
-0.002028
-0.002814
-0.003713
-0.004368
-0.004779
-0.005175
-0.005580
-0.005711
-0.005374
-0.004776
-0.004298
-0.004072
-0.003945
-0.003779
-0.003627
-0.003578
-0.003584
-0.003502
-0.003219
-0.002689
-0.001881
-0.000833
0.000282
0.001228
0.001903
0.002430
0.003003
0.003656
0.004219
0.004509
0.004506
0.004317
0.004018
0.003623
0.003186
0.002826
0.002585
0.002351
0.002034
0.001767
0.001780
0.002058
0.002274
0.002144
0.001717
0.001209
0.000663
-0.000053
-0.000948
-0.001811
-0.002470
-0.002992
-0.003496
-0.003872
-0.003841
-0.003305
-0.002490
-0.001696
-0.000965
-0.000076
0.001120
0.002434
0.003459
0.003968
0.004146
0.004344
0.004646
0.004791
0.004543
0.003989
0.003343
0.002554
0.001353
-0.000280
-0.001881
-0.002878
-0.003117
-0.002916
-0.002637
-0.002352
-0.001912
-0.001225
-0.000386
0.000394
0.000962
0.001313
0.001556
0.001798
0.002099
0.002520
0.003130
0.003881
0.004528
0.004797
0.004650
0.004266
0.003748
0.002984
0.001871
0.000530
-0.000815
-0.002054
-0.003171
-0.004071
-0.004656
-0.005033
-0.005442
-0.005891
-0.006061
-0.005710
-0.005022
-0.004380
-0.003885
-0.003309
-0.002509
-0.001687
-0.001140
-0.000936
-0.000922
-0.000973
-0.001124
-0.001473
-0.002086
-0.002970
-0.004043
-0.005133
-0.006037
-0.006628
-0.006843
-0.006653
-0.006099
-0.005350
-0.004628
-0.004010
-0.003394
-0.002736
-0.002218
-0.002096
-0.002382
-0.002808
-0.003109
-0.003267
-0.003401
-0.003520
-0.003498
-0.003275
-0.002925
-0.002492
-0.001849
-0.000875
0.000283
0.001244
0.001764
0.001956
0.002075
0.002155
0.001979
0.001407
0.000614
-0.000059
-0.000399
-0.000455
-0.000396
-0.000357
-0.000367
-0.000382
-0.000350
-0.000269
-0.000193
-0.000185
-0.000307
-0.000650
-0.001283
-0.002100
-0.002816
-0.003227
-0.003466
-0.003831
-0.004377
-0.004847
-0.005073
-0.005216
-0.005464
-0.005685
-0.005669
-0.005604
-0.005897
-0.006433
-0.006414
-0.005247
-0.003389
-0.001932
-0.001411
-0.001401
-0.001282
-0.001008
-0.000873
-0.000866
-0.000685
-0.000308
-0.000133
-0.000419
-0.000875
-0.001009
-0.000758
-0.000570
-0.000845
-0.001502
-0.002103
-0.002313
-0.002151
-0.001831
-0.001479
-0.001085
-0.000680
-0.000451
-0.000549
-0.000848
-0.001016
-0.000873
-0.000562
-0.000322
-0.000211
-0.000172
-0.000229
-0.000448
-0.000724
-0.000830
-0.000717
-0.000596
-0.000628
-0.000688
-0.000545
-0.000177
0.000243
0.000585
0.000837
0.000965
0.000878
0.000579
0.000254
0.000144
0.000374
0.000891
0.001506
0.002020
0.002456
0.003177
0.004570
0.006507
0.008242
0.009039
0.008851
0.008216
0.007562
0.006820
0.005758
0.004456
0.003290
0.002578
0.002408
0.002743
0.003485
0.004417
0.005271
0.005966
0.006683
0.007579
0.008471
0.008909
0.008604
0.007730
0.006776
0.006132
0.005857
0.005774
0.005737
0.005753
0.005930
0.006330
0.006878
0.007397
0.007712
0.007768
0.007603
0.007251
0.006682
0.005891
0.005004
0.004194
0.003494
0.002788
0.002046
0.001433
0.001081
0.000842
0.000496
0.000202
0.000514
0.001751
0.003503
0.004985
0.005842
0.006404
0.007099
0.007870
0.008316
0.008270
0.007946
0.007559
0.007019
0.006149
0.005060
0.004101
0.003473
0.003045
0.002633
0.002334
0.002418
0.002922
0.003505
0.003782
0.003718
0.003554
0.003447
0.003335
0.003185
0.003145
0.003325
0.003555
0.003573
0.003412
0.003379
0.003592
0.003761
0.003587
0.003248
0.003263
0.003861
0.004692
0.005223
0.005291
0.005122
0.004929
0.004660
0.004151
0.003373
0.002435
0.001433
0.000432
-0.000422
-0.000912
-0.000946
-0.000688
-0.000385
-0.000108
0.000250
0.000696
0.001011
0.000963
0.000581
0.000076
-0.000459
-0.001125
-0.001935
-0.002602
-0.002737
-0.002260
-0.001499
-0.000876
-0.000550
-0.000406
-0.000313
-0.000345
-0.000687
-0.001397
-0.002297
-0.003127
-0.003797
-0.004401
-0.005002
-0.005489
-0.005737
-0.005842
-0.006065
-0.006525
-0.007034
-0.007312
-0.007312
-0.007221
-0.007162
-0.006989
-0.006449
-0.005529
-0.004525
-0.003743
-0.003160
-0.002466
-0.001476
-0.000408
0.000338
0.000640
0.000744
0.000889
0.000983
0.000784
0.000306
-0.000136
-0.000305
-0.000310
-0.000405
-0.000610
-0.000670
-0.000395
0.000068
0.000370
0.000342
0.000179
0.000213
0.000543
0.000933
0.001088
0.000974
0.000805
0.000764
0.000816
0.000806
0.000650
0.000385
0.000104
-0.000105
-0.000187
-0.000170
-0.000163
-0.000231
-0.000282
-0.000162
0.000127
0.000394
0.000464
0.000393
0.000426
0.000762
0.001379
0.002063
0.002591
0.002914
0.003142
0.003357
0.003452
0.003255
0.002798
0.002366
0.002198
0.002236
0.002273
0.002286
0.002493
0.003063
0.003900
0.004767
0.005506
0.006070
0.006407
0.006451
0.006225
0.005843
0.005358
0.004664
0.003609
0.002197
0.000660
-0.000680
-0.001645
-0.002283
-0.002735
-0.003032
-0.003063
-0.002750
-0.002228
-0.001768
-0.001552
-0.001574
-0.001745
-0.002032
-0.002447
-0.002976
-0.003546
-0.004029
-0.004240
-0.004027
-0.003435
-0.002729
-0.002136
-0.001585
-0.000819
0.000221
0.001266
0.002024
0.002465
0.002699
0.002689
0.002313
0.001649
0.000987
0.000487
0.000042
-0.000437
-0.000806
-0.000958
-0.001105
-0.001545
-0.002151
-0.002459
-0.002293
-0.002034
-0.002064
-0.002183
-0.001885
-0.001106
-0.000368
-0.000143
-0.000360
-0.000652
-0.000856
-0.001052
-0.001270
-0.001417
-0.001464
-0.001463
-0.001330
-0.000846
0.000003
0.000824
0.001125
0.000813
0.000263
-0.000114
-0.000260
-0.000412
-0.000768
-0.001283
-0.001758
-0.002025
-0.002041
-0.001854
-0.001538
-0.001186
-0.000923
-0.000885
-0.001110
-0.001472
-0.001757
-0.001862
-0.001889
-0.002001
-0.002195
-0.002279
-0.002090
-0.001664
-0.001145
-0.000609
-0.000066
0.000406
0.000681
0.000772
0.000850
0.000996
0.001031
0.000741
0.000222
-0.000166
-0.000224
-0.000143
-0.000258
-0.000659
-0.001167
-0.001594
-0.001895
-0.002087
-0.002181
-0.002240
-0.002404
-0.002755
-0.003195
-0.003505
-0.003547
-0.003371
-0.003115
-0.002834
-0.002448
-0.001872
-0.001159
-0.000487
0.000018
0.000386
0.000697
0.000915
0.000933
0.000749
0.000515
0.000367
0.000277
0.000145
-0.000047
-0.000221
-0.000312
-0.000320
-0.000290
-0.000281
-0.000329
-0.000376
-0.000302
-0.000084
0.000132
0.000226
0.000315
0.000608
0.001071
0.001430
0.001567
0.001711
0.002090
0.002593
0.002965
0.003255
0.003730
0.004376
0.004780
0.004692
0.004445
0.004540
0.004930
0.005030
0.004476
0.003591
0.002958
0.002703
0.002462
0.001951
0.001321
0.000879
0.000670
0.000472
0.000119
-0.000356
-0.000855
-0.001332
-0.001746
-0.002016
-0.002103
-0.002061
-0.001945
-0.001750
-0.001476
-0.001209
-0.001045
-0.000955
-0.000862
-0.000795
-0.000899
-0.001238
-0.001700
-0.002125
-0.002429
-0.002594
-0.002631
-0.002660
-0.002897
-0.003429
-0.004047
-0.004430
-0.004536
-0.004640
-0.004955
-0.005306
-0.005318
-0.004852
-0.004182
-0.003707
-0.003573
-0.003624
-0.003633
-0.003543
-0.003454
-0.003444
-0.003484
-0.003524
-0.003572
-0.003637
-0.003625
-0.003434
-0.003118
-0.002862
-0.002740
-0.002590
-0.002249
-0.001833
-0.001654
-0.001845
-0.002200
-0.002440
-0.002548
-0.004178
-0.004505
-0.004821
-0.004932
-0.004871
-0.004825
-0.004846
-0.004755
-0.004403
-0.003897
-0.003488
-0.003262
-0.003090
-0.002882
-0.002721
-0.002677
-0.002633
-0.002434
-0.002144
-0.001980
-0.002010
-0.002058
-0.001964
-0.001779
-0.001660
-0.001688
-0.001882
-0.002261
-0.002787
-0.003304
-0.003673
-0.003908
-0.004065
-0.004055
-0.003719
-0.003081
-0.002390
-0.001856
-0.001483
-0.001206
-0.001048
-0.001058
-0.001199
-0.001410
-0.001713
-0.002127
-0.002543
-0.002815
-0.002961
-0.003116
-0.003288
-0.003299
-0.003040
-0.002628
-0.002230
-0.001812
-0.001227
-0.000499
0.000129
0.000470
0.000602
0.000724
0.000882
0.000927
0.000740
0.000405
0.000123
-0.000010
-0.000067
-0.000144
-0.000217
-0.000187
-0.000025
0.000203
0.000477
0.000878
0.001441
0.002006
0.002327
0.002348
0.002282
0.002339
0.002465
0.002424
0.002136
0.001814
0.001743
0.001998
0.002420
0.002827
0.003168
0.003472
0.003740
0.003921
0.003966
0.003856
0.003602
0.003241
0.002843
0.002469
0.002120
0.001755
0.001385
0.001085
0.000908
0.000824
0.000786
0.000838
0.001072
0.001469
0.001881
0.002203
0.002478
0.002786
0.003061
0.003158
0.003067
0.002943
0.002881
0.002761
0.002440
0.002012
0.001750
0.001748
0.001773
0.001546
0.001098
0.000721
0.000586
0.000537
0.000338
0.000005
-0.000239
-0.000319
-0.000422
-0.000716
-0.001062
-0.001188
-0.001084
-0.001036
-0.001225
-0.001466
-0.001475
-0.001286
-0.001200
-0.001360
-0.001569
-0.001603
-0.001520
-0.001542
-0.001716
-0.001885
-0.001945
-0.001983
-0.002095
-0.002228
-0.002281
-0.002281
-0.002330
-0.002426
-0.002447
-0.002335
-0.002188
-0.002139
-0.002183
-0.002208
-0.002151
-0.002070
-0.002056
-0.002115
-0.002171
-0.002155
-0.002056
-0.001917
-0.001786
-0.001698
-0.001659
-0.001648
-0.001608
-0.001496
-0.001312
-0.001109
-0.000941
-0.000830
-0.000765
-0.000735
-0.000731
-0.000745
-0.000771
-0.000825
-0.000925
-0.001056
-0.001165
-0.001214
-0.001220
-0.001231
-0.001265
-0.001285
-0.001249
-0.001151
-0.001016
-0.000857
-0.000676
-0.000479
-0.000294
-0.000147
-0.000026
0.000103
0.000250
0.000384
0.000473
0.000524
0.000572
0.000632
0.000689
0.000726
0.000758
0.000807
0.000863
0.000886
0.000858
0.000812
0.000794
0.000808
0.000815
0.000796
0.000779
0.000807
0.000880
0.000959
0.001012
0.001049
0.001097
0.001160
0.001214
0.001240
0.001240
0.001232
0.001228
0.001231
0.001240
0.001258
0.001286
0.001323
0.001368
0.001418
0.001473
0.001536
0.001607
0.001679
0.001739
0.001785
0.001825
0.001871
0.001925
0.001974
0.002012
0.002042
0.002075
0.002115
0.002159
0.002204
0.002247
0.002290
0.002334
0.002378
0.002422
0.002465
0.002509
0.002551
0.002594
0.002637
0.002679
0.002721
0.002762
0.002803
0.002844
0.002885
0.002925
0.002965
0.003004
0.003043
0.003082
0.003120
0.003158
0.003196
