0.001994
0.001989
0.001985
0.001980
0.001975
0.001971
0.001967
0.001962
0.001958
0.001954
0.001948
0.001944
0.001940
0.001935
0.001931
0.001928
0.001922
0.001919
0.001915
0.001911
0.001906
0.001902
0.001898
0.001893
0.001890
0.001885
0.001880
0.001875
0.001872
0.001865
0.001861
0.001859
0.001852
0.001847
0.001843
0.001841
0.001834
0.001827
0.001830
0.001825
0.001823
0.001817
0.001814
0.001811
0.001802
0.001792
0.001787
0.001785
0.001781
0.001773
0.001772
0.001779
0.001771
0.001767
0.001763
0.001763
0.001758
0.001751
0.001751
0.001746
0.001743
0.001729
0.001725
0.001731
0.001722
0.001701
0.001702
0.001698
0.001694
0.001676
0.001672
0.001674
0.001683
0.001650
0.001668
0.001677
0.001682
0.001677
0.001682
0.001686
0.001683
0.001671
0.001676
0.001682
0.001660
0.001637
0.001615
0.001610
0.001606
0.001592
0.001577
0.001604
0.001578
0.001562
0.001568
0.001588
0.001583
0.001579
0.001575
0.001595
0.001592
0.001589
0.001598
0.001581
0.001591
0.001574
0.001556
0.001552
0.001549
0.001515
0.001511
0.001552
0.001518
0.001482
0.001494
0.001522
0.001519
0.001481
0.001477
0.001507
0.001521
0.001499
0.001496
0.001510
0.001525
0.001484
0.001442
0.001457
0.001454
0.001410
0.001385
0.001422
0.001458
0.001433
0.001430
0.001447
0.001466
0.001440
0.001437
0.001456
0.001498
0.001426
0.001422
0.001442
0.001463
0.001411
0.001358
0.001378
0.001375
0.001345
0.001289
0.001259
0.001333
0.001302
0.001270
0.001347
0.001371
0.001368
0.001364
0.001389
0.001415
0.001412
0.001350
0.001405
0.001493
0.001370
0.001305
0.001302
0.001329
0.001294
0.001226
0.001189
0.001218
0.001213
0.001175
0.001205
0.001234
0.001263
0.001225
0.001324
0.001356
0.001354
0.001280
0.001348
0.001345
0.001269
0.001229
0.001226
0.001260
0.001181
0.001140
0.001173
0.001207
0.001204
0.001084
0.001157
0.001232
0.001150
0.001185
0.001222
0.001300
0.001215
0.001170
0.001291
0.001330
0.001370
0.001198
0.001195
0.001234
0.001188
0.001011
0.001095
0.001134
0.000953
0.000993
0.001034
0.001075
0.001116
0.001113
0.001200
0.001152
0.001195
0.001145
0.001236
0.001185
0.001088
0.001084
0.001032
0.001173
0.001073
0.001021
0.001017
0.001014
0.001009
0.001006
0.001052
0.001099
0.000995
0.000991
0.001038
0.001138
0.001186
0.001235
0.001181
0.001231
0.001123
0.001068
0.001011
0.000954
0.001004
0.000894
0.000889
0.000994
0.000991
0.000878
0.000819
0.000870
0.000922
0.000917
0.001025
0.001191
0.001131
0.001185
0.001126
0.001124
0.001120
0.001061
0.001001
0.000997
0.000994
0.000875
0.000814
0.000811
0.000865
0.000861
0.000799
0.000913
0.000792
0.000729
0.000903
0.000961
0.000897
0.001015
0.001011
0.001189
0.001127
0.001003
0.000939
0.001058
0.000994
0.000929
0.000804
0.000862
0.000859
0.000856
0.000790
0.000849
0.000784
0.000718
0.000652
0.000837
0.000896
0.000894
0.000953
0.001077
0.001011
0.000882
0.000879
0.000939
0.000872
0.000742
0.000738
0.000864
0.000860
0.000729
0.000726
0.000852
0.000785
0.000587
0.000713
0.000840
0.000901
0.000769
0.000896
0.000893
0.001020
0.000887
0.000819
0.000882
0.000944
0.000745
0.000677
0.000739
0.000670
0.000602
0.000533
0.000596
0.000658
0.000590
0.000587
0.000781
0.000844
0.000842
0.000773
0.000967
0.001031
0.000830
0.000695
0.000825
0.000821
0.000752
0.000487
0.000549
0.000612
0.000610
0.000541
0.000604
0.000733
0.000598
0.000530
0.000593
0.000722
0.000719
0.000650
0.000911
0.001039
0.000840
0.000771
0.000834
0.000765
0.000630
0.000562
0.000625
0.000754
0.000554
0.000419
0.000614
0.000611
0.000543
0.000474
0.000538
0.000600
0.000598
0.000661
0.000790
0.000853
0.000785
0.000716
0.000648
0.000776
0.000576
0.000639
0.000637
0.000634
0.000566
0.000497
0.000560
0.000689
0.000555
0.000552
0.000484
0.000612
0.000544
0.000475
0.000670
0.000734
0.000731
0.000597
0.000725
0.000723
0.000522
0.000520
0.000518
0.000581
0.000447
0.000378
0.000441
0.000570
0.000568
0.000500
0.000497
0.000494
0.000491
0.000489
0.000618
0.000681
0.000679
0.000479
0.000608
0.000606
0.000471
0.000403
0.000400
0.000463
0.000329
0.000327
0.000390
0.000519
0.000583
0.000316
0.000446
0.000641
0.000573
0.000570
0.000568
0.000697
0.000628
0.000560
0.000492
0.000556
0.000487
0.000353
0.000351
0.000479
0.000280
0.000212
0.000208
0.000404
0.000336
0.000334
0.000396
0.000394
0.000458
0.000390
0.000452
0.000648
0.000711
0.000643
0.000575
0.000638
0.000636
0.000436
0.000302
0.000365
0.000231
0.000163
0.000227
0.000290
0.000287
0.000285
0.000217
0.000412
0.000344
0.000275
0.000339
0.000468
0.000466
0.000398
0.000462
0.000460
0.000457
0.000389
0.000386
0.000384
0.000514
0.000314
0.000245
0.000309
0.000307
0.000107
0.000171
0.000366
0.000430
0.000296
0.000228
0.000489
0.000421
0.000352
0.000350
0.000479
0.000411
0.000146
0.000209
0.000273
0.000139
0.000137
0.000069
0.000199
0.000195
0.000193
0.000191
0.000452
0.000384
0.000316
0.000446
0.000575
0.000573
0.000505
0.000371
0.000369
0.000433
0.000167
0.000165
0.000229
0.000095
0.000093
-0.000041
0.000154
0.000152
0.000018
0.000082
0.000146
0.000275
0.000273
0.000271
0.000466
0.000530
0.000528
0.000460
0.000524
0.000521
0.000322
0.000188
0.000186
0.000185
0.000117
0.000049
0.000112
0.000110
-0.000090
-0.000092
0.000038
0.000167
0.000099
0.000229
0.000293
0.000357
0.000289
0.000353
0.000285
0.000480
0.000281
0.000213
0.000276
0.000274
0.000140
0.000073
0.000071
0.000069
0.000001
-0.000001
0.000063
0.000192
0.000191
0.000189
0.000253
0.000250
0.000248
0.000246
0.000311
0.000243
0.000175
0.000041
0.000039
-0.000029
0.000036
-0.000098
-0.000035
0.000095
-0.000039
-0.000107
0.000090
0.000087
0.000085
0.000083
0.000280
0.000343
0.000275
0.000273
0.000272
0.000204
0.000202
0.000068
0.000132
0.000065
-0.000069
-0.000071
-0.000073
0.000057
-0.000011
-0.000013
-0.000147
-0.000016
0.000047
-0.000021
0.000176
0.000240
0.000303
0.000236
0.000300
0.000364
0.000231
0.000097
0.000161
0.000159
0.000026
-0.000108
-0.000044
0.000021
0.000018
-0.000181
-0.000118
-0.000053
0.000011
-0.000123
0.000008
0.000269
0.000136
0.000134
0.000132
0.000196
0.000260
0.000060
0.000125
0.000123
0.000055
-0.000078
-0.000080
-0.000016
-0.000017
-0.000151
-0.000152
-0.000023
-0.000091
-0.000158
-0.000094
-0.000029
0.000100
0.000098
0.000163
0.000227
0.000160
0.000026
0.000025
-0.000043
-0.000045
-0.000178
-0.000246
-0.000115
-0.000052
-0.000251
-0.000187
-0.000057
-0.000058
-0.000192
-0.000127
0.000002
0.000067
0.000065
0.000064
0.000193
0.000192
0.000124
-0.000009
0.000055
-0.000013
-0.000146
-0.000214
-0.000083
-0.000151
-0.000218
-0.000220
-0.000090
-0.000158
-0.000159
-0.000095
-0.000096
0.000100
0.000032
-0.000035
0.000095
0.000226
0.000026
0.000091
0.000023
-0.000044
-0.000244
-0.000377
-0.000313
-0.000314
-0.000185
-0.000251
-0.000187
-0.000123
-0.000190
-0.000258
-0.000127
-0.000064
0.000001
0.000066
0.000130
0.000128
-0.000005
-0.000072
0.000058
-0.000076
-0.000011
-0.000145
-0.000080
-0.000081
-0.000346
-0.000282
-0.000152
-0.000285
-0.000220
-0.000222
-0.000092
-0.000159
-0.000227
-0.000162
-0.000098
0.000098
-0.000035
-0.000103
0.000028
-0.000039
-0.000041
-0.000240
-0.000241
-0.000111
-0.000310
-0.000245
-0.000181
-0.000182
-0.000183
-0.000251
-0.000121
-0.000056
-0.000124
-0.000125
-0.000060
0.000004
-0.000064
-0.000131
-0.000132
-0.000266
-0.000398
-0.000466
-0.000336
-0.000205
-0.000338
-0.000340
-0.000275
-0.000210
-0.000212
-0.000345
-0.000149
-0.000084
-0.000217
-0.000219
-0.000089
0.000042
0.000041
-0.000093
-0.000028
0.000037
-0.000228
-0.000296
-0.000297
-0.000298
-0.000299
-0.000367
-0.000236
-0.000172
-0.000304
-0.000371
-0.000242
-0.000177
-0.000112
-0.000179
-0.000049
-0.000117
0.000014
-0.000119
-0.000054
0.000011
-0.000123
-0.000388
-0.000257
-0.000258
-0.000325
-0.000393
-0.000328
-0.000263
-0.000330
-0.000200
-0.000332
-0.000202
-0.000204
-0.000337
-0.000272
-0.000141
-0.000142
-0.000144
-0.000146
-0.000081
-0.000214
-0.000346
-0.000150
-0.000283
-0.000350
-0.000484
-0.000353
-0.000288
-0.000355
-0.000290
-0.000291
-0.000293
-0.000162
-0.000295
-0.000164
-0.000099
-0.000035
-0.000234
-0.000169
-0.000171
-0.000237
-0.000370
-0.000371
-0.000307
-0.000373
-0.000440
-0.000377
-0.000378
-0.000379
-0.000314
-0.000381
-0.000185
-0.000186
-0.000187
-0.000188
-0.000255
-0.000256
-0.000323
-0.000192
-0.000193
-0.000128
-0.000327
-0.000262
-0.000263
-0.000396
-0.000397
-0.000530
-0.000465
-0.000466
-0.000467
-0.000403
-0.000272
-0.000207
-0.000208
-0.000209
-0.000079
-0.000014
-0.000278
-0.000345
-0.000149
-0.000348
-0.000349
-0.000416
-0.000482
-0.000352
-0.000485
-0.000420
-0.000487
-0.000488
-0.000555
-0.000424
-0.000359
-0.000229
-0.000230
-0.000231
-0.000100
-0.000101
-0.000234
-0.000169
-0.000171
-0.000171
-0.000436
-0.000370
-0.000371
-0.000372
-0.000505
-0.000638
-0.000573
-0.000574
-0.000509
-0.000511
-0.000446
-0.000447
-0.000382
-0.000383
-0.000251
-0.000253
-0.000320
-0.000255
-0.000058
0.000006
-0.000324
-0.000522
-0.000458
-0.000459
-0.000723
-0.000658
-0.000790
-0.000725
-0.000858
-0.000925
-0.000729
-0.000730
-0.000797
-0.000797
-0.000732
-0.000601
-0.000734
-0.000801
-0.000539
-0.000275
-0.000342
-0.000343
-0.000476
-0.000609
-0.000807
-0.000940
-0.001006
-0.001270
-0.001668
-0.002195
-0.002657
-0.002790
-0.002790
-0.002265
-0.001606
-0.001278
-0.001477
-0.001873
-0.001742
-0.001215
-0.000295
0.000627
0.001286
0.001153
0.000427
-0.000100
0.000030
0.000753
0.001346
0.001806
0.002069
0.002002
0.001606
0.001210
0.000946
0.000352
-0.000900
-0.002088
-0.002089
-0.000969
0.000545
0.001533
0.001663
0.001663
0.001794
0.002320
0.002649
0.002121
0.000869
-0.001174
-0.003152
-0.004932
-0.004734
-0.002496
0.000864
0.003432
0.004156
0.003233
0.001058
-0.001116
-0.002501
-0.002897
-0.001778
-0.000527
0.000329
0.000262
-0.001452
-0.004154
-0.006329
-0.006131
-0.003761
-0.001060
-0.000006
-0.001259
-0.003368
-0.005345
-0.006334
-0.006006
-0.004161
-0.001659
-0.000078
-0.000276
-0.001530
-0.002979
-0.003704
-0.003376
-0.002784
-0.002125
-0.001863
-0.002391
-0.003906
-0.005686
-0.006807
-0.006609
-0.004766
-0.002262
-0.000221
0.000108
-0.001540
-0.003320
-0.003584
-0.001938
-0.000291
-0.000291
-0.002071
-0.004510
-0.005433
-0.004511
-0.002536
-0.000888
-0.000626
-0.001022
-0.001748
-0.002341
-0.003264
-0.005240
-0.008008
-0.008998
-0.007351
-0.004189
-0.002016
-0.002148
-0.004191
-0.006432
-0.007684
-0.007553
-0.005775
-0.002613
0.000285
0.001338
0.000547
-0.000376
0.000283
0.003510
0.008056
0.011283
0.010755
0.007132
0.003112
0.000542
-0.000315
0.000080
0.000936
0.001330
0.000604
-0.001174
-0.003284
-0.004733
-0.004404
-0.002890
-0.002297
-0.004077
-0.007766
-0.010996
-0.010732
-0.007505
-0.003947
-0.002433
-0.003224
-0.004871
-0.005202
-0.003951
-0.003490
-0.004940
-0.007378
-0.009487
-0.010015
-0.009356
-0.008632
-0.008500
-0.007777
-0.006987
-0.007184
-0.007712
-0.006593
-0.003629
-0.000336
0.001509
0.001179
-0.000468
-0.000534
0.002166
0.006118
0.008885
0.008027
0.003680
-0.001394
-0.005677
-0.009169
-0.010948
-0.009763
-0.006865
-0.004691
-0.005416
-0.008250
-0.010160
-0.009701
-0.008580
-0.009766
-0.012797
-0.015961
-0.018530
-0.021363
-0.024725
-0.027821
-0.027492
-0.022288
-0.014251
-0.007598
-0.005556
-0.006676
-0.007336
-0.006150
-0.004174
-0.003516
-0.003713
-0.003780
-0.002661
-0.001409
-0.003123
-0.007801
-0.011819
-0.011358
-0.006945
-0.000094
0.005439
0.007020
0.004121
-0.003389
-0.013404
-0.020585
-0.019532
-0.010639
-0.001218
-0.000691
-0.010969
-0.024607
-0.031854
-0.028099
-0.017427
-0.008402
-0.006294
-0.009654
-0.015715
-0.023161
-0.029815
-0.033900
-0.033109
-0.026654
-0.018287
-0.013808
-0.014994
-0.020067
-0.024943
-0.026656
-0.023099
-0.014864
-0.005180
0.001276
0.002396
-0.001294
-0.005444
-0.005972
-0.000175
0.012078
0.026242
0.033950
0.029273
0.015701
0.004369
0.003710
0.011879
0.020443
0.021892
0.014843
0.002062
-0.011972
-0.021788
-0.024754
-0.020669
-0.012500
-0.006637
-0.007032
-0.012831
-0.019221
-0.021132
-0.016390
-0.007100
0.005813
0.019120
0.026169
0.021492
0.005877
-0.014480
-0.030029
-0.034442
-0.029831
-0.022915
-0.019423
-0.021729
-0.029306
-0.038266
-0.042944
-0.039452
-0.027595
-0.010993
0.005082
0.014965
0.014700
0.007322
0.001919
0.003500
0.006596
0.006728
0.002643
-0.005395
-0.013893
-0.018505
-0.017452
-0.013301
-0.010667
-0.013104
-0.018837
-0.023316
-0.023910
-0.019299
-0.011722
-0.006122
-0.007045
-0.015148
-0.025229
-0.029643
-0.024241
-0.012449
-0.001841
0.002441
0.000332
-0.004411
-0.007574
-0.007838
-0.006586
-0.005599
-0.003754
0.000725
0.007446
0.014494
0.020226
0.022070
0.017920
0.008828
0.000263
-0.002371
0.000790
0.003557
0.000922
-0.007116
-0.017788
-0.028527
-0.036500
-0.039202
-0.036105
-0.028989
-0.020491
-0.011927
-0.002901
0.007507
0.017587
0.024900
0.027667
0.028062
0.029116
0.025031
0.007573
-0.019571
-0.042431
-0.048361
-0.035646
-0.011929
0.014555
0.037943
0.050130
0.043938
0.019299
-0.014959
-0.045792
-0.067137
-0.077416
-0.080579
-0.081764
-0.080579
-0.074387
-0.062066
-0.046782
-0.030049
-0.012855
0.001640
0.008887
0.006713
-0.004685
-0.022473
-0.036374
-0.034464
-0.015951
0.006053
0.016858
0.011258
-0.002380
-0.008836
-0.000667
0.015276
0.022919
0.013036
-0.006399
-0.019180
-0.014239
0.007303
0.031812
0.041233
0.024170
-0.014304
-0.048168
-0.053439
-0.031699
-0.003831
0.010005
-0.000536
-0.031105
-0.065231
-0.082888
-0.076432
-0.058380
-0.045666
-0.041779
-0.045336
-0.054362
-0.066155
-0.074126
-0.074456
-0.068923
-0.062532
-0.060028
-0.063981
-0.071294
-0.071164
-0.055022
-0.026628
0.007630
0.036157
0.046632
0.037146
0.021730
0.015471
0.019753
0.024431
0.021268
0.012440
0.004535
0.001569
0.007697
0.022849
0.041297
0.054802
0.055857
0.044986
0.032007
0.025353
0.024694
0.023574
0.018304
0.009805
0.003152
0.004930
0.017974
0.033786
0.039913
0.027462
0.001505
-0.022015
-0.028537
-0.014834
0.012243
0.041758
0.060996
0.060403
0.040507
0.009148
-0.023003
-0.041384
-0.039342
-0.026034
-0.014240
-0.008838
-0.011012
-0.021883
-0.039407
-0.057195
-0.068658
-0.070174
-0.067605
-0.067143
-0.072677
-0.085392
-0.100676
-0.115302
-0.125250
-0.129401
-0.127754
-0.122485
-0.119585
-0.120441
-0.119519
-0.108452
-0.084208
-0.048896
-0.015757
0.012045
0.036421
0.064684
0.100853
0.142622
0.182283
0.204222
0.196449
0.159886
0.107971
0.059549
0.027663
0.012379
0.002232
-0.015292
-0.041842
-0.072609
-0.099356
-0.116485
-0.119911
-0.113126
-0.104627
-0.098830
-0.097447
-0.103771
-0.116881
-0.131902
-0.139941
-0.127753
-0.085260
-0.013847
0.070219
0.152505
0.214961
0.246782
0.250275
0.227021
0.180311
0.128727
0.089198
0.064625
0.046375
0.024372
-0.004880
-0.035053
-0.055016
-0.057782
-0.045002
-0.022998
0.001971
0.020485
0.020682
-0.003495
-0.043221
-0.080972
-0.095334
-0.086705
-0.062855
-0.034197
-0.000730
0.039721
0.080700
0.110809
0.121812
0.112721
0.091375
0.070623
0.057447
0.050265
0.039857
0.015679
-0.018514
-0.050070
-0.076027
-0.095067
-0.117006
-0.144214
-0.173861
-0.193890
-0.183613
-0.131897
-0.048226
0.040054
0.111338
0.147112
0.143424
0.124187
0.114634
0.116809
0.120959
0.112659
0.083211
0.039202
-0.000130
-0.019893
-0.022331
-0.021211
-0.023714
-0.028457
-0.036297
-0.050462
-0.067459
-0.073191
-0.060541
-0.037878
-0.013239
0.009885
0.031825
0.056991
0.084464
0.108181
0.118592
0.104758
0.070367
0.037493
0.023263
0.027348
0.038613
0.045070
0.041052
0.030314
0.015490
-0.009939
-0.044197
-0.069298
-0.065609
-0.033723
0.010748
0.046850
0.052056
0.016151
-0.043010
-0.091432
-0.094990
-0.057570
-0.012705
0.005874
-0.015603
-0.073445
-0.147298
-0.200860
-0.207713
-0.164891
-0.086097
0.006006
0.075247
0.106014
0.097583
0.068331
0.052652
0.069715
0.102854
0.120313
0.111683
0.095542
0.089680
0.099496
0.122356
0.149434
0.167750
0.167355
0.151281
0.139026
0.144627
0.163206
0.177898
0.169531
0.134154
0.087709
0.052594
0.043831
0.052791
0.058062
0.051606
0.037969
0.022224
0.005161
-0.014340
-0.033248
-0.047016
-0.048071
-0.029625
0.004172
0.041264
0.075851
0.103852
0.119663
0.124737
0.128953
0.131458
0.130338
0.132448
0.136730
0.134029
0.122434
0.110707
0.110707
0.122896
0.141343
0.160252
0.176261
0.187790
0.195894
0.200507
0.197146
0.185486
0.172903
0.169281
0.176594
0.187464
0.188255
0.171522
0.145631
0.127711
0.126592
0.137067
0.144447
0.137727
0.118096
0.095235
0.074219
0.052610
0.026983
0.001487
-0.016168
-0.022691
-0.022428
-0.022889
-0.024403
-0.021637
-0.014389
-0.009711
-0.007998
0.000303
0.022769
0.056500
0.086674
0.097940
0.088191
0.070140
0.055976
0.046160
0.034763
0.019347
0.001494
-0.016162
-0.031644
-0.044556
-0.052594
-0.048773
-0.030589
-0.003776
0.025015
0.050116
0.067509
0.078117
0.087406
0.098474
0.108489
0.113036
0.107173
0.095051
0.082139
0.068238
0.053284
0.041228
0.032071
0.023705
0.013494
0.000844
-0.009696
-0.013451
-0.010288
-0.007324
-0.012725
-0.029129
-0.051198
-0.075837
-0.096524
-0.109503
-0.108119
-0.096590
-0.089803
-0.098038
-0.118658
-0.139476
-0.153772
-0.160492
-0.161348
-0.159833
-0.160623
-0.169319
-0.187633
-0.212140
-0.235792
-0.247124
-0.233289
-0.196790
-0.155021
-0.126495
-0.121552
-0.137956
-0.162924
-0.183413
-0.197116
-0.210029
-0.224259
-0.239214
-0.253246
-0.260756
-0.252127
-0.228476
-0.200081
-0.172542
-0.145136
-0.117662
-0.088806
-0.057512
-0.027470
-0.002039
0.013049
0.018517
0.022537
0.028664
0.034330
0.039470
0.044147
0.045993
0.043885
0.041382
0.044018
0.053176
0.062071
0.065564
0.066750
0.067475
0.063588
0.047514
0.013323
-0.035495
-0.088330
-0.128979
-0.150456
-0.155728
-0.148678
-0.131746
-0.109214
-0.092349
-0.091887
-0.106973
-0.124101
-0.130624
-0.124299
-0.113297
-0.104666
-0.099461
-0.094059
-0.087931
-0.079827
-0.061644
-0.026661
0.022158
0.076773
0.124539
0.147729
0.133236
0.093972
0.056289
0.038567
0.045024
0.069862
0.102474
0.129025
0.136338
0.118222
0.077442
0.025595
-0.019797
-0.050695
-0.068023
-0.077442
-0.087193
-0.101356
-0.120726
-0.135286
-0.135548
-0.126983
-0.117036
-0.109261
-0.104583
-0.099839
-0.090550
-0.077966
-0.064921
-0.048714
-0.041334
-0.043706
-0.045023
-0.040213
-0.026839
-0.006482
0.016116
0.035552
0.052088
0.071063
0.087666
0.090961
0.080685
0.061580
0.034965
0.007361
-0.018267
-0.040994
-0.065107
-0.093369
-0.124531
-0.151741
-0.169660
-0.175852
-0.170252
-0.157669
-0.141263
-0.123475
-0.107202
-0.096462
-0.094684
-0.101403
-0.115567
-0.135396
-0.156412
-0.170510
-0.176967
-0.182567
-0.187770
-0.183685
-0.163526
-0.131441
-0.101003
-0.080119
-0.065295
-0.052316
-0.041643
-0.030245
-0.016541
-0.006131
-0.008766
-0.022863
-0.036896
-0.048425
-0.060150
-0.069176
-0.073458
-0.068846
-0.045589
-0.008301
0.023389
0.030901
0.015222
-0.008034
-0.023582
-0.022132
-0.014160
-0.019100
-0.039390
-0.060801
-0.068312
-0.057573
-0.028849
0.001457
0.022079
0.033476
0.040328
0.048367
0.063784
0.089675
0.117544
0.132764
0.129273
0.112869
0.090537
0.070575
0.062867
0.067480
0.072224
0.069128
0.059641
0.044226
0.026175
0.014054
0.008915
0.002130
-0.007752
-0.013483
-0.017699
-0.028767
-0.042338
-0.044907
-0.032521
-0.012954
0.006021
0.020844
0.026116
0.015906
-0.004451
-0.027179
-0.052740
-0.083506
-0.115722
-0.132983
-0.134103
-0.129030
-0.120005
-0.105774
-0.084428
-0.059195
-0.033171
-0.013868
-0.003260
0.002669
0.004647
0.002935
0.005307
0.014465
0.020724
0.020922
0.023821
0.031925
0.039898
0.045629
0.054920
0.073630
0.097018
0.120143
0.142610
0.160530
0.168634
0.168043
0.167713
0.177728
0.196176
0.212976
0.222003
0.223849
0.214496
0.187025
0.142094
0.087941
0.032073
-0.019511
-0.056076
-0.068329
-0.062334
-0.047379
-0.027680
-0.007454
0.005196
0.005658
-0.001127
-0.006332
-0.004618
0.003750
0.011260
0.007111
-0.015024
-0.048886
-0.077017
-0.087163
-0.083275
-0.078005
-0.073261
-0.060019
-0.038146
-0.016800
-0.006653
-0.013570
-0.033729
-0.055865
-0.065153
-0.051714
-0.019102
0.017265
0.043816
0.061407
0.077153
0.093691
0.102914
0.097447
0.086446
0.085062
0.101006
0.130126
0.151407
0.137375
0.085461
0.023072
-0.024560
-0.047815
-0.045838
-0.032398
-0.034308
-0.056971
-0.078250
-0.091688
-0.095246
-0.082926
-0.059801
-0.036083
-0.012036
0.015634
0.047390
0.081319
0.113338
0.132247
0.124869
0.094695
0.061097
0.039291
0.045682
0.087977
0.143253
0.175997
0.166643
0.130936
0.101225
0.088246
0.086534
0.091014
0.099777
0.105575
0.094310
0.063347
0.025664
-0.003192
-0.013732
-0.002927
0.018880
0.034560
0.035417
0.023164
0.005047
-0.007866
-0.008392
0.000304
0.012692
0.023891
0.031140
0.035685
0.042801
0.055582
0.074623
0.102688
0.134049
0.156317
0.166924
0.174568
0.183200
0.190514
0.193609
0.195521
0.196906
0.185839
0.151449
0.101907
0.059546
0.043010
0.053354
0.079179
0.112121
0.132941
0.113901
0.073189
0.053292
0.056257
0.060606
0.060410
0.049802
0.018642
-0.025037
-0.053958
-0.053826
-0.030637
0.003622
0.036960
0.060282
0.068123
0.058439
0.038872
0.025829
0.028136
0.041839
0.058376
0.073925
0.088485
0.093821
0.088948
0.087894
0.101136
0.122614
0.136121
0.129666
0.107003
0.083814
0.071099
0.072089
0.087967
0.115769
0.144097
0.158658
0.150687
0.125851
0.100817
0.088695
0.089947
0.101609
0.121308
0.137911
0.135869
0.108793
0.068343
0.033756
0.010830
-0.008539
-0.025140
-0.034627
-0.043718
-0.056762
-0.066577
-0.066446
-0.059989
-0.047867
-0.021184
0.024406
0.078890
0.126590
0.156830
0.170205
0.174555
0.173237
0.159270
0.139309
0.131668
0.138257
0.145043
0.140433
0.123437
0.098073
0.067570
0.035091
0.005182
-0.022750
-0.055164
-0.093374
-0.130267
-0.157937
-0.175461
-0.181654
-0.175460
-0.156552
-0.126511
-0.090605
-0.059508
-0.041324
-0.031968
-0.025446
-0.021558
-0.019449
-0.009303
0.015469
0.046104
0.071931
0.087216
0.091565
0.093740
0.101844
0.108828
0.102504
0.084981
0.072398
0.071213
0.070357
0.056128
0.031422
0.008431
-0.006195
-0.014231
-0.019171
-0.021411
-0.018314
-0.009881
0.000529
0.008106
0.009227
0.002639
-0.006320
-0.007308
0.007648
0.030838
0.041249
0.029654
0.013317
0.010089
0.016546
0.018260
0.012002
0.006468
0.004492
-0.002556
-0.015403
-0.018038
0.002452
0.041191
0.083948
0.114321
0.114059
0.076639
0.017018
-0.036543
-0.065268
-0.060392
-0.034896
-0.004458
0.020314
0.030197
0.025059
0.007997
-0.012624
-0.025404
-0.036998
-0.053863
-0.067105
-0.066577
-0.041674
0.004048
0.049902
0.075333
0.077442
0.069867
0.057415
0.035215
0.009126
-0.009517
-0.020452
-0.035868
-0.064196
-0.102868
-0.135478
-0.152081
-0.153135
-0.145887
-0.139957
-0.139231
-0.136727
-0.122629
-0.094694
-0.059448
-0.034215
-0.026967
-0.035332
-0.048113
-0.056348
-0.054898
-0.037174
-0.004036
0.026600
0.030950
-0.003308
-0.060756
-0.117743
-0.154965
-0.166033
-0.155228
-0.133487
-0.107925
-0.077816
-0.050870
-0.030973
-0.024253
-0.027744
-0.029786
-0.024910
-0.012128
0.011129
0.038075
0.054084
0.052175
0.036299
0.011594
-0.019436
-0.044865
-0.051189
-0.038672
-0.017984
-0.005532
-0.009418
-0.021408
-0.027468
-0.020616
-0.005265
0.001654
-0.015013
-0.048679
-0.080432
-0.090578
-0.079509
-0.048084
-0.011124
0.021158
0.035588
0.022808
-0.004071
-0.016721
0.002583
0.048371
0.095279
0.119260
0.113728
0.091329
0.070973
0.062014
0.067812
0.085600
0.103982
0.109055
0.099306
0.092125
0.097330
0.110047
0.119403
0.112420
0.080140
0.029873
-0.016968
-0.044440
-0.051160
-0.054651
-0.059065
-0.032579
0.001877
0.002800
-0.028427
-0.064133
-0.090091
-0.107681
-0.110381
-0.100499
-0.087585
-0.079613
-0.072893
-0.057081
-0.030333
-0.004375
0.012359
0.022045
0.042139
0.082129
0.128116
0.158751
0.166065
0.155855
0.138266
0.118634
0.099134
0.083586
0.074891
0.071334
0.067447
0.054470
0.028645
-0.008116
-0.054496
-0.101402
-0.134606
-0.143104
-0.126568
-0.095407
-0.061543
-0.029788
-0.000272
0.023973
0.034581
0.032210
0.024371
0.013633
-0.001387
-0.021217
-0.040915
-0.047173
-0.032613
-0.006458
0.011200
0.005733
-0.017457
-0.036562
-0.034784
-0.014887
0.014234
0.050007
0.081895
0.088748
0.064768
0.034925
0.024780
0.032489
0.035915
0.013714
-0.032600
-0.078122
-0.103224
-0.106321
-0.094328
-0.081021
-0.076869
-0.082007
-0.092547
-0.100387
-0.094260
-0.069424
-0.031079
0.007989
0.045213
0.072225
0.081778
0.077101
0.076049
0.084351
0.093179
0.098912
0.100888
0.098979
0.092062
0.072627
0.045288
0.027962
0.027303
0.033694
0.040546
0.059520
0.095031
0.130014
0.152614
0.162958
0.160784
0.143063
0.119873
0.109993
0.115066
0.119744
0.108940
0.077912
0.036144
0.000964
-0.013925
-0.009576
-0.000682
-0.001405
-0.012869
-0.030458
-0.045149
-0.047257
-0.037968
-0.028348
-0.029138
-0.045475
-0.072288
-0.095412
-0.107995
-0.113264
-0.118733
-0.127362
-0.134214
-0.125518
-0.094158
-0.047119
-0.005085
0.015339
0.008883
-0.011407
-0.024978
-0.024714
-0.023330
-0.032156
-0.043751
-0.048033
-0.041642
-0.025896
-0.006263
0.001578
-0.013640
-0.048161
-0.086042
-0.110417
-0.122143
-0.125569
-0.122604
-0.116740
-0.109756
-0.094339
-0.061398
-0.015544
0.022865
0.034658
0.016410
-0.011259
-0.023513
-0.010204
0.021354
0.053834
0.064837
0.043097
0.013187
0.008181
0.033085
0.075381
0.121432
0.155561
0.155891
0.114584
0.060563
0.024263
0.012141
0.015567
0.023935
0.029667
0.025649
0.010497
-0.014406
-0.042799
-0.068492
-0.091682
-0.105056
-0.104462
-0.094381
-0.087003
-0.089769
-0.104064
-0.124223
-0.141945
-0.155911
-0.167243
-0.173567
-0.171655
-0.158018
-0.131797
-0.092070
-0.041143
0.007345
0.041143
0.059328
0.075272
0.089569
0.092139
0.076856
0.047541
0.011702
-0.024467
-0.058461
-0.096144
-0.126054
-0.142721
-0.153064
-0.167096
-0.182446
-0.193052
-0.198718
-0.196872
-0.191141
-0.190085
-0.190152
-0.182114
-0.167816
-0.153388
-0.133491
-0.106216
-0.087505
-0.084934
-0.089875
-0.092180
-0.092839
-0.090664
-0.080123
-0.062268
-0.041646
-0.023265
-0.010154
-0.003039
-0.005277
-0.017399
-0.038809
-0.064962
-0.088943
-0.110353
-0.131897
-0.152978
-0.169975
-0.189607
-0.214378
-0.237634
-0.252324
-0.256672
-0.248174
-0.227553
-0.201595
-0.179393
-0.166610
-0.159297
-0.148427
-0.128991
-0.102308
-0.073189
-0.054543
-0.051512
-0.065939
-0.091105
-0.111462
-0.120949
-0.112846
-0.086822
-0.050454
-0.020873
0.000935
0.023269
0.051796
0.080257
0.095939
0.096598
0.083488
0.057598
0.029336
0.013722
0.016885
0.027163
0.027888
0.012276
-0.016316
-0.048861
-0.077386
-0.090431
-0.091813
-0.086543
-0.076594
-0.067634
-0.068556
-0.076000
-0.079096
-0.073628
-0.062295
-0.045759
-0.028431
-0.015188
-0.007677
-0.005371
-0.007741
-0.011892
-0.012814
-0.005632
0.010443
0.028693
0.040025
0.045824
0.052017
0.062427
0.078899
0.096687
0.105054
0.097743
0.077057
0.049717
0.027714
0.019084
0.016976
0.009466
-0.007465
-0.027756
-0.043896
-0.048903
-0.042117
-0.030587
-0.021561
-0.021033
-0.030520
-0.040929
-0.037370
-0.018330
0.003411
0.018367
0.021728
0.011188
-0.008049
-0.021620
-0.017799
0.003020
0.033128
0.059679
0.071868
0.066796
0.051380
0.036887
0.027665
0.023976
0.024898
0.029379
0.028128
0.016995
0.002106
-0.012255
-0.025694
-0.034654
-0.036234
-0.040385
-0.064759
-0.084590
-0.088411
-0.073983
-0.035640
0.013442
0.054619
0.073922
0.073331
0.070499
0.069445
0.071553
0.080712
0.095338
0.110886
0.126962
0.141918
0.145345
0.130984
0.111549
0.098637
0.096464
0.110102
0.131777
0.145810
0.144890
0.131252
0.115969
0.101212
0.085007
0.072357
0.065375
0.066561
0.076773
0.090148
0.098582
0.090017
0.059713
0.020909
-0.009395
-0.028369
-0.040688
-0.047408
-0.054720
-0.068357
-0.084234
-0.087858
-0.069476
-0.038775
-0.008601
0.009649
0.007673
-0.014792
-0.041275
-0.051882
-0.042460
-0.019402
0.008400
0.032514
0.049709
0.063743
0.077776
0.088779
0.093326
0.094775
0.094842
0.093789
0.092077
0.085884
0.072907
0.057557
0.045896
0.041219
0.043723
0.047809
0.047282
0.038323
0.020206
-0.001996
-0.023537
-0.040535
-0.049100
-0.051734
-0.052722
-0.052589
-0.052063
-0.050547
-0.039281
-0.011083
0.029632
0.076144
0.119957
0.144663
0.144070
0.129710
0.112977
0.095717
0.078258
0.059022
0.034648
0.007767
-0.016871
-0.035450
-0.045463
-0.050733
-0.059165
-0.073725
-0.091314
-0.105676
-0.116348
-0.113844
-0.095727
-0.074842
-0.066409
-0.064959
-0.064168
-0.066802
-0.076881
-0.088213
-0.089069
-0.082942
-0.078922
-0.076616
-0.070028
-0.058235
-0.046375
-0.038995
-0.037677
-0.044331
-0.054147
-0.055531
-0.042750
-0.021534
-0.002626
0.011539
0.021224
0.018524
0.008181
0.004295
0.008050
0.012597
0.016419
0.022216
0.025577
0.017738
-0.004595
-0.035361
-0.061318
-0.071067
-0.059803
-0.032131
-0.003605
0.013064
0.013658
-0.000309
-0.019480
-0.030218
-0.026792
-0.015592
-0.003140
0.013397
0.035600
0.059450
0.080202
0.093380
0.097926
0.097334
0.095555
0.091274
0.082050
0.071840
0.064988
0.060311
0.056360
0.052144
0.046083
0.038771
0.034752
0.038573
0.051553
0.070461
0.088710
0.099121
0.101494
0.100110
0.097608
0.094446
0.090296
0.086211
0.085158
0.087070
0.086477
0.079692
0.066056
0.043985
0.017832
0.001624
0.003273
0.015197
0.022708
0.016450
-0.006871
-0.040009
-0.070380
-0.081448
-0.076572
-0.066954
-0.062209
-0.063593
-0.066623
-0.062933
-0.044684
-0.020571
-0.003112
0.004795
0.007299
0.006048
0.004993
0.012176
0.026736
0.038990
0.045579
0.045646
0.035566
0.019887
0.010006
0.009545
0.014487
0.020021
0.019033
0.003618
-0.021944
-0.043487
-0.049087
-0.038677
-0.023722
-0.012916
-0.006591
-0.004614
-0.006392
-0.005734
0.002107
0.014361
0.027143
0.036894
0.038278
0.026881
0.007776
-0.007772
-0.011394
-0.002962
0.012192
0.027015
0.035185
0.034000
0.026293
0.017399
0.012261
0.011866
0.013712
0.015359
0.017205
0.018786
0.018259
0.011211
-0.006906
-0.031414
-0.050256
-0.057107
-0.053021
-0.045774
-0.044456
-0.053481
-0.070478
-0.087278
-0.101376
-0.111850
-0.120348
-0.129901
-0.138333
-0.141101
-0.137015
-0.126738
-0.111520
-0.093468
-0.073374
-0.053016
-0.040959
-0.038652
-0.040826
-0.039047
-0.031142
-0.019281
-0.007818
-0.003930
-0.009530
-0.016513
-0.013745
0.000552
0.021765
0.043902
0.060768
0.068674
0.070981
0.075462
0.085739
0.097731
0.107877
0.113872
0.112489
0.100236
0.079418
0.057809
0.040747
0.030734
0.027505
0.024673
0.015846
0.000759
-0.014393
-0.022232
-0.018872
-0.006882
0.004516
0.005439
-0.006090
-0.023746
-0.037514
-0.037844
-0.024864
-0.007537
0.005640
0.010647
0.009199
0.004851
-0.001408
-0.008390
-0.017614
-0.032699
-0.055691
-0.078552
-0.094034
-0.096471
-0.090015
-0.084480
-0.085204
-0.088433
-0.084809
-0.070182
-0.050221
-0.032168
-0.023999
-0.024592
-0.026567
-0.024986
-0.022812
-0.023535
-0.023601
-0.018396
-0.008646
0.001171
0.009473
0.016983
0.021530
0.021860
0.020476
0.025286
0.029767
0.030229
0.030954
0.031217
0.035105
0.043539
0.055924
0.068903
0.083002
0.092028
0.089130
0.074110
0.052370
0.032210
0.021076
0.023054
0.034780
0.047497
0.054283
0.050264
0.034585
0.015348
0.003424
-0.002900
-0.006589
-0.005272
0.002503
0.011200
0.015285
0.012848
0.007051
-0.001645
-0.016863
-0.038406
-0.061267
-0.073191
-0.074904
-0.069370
-0.057642
-0.039853
-0.023646
-0.013039
-0.010008
-0.014422
-0.022986
-0.029771
-0.032868
-0.037808
-0.042815
-0.033987
-0.019295
-0.013102
-0.009215
-0.003746
-0.004075
-0.010070
-0.008291
0.005413
0.022476
0.034798
0.036313
0.023005
-0.002490
-0.026339
-0.034245
-0.021332
0.005680
0.031703
0.044221
0.040927
0.031441
0.028213
0.037239
0.053446
0.068138
0.077560
0.084148
0.091659
0.102398
0.116300
0.128225
0.131190
0.125919
0.120255
0.119464
0.121046
0.118608
0.109452
0.097462
0.087580
0.082704
0.083760
0.086329
0.081455
0.067686
0.050623
0.033164
0.020779
0.016893
0.016894
0.014588
0.004772
-0.012225
-0.030605
-0.043913
-0.049184
-0.047076
-0.039367
-0.029748
-0.024214
-0.027507
-0.037126
-0.043648
-0.040881
-0.028232
-0.008006
0.012088
0.021642
0.017097
0.006688
0.001878
0.010970
0.035412
0.068155
0.094575
0.103864
0.096684
0.083443
0.072638
0.065721
0.061703
0.059068
0.056038
0.050043
0.040490
0.030148
0.022835
0.020200
0.020398
0.017170
0.005708
-0.010170
-0.021765
-0.023939
-0.016758
-0.001275
0.013944
0.021587
0.026660
0.028966
0.028636
0.026661
0.022313
0.013222
0.003340
-0.003248
-0.005883
-0.006344
-0.006344
-0.010691
-0.017872
-0.023537
-0.029927
-0.036581
-0.037965
-0.036054
-0.039676
-0.049624
-0.057332
-0.060626
-0.062141
-0.063525
-0.060362
-0.052983
-0.044484
-0.036579
-0.030517
-0.027486
-0.027157
-0.029726
-0.033876
-0.038553
-0.042176
-0.042241
-0.035851
-0.023728
-0.009629
0.001834
0.007105
0.006380
0.002758
-0.001392
-0.007322
-0.016215
-0.024977
-0.027875
-0.027480
-0.028666
-0.031959
-0.033211
-0.035319
-0.045925
-0.058310
-0.062725
-0.061078
-0.061208
-0.061603
-0.059232
-0.058046
-0.059956
-0.062328
-0.060351
-0.052512
-0.039729
-0.024708
-0.010808
-0.000332
0.009880
0.020224
0.028723
0.034257
0.037617
0.037355
0.031294
0.020885
0.009422
-0.001449
-0.010804
-0.020751
-0.030897
-0.039329
-0.048091
-0.057314
-0.063111
-0.061464
-0.055732
-0.051582
-0.046970
-0.039130
-0.033266
-0.030434
-0.023713
-0.015017
-0.011393
-0.014357
-0.018837
-0.020550
-0.020813
-0.022459
-0.024304
-0.023842
-0.022524
-0.023710
-0.027398
-0.030429
-0.031812
-0.032867
-0.032602
-0.028188
-0.020349
-0.015011
-0.015867
-0.022917
-0.033720
-0.045777
-0.055725
-0.059612
-0.052431
-0.038794
-0.032337
-0.030755
-0.024496
-0.026275
-0.040834
-0.052033
-0.053088
-0.056184
-0.061915
-0.058489
-0.050385
-0.048475
-0.048672
-0.044719
-0.036814
-0.027854
-0.016258
-0.000315
0.015760
0.027026
0.033945
0.039676
0.044091
0.045211
0.042906
0.039217
0.034935
0.029532
0.026305
0.029203
0.037044
0.044488
0.046596
0.042447
0.035398
0.030260
0.027887
0.026505
0.023211
0.017414
0.011550
0.007927
0.007598
0.010101
0.012474
0.009377
0.002460
0.000484
0.005754
0.014978
0.025453
0.037246
0.047721
0.053782
0.056681
0.058131
0.059449
0.061162
0.062216
0.060636
0.056881
0.051610
0.044167
0.034877
0.025786
0.018736
0.015048
0.014521
0.015048
0.015311
0.015971
0.018145
0.022229
0.025523
0.024404
0.016959
0.005101
-0.002541
-0.001618
0.005101
0.012744
0.018476
0.018608
0.013206
0.006354
0.000623
-0.000497
0.004379
0.013009
0.019334
0.019598
0.012944
0.002075
-0.008269
-0.012749
-0.010838
-0.005765
-0.000824
0.001219
-0.001943
-0.011561
-0.024474
-0.036398
-0.043777
-0.045688
-0.043645
-0.042788
-0.044831
-0.048652
-0.051089
-0.048257
-0.040812
-0.033302
-0.027174
-0.023748
-0.023484
-0.026251
-0.029874
-0.031390
-0.029743
-0.026383
-0.020914
-0.014392
-0.009649
-0.009516
-0.012547
-0.015379
-0.016697
-0.017553
-0.020056
-0.025722
-0.031454
-0.034615
-0.034088
-0.029015
-0.021439
-0.015115
-0.011425
-0.009250
-0.008131
-0.007406
-0.006219
-0.004704
-0.002859
0.000435
0.005112
0.009329
0.010779
0.009658
0.007945
0.005706
0.003598
0.002676
0.002478
0.002412
0.002742
0.004323
0.006037
0.005840
0.003006
-0.001078
-0.006414
-0.012014
-0.013991
-0.008589
0.002348
0.014931
0.023430
0.024221
0.018951
0.015130
0.017831
0.025540
0.033774
0.039836
0.043261
0.043460
0.039770
0.034039
0.030284
0.030152
0.030680
0.029625
0.027122
0.024421
0.021918
0.019546
0.017964
0.017438
0.017569
0.018031
0.019085
0.022247
0.027716
0.031668
0.031471
0.028902
0.026662
0.024357
0.021129
0.017506
0.012367
0.004395
-0.004433
-0.007662
-0.001402
0.013685
0.031209
0.042607
0.043463
0.036941
0.032263
0.037600
0.053609
0.073111
0.086419
0.087340
0.078579
0.066852
0.058024
0.055389
0.058749
0.062768
0.060331
0.049460
0.032464
0.016454
0.008021
0.008681
0.014478
0.019089
0.017904
0.012041
0.007890
0.010130
0.017047
0.022845
0.024361
0.022450
0.022252
0.026864
0.034704
0.042742
0.049857
0.054139
0.054931
0.054535
0.054075
0.051900
0.047815
0.043731
0.041293
0.040569
0.040240
0.039845
0.037934
0.032993
0.024890
0.017643
0.016193
0.021003
0.027327
0.029172
0.023902
0.014151
0.007432
0.008881
0.014876
0.017906
0.015469
0.009606
0.003018
-0.002121
-0.003110
0.000976
0.007300
0.012702
0.015931
0.016128
0.012505
0.005983
0.000515
0.000120
0.005391
0.012307
0.015536
0.011649
-0.000407
-0.017338
-0.031305
-0.035127
-0.028538
-0.018854
-0.012464
-0.008577
-0.005151
-0.002449
-0.001659
-0.001000
0.002491
0.010200
0.018830
0.022585
0.020148
0.016524
0.016195
0.017382
0.014482
0.004139
-0.008510
-0.015889
-0.014373
-0.005612
0.004864
0.011122
0.010727
0.007697
0.009146
0.017711
0.028120
0.033655
0.031810
0.023245
0.011650
0.003349
0.002690
0.010991
0.024431
0.035960
0.038794
0.032601
0.023378
0.017382
0.016131
0.017250
0.017712
0.015735
0.010333
0.004139
0.001307
0.001571
0.000583
-0.002777
-0.004754
-0.003108
0.000648
0.003284
0.002757
-0.001064
-0.005413
-0.005874
0.000121
0.009278
0.015405
0.015142
0.009213
0.002031
-0.000274
0.006446
0.019557
0.031612
0.034577
0.024959
0.009278
-0.002382
-0.004293
0.004403
0.019226
0.029307
0.026804
0.013759
-0.003436
-0.018853
-0.025374
-0.020434
-0.009366
0.000516
0.005523
0.005260
0.000517
-0.006137
-0.012264
-0.015427
-0.014637
-0.012264
-0.012198
-0.016811
-0.024650
-0.031634
-0.033479
-0.028340
-0.020368
-0.016942
-0.022542
-0.034862
-0.046984
-0.053441
-0.051991
-0.044943
-0.037959
-0.034994
-0.035851
-0.038091
-0.039145
-0.037564
-0.033150
-0.027616
-0.024322
-0.025706
-0.029527
-0.031108
-0.027353
-0.018590
-0.004163
0.014745
0.032401
0.041493
0.038002
0.024496
0.008553
-0.002910
-0.006468
-0.003043
0.003743
0.008091
0.004665
-0.006007
-0.017866
-0.026562
-0.030383
-0.030845
-0.031306
-0.033414
-0.037103
-0.040661
-0.040728
-0.036050
-0.028473
-0.021886
-0.019712
-0.023862
-0.033942
-0.045405
-0.051467
-0.046723
-0.032493
-0.015825
-0.004954
-0.004098
-0.011938
-0.023467
-0.031835
-0.032559
-0.027619
-0.022019
-0.020107
-0.024193
-0.034733
-0.050808
-0.069716
-0.083090
-0.085133
-0.077096
-0.064512
-0.057529
-0.059703
-0.068531
-0.076964
-0.079995
-0.080588
-0.083948
-0.091195
-0.098245
-0.098179
-0.088429
-0.072815
-0.057794
-0.052589
-0.059507
-0.072420
-0.082565
-0.087836
-0.087375
-0.081512
-0.072882
-0.062671
-0.051603
-0.044882
-0.046003
-0.052525
-0.061419
-0.069984
-0.075253
-0.074858
-0.070181
-0.064120
-0.059113
-0.058126
-0.064450
-0.073739
-0.079076
-0.079340
-0.075716
-0.070512
-0.066559
-0.066889
-0.069853
-0.071303
-0.069392
-0.064057
-0.057996
-0.053714
-0.051473
-0.050288
-0.048970
-0.047456
-0.045017
-0.041395
-0.037837
-0.035466
-0.032566
-0.027033
-0.018139
-0.007664
0.000834
0.002679
-0.002987
-0.011881
-0.018139
-0.018733
-0.013331
-0.006742
-0.002921
-0.002328
-0.003515
-0.006083
-0.009970
-0.013660
-0.014319
-0.010432
-0.004437
-0.000287
-0.000814
-0.005887
-0.012014
-0.014781
-0.013002
-0.010631
-0.011553
-0.016165
-0.022490
-0.027827
-0.030067
-0.029540
-0.028024
-0.027827
-0.029935
-0.032505
-0.032110
-0.028289
-0.022952
-0.016760
-0.009645
-0.003453
-0.001080
-0.004046
-0.010501
-0.015640
-0.016234
-0.013401
-0.010239
-0.010503
-0.014258
-0.019792
-0.024404
-0.023811
-0.017158
-0.007605
-0.001280
-0.000293
-0.000622
0.002211
0.008798
0.017758
0.027311
0.034096
0.034624
0.029023
0.020459
0.015320
0.019008
0.031855
0.047008
0.057153
0.058866
0.051421
0.039629
0.030471
0.027309
0.028956
0.033238
0.038507
0.041802
0.039760
0.032776
0.023947
0.016569
0.012748
0.015448
0.023881
0.034290
0.042986
0.048652
0.050628
0.048719
0.042854
0.034949
0.029941
0.030863
0.036661
0.044830
0.051351
0.052406
0.046147
0.036330
0.028030
0.023944
0.025262
0.030334
0.035868
0.037845
0.035077
0.028424
0.021703
0.019068
0.021900
0.029674
0.040214
0.047329
0.047857
0.043903
0.040280
0.042125
0.049437
0.055827
0.056025
0.050491
0.042783
0.036787
0.032768
0.030067
0.029275
0.030330
0.032833
0.035402
0.036983
0.038103
0.039618
0.039355
0.037641
0.037509
0.039025
0.038564
0.036586
0.036718
0.039748
0.043898
0.048905
0.055229
0.061422
0.066956
0.072622
0.077101
0.078683
0.078156
0.076640
0.073609
0.070711
0.070514
0.072424
0.073477
0.072489
0.069985
0.067086
0.063725
0.060036
0.055490
0.049297
0.043104
0.039743
0.039085
0.039743
0.041126
0.042115
0.040731
0.038161
0.036053
0.034735
0.034536
0.035129
0.035986
0.039740
0.047581
0.056540
0.063588
0.068859
0.070506
0.066751
0.058318
0.047776
0.036972
0.026958
0.019381
0.015823
0.015560
0.015823
0.016152
0.017732
0.021883
0.027680
0.033214
0.036771
0.036639
0.032028
0.025308
0.020695
0.019311
0.021683
0.027349
0.034331
0.039339
0.039602
0.035451
0.031366
0.029587
0.028401
0.026622
0.024250
0.021087
0.017793
0.014697
0.011732
0.007778
0.003957
0.002310
0.003890
0.010874
0.020624
0.027146
0.028331
0.024312
0.016934
0.010542
0.010608
0.018448
0.030043
0.040056
0.044668
0.042889
0.037750
0.033599
0.031886
0.030898
0.030041
0.030436
0.033136
0.036562
0.038011
0.036364
0.031356
0.023583
0.015281
0.007968
0.001710
-0.003891
-0.009425
-0.013577
-0.014630
-0.011929
-0.006989
-0.002378
0.000456
0.001838
0.001509
-0.000468
-0.001654
0.001245
0.006053
0.009149
0.007041
-0.001853
-0.015161
-0.025834
-0.029194
-0.025835
-0.020038
-0.015953
-0.015558
-0.018524
-0.021950
-0.023333
-0.022016
-0.018986
-0.015561
-0.015166
-0.020239
-0.028540
-0.035919
-0.040399
-0.040861
-0.037567
-0.031638
-0.025512
-0.019977
-0.014774
-0.010491
-0.007856
-0.006737
-0.004497
-0.000676
0.002157
0.001102
-0.005222
-0.015368
-0.024658
-0.027491
-0.022682
-0.014514
-0.008584
-0.008124
-0.012143
-0.017875
-0.022025
-0.022421
-0.017942
-0.010629
-0.004634
-0.002394
-0.004306
-0.010432
-0.020184
-0.030395
-0.037775
-0.041727
-0.043836
-0.045351
-0.045879
-0.045352
-0.043046
-0.038962
-0.034087
-0.030333
-0.027566
-0.024733
-0.019859
-0.012217
-0.003850
0.002672
0.005768
0.005504
0.003396
0.001419
0.002473
0.006689
0.012090
0.015582
0.014067
0.006425
-0.006488
-0.020258
-0.028889
-0.028626
-0.020919
-0.010246
-0.002340
-0.002143
-0.009852
-0.020591
-0.029221
-0.033438
-0.035876
-0.039170
-0.044441
-0.051622
-0.059200
-0.064141
-0.062428
-0.054787
-0.046485
-0.042797
-0.044971
-0.049978
-0.053338
-0.051626
-0.046487
-0.042338
-0.041481
-0.042141
-0.041416
-0.037727
-0.032194
-0.026726
-0.022641
-0.021259
-0.023696
-0.030350
-0.039706
-0.048073
-0.051895
-0.049787
-0.042541
-0.032131
-0.022447
-0.019088
-0.023766
-0.032990
-0.040368
-0.042807
-0.042807
-0.044191
-0.047419
-0.051504
-0.055589
-0.059477
-0.064155
-0.069294
-0.071667
-0.068637
-0.059216
-0.045447
-0.029899
-0.015933
-0.006775
-0.002888
-0.001440
-0.001374
-0.002231
-0.004273
-0.005789
-0.005130
-0.002627
-0.000849
-0.004012
-0.013367
-0.026807
-0.037942
-0.042026
-0.039722
-0.035703
-0.031553
-0.025953
-0.018312
-0.010802
-0.006717
-0.006520
-0.008234
-0.010012
-0.010671
-0.010606
-0.010935
-0.011529
-0.012254
-0.013110
-0.014627
-0.015616
-0.015418
-0.013244
-0.009951
-0.007119
-0.005998
-0.005011
-0.001717
0.001511
0.001181
-0.003233
-0.005474
-0.001060
0.006846
0.011259
0.008821
0.001969
-0.004092
-0.006465
-0.006267
-0.004687
-0.002249
0.000583
0.003020
0.003613
0.002558
0.001635
0.002953
0.006049
0.009671
0.012571
0.013624
0.012175
0.010791
0.011581
0.014347
0.016059
0.015993
0.015071
0.014082
0.013950
0.015267
0.016782
0.016913
0.015858
0.015661
0.017702
0.021523
0.025673
0.028374
0.027847
0.025475
0.024684
0.026989
0.030085
0.031204
0.029952
0.027712
0.026065
0.026921
0.031335
0.036868
0.040491
0.041084
0.039832
0.038251
0.036207
0.031529
0.024348
0.018154
0.015915
0.015848
0.015058
0.012685
0.009983
0.007084
0.004646
0.003856
0.003789
0.002339
0.000230
0.000691
0.004512
0.009584
0.014921
0.020651
0.026909
0.032773
0.037055
0.037976
0.034485
0.028554
0.024009
0.023415
0.025589
0.028883
0.030397
0.028618
0.024402
0.020843
0.021699
0.027167
0.034479
0.040277
0.041791
0.039222
0.037179
0.040736
0.049169
0.056612
0.057930
0.050946
0.037045
0.021101
0.010691
0.010098
0.017015
0.025447
0.031047
0.033616
0.033616
0.031243
0.026960
0.023337
0.023270
0.027749
0.034404
0.039607
0.040266
0.035193
0.028341
0.024058
0.024255
0.027153
0.030578
0.033213
0.034531
0.033871
0.030709
0.025833
0.019771
0.013645
0.008570
0.005539
0.004881
0.007251
0.012720
0.019110
0.022600
0.021151
0.015024
0.007513
0.003230
0.007643
0.021544
0.038278
0.048686
0.048555
0.040055
0.029382
0.021607
0.017127
0.014755
0.012383
0.009154
0.004410
-0.000860
-0.003167
-0.000532
0.005792
0.010469
0.009349
0.001904
-0.007650
-0.013843
-0.013119
-0.006531
0.000913
0.003614
-0.000603
-0.009037
-0.016745
-0.018986
-0.013913
-0.004427
0.003413
0.004862
-0.000343
-0.008908
-0.015892
-0.017804
-0.013719
-0.006539
-0.000807
-0.000743
-0.006474
-0.012734
-0.013591
-0.008584
-0.000745
0.005843
0.008808
0.007028
0.001362
-0.005952
-0.011815
-0.013858
-0.012080
-0.007996
-0.003978
-0.002594
-0.003781
-0.005099
-0.004309
-0.001806
0.000961
0.003332
0.006296
0.009656
0.010776
0.008140
0.002276
-0.004774
-0.010177
-0.011099
-0.007477
-0.004776
-0.006423
-0.009849
-0.011562
-0.011366
-0.010313
-0.010115
-0.012948
-0.018747
-0.023424
-0.023096
-0.018551
-0.014400
-0.014665
-0.016970
-0.016114
-0.010450
-0.001886
0.006481
0.011093
0.009313
0.002132
-0.005049
-0.008080
-0.007224
-0.006237
-0.008280
-0.013419
-0.020534
-0.028441
-0.035622
-0.041618
-0.046823
-0.051238
-0.053545
-0.054533
-0.054467
-0.054337
-0.054271
-0.054470
-0.054140
-0.052889
-0.049332
-0.043140
-0.034840
-0.025221
-0.016657
-0.011849
-0.012375
-0.015340
-0.016989
-0.016659
-0.016264
-0.016990
-0.018044
-0.020152
-0.023579
-0.028258
-0.033001
-0.037086
-0.039195
-0.036889
-0.030961
-0.023451
-0.017655
-0.015086
-0.016140
-0.019435
-0.022597
-0.024639
-0.025299
-0.024971
-0.024114
-0.024378
-0.027672
-0.033537
-0.039005
-0.041904
-0.042827
-0.043158
-0.043685
-0.043224
-0.040853
-0.038416
-0.039339
-0.044807
-0.052845
-0.057985
-0.056667
-0.050739
-0.043954
-0.038683
-0.035390
-0.035786
-0.039739
-0.044549
-0.046460
-0.044221
-0.036843
-0.023864
-0.008317
0.001762
-0.000149
-0.013259
-0.031114
-0.046728
-0.056348
-0.058324
-0.052857
-0.043304
-0.034345
-0.029998
-0.031712
-0.037641
-0.044559
-0.049171
-0.049106
-0.044100
-0.035140
-0.025127
-0.017551
-0.015970
-0.020187
-0.026380
-0.029741
-0.027765
-0.020189
-0.009649
-0.000492
0.003856
0.002999
-0.001152
-0.005566
-0.008927
-0.011497
-0.013606
-0.016637
-0.020721
-0.023225
-0.023358
-0.023687
-0.027773
-0.036140
-0.045694
-0.052019
-0.052350
-0.046816
-0.037593
-0.027448
-0.018687
-0.013350
-0.013878
-0.020466
-0.029163
-0.035423
-0.036082
-0.031208
-0.021655
-0.010258
-0.001430
0.001468
-0.000905
-0.005451
-0.009601
-0.011842
-0.011909
-0.009867
-0.005914
-0.000644
0.005218
0.011806
0.018130
0.022477
0.024388
0.025507
0.026824
0.027548
0.027153
0.026230
0.024121
0.019641
0.012986
0.005937
0.001193
0.000928
0.005144
0.011534
0.016277
0.015552
0.008963
-0.000260
-0.008957
-0.013899
-0.013373
-0.007773
0.000989
0.010014
0.016799
0.020422
0.021542
0.022068
0.023517
0.026020
0.028061
0.028324
0.026546
0.022789
0.018111
0.013829
0.010402
0.008426
0.008030
0.008556
0.008160
0.006249
0.002757
-0.001064
-0.004294
-0.005546
-0.004427
-0.001528
0.001765
0.004993
0.009274
0.014874
0.020210
0.023438
0.023569
0.020867
0.017112
0.014081
0.011577
0.009072
0.006371
0.003735
0.002417
0.004129
0.009135
0.016250
0.022772
0.026724
0.028832
0.031401
0.035155
0.039108
0.042072
0.043719
0.043784
0.043059
0.041148
0.037656
0.033965
0.030605
0.027574
0.025597
0.025201
0.025727
0.027243
0.030800
0.035740
0.040351
0.043052
0.044961
0.047991
0.052668
0.056950
0.058992
0.058991
0.057937
0.056092
0.053456
0.049767
0.044759
0.039751
0.036786
0.037181
0.041001
0.046337
0.050948
0.054110
0.057140
0.060170
0.063463
0.066164
0.068008
0.070247
0.072750
0.073409
0.071366
0.067743
0.064184
0.061812
0.060955
0.060428
0.058121
0.052191
0.042638
0.031767
0.023267
0.019512
0.020961
0.025506
0.030315
0.034596
0.038944
0.043489
0.046915
0.048824
0.049944
0.050010
0.048230
0.044079
0.038478
0.032944
0.029056
0.027804
0.029055
0.031888
0.034983
0.037091
0.039068
0.041043
0.042426
0.041701
0.038011
0.032214
0.026744
0.023779
0.024569
0.027797
0.031222
0.032605
0.031617
0.028454
0.024632
0.022193
0.022259
0.024169
0.025816
0.027199
0.028318
0.029503
0.029832
0.028975
0.027327
0.025746
0.024757
0.024625
0.023768
0.020869
0.016257
0.011513
0.007822
0.006373
0.007097
0.008546
0.009533
0.008347
0.004987
0.000440
-0.003974
-0.007467
-0.010301
-0.012475
-0.014386
-0.016627
-0.019263
-0.021569
-0.023678
-0.027038
-0.031453
-0.035341
-0.036395
-0.033826
-0.027568
-0.020058
-0.015381
-0.015711
-0.019862
-0.024277
-0.025397
-0.021709
-0.015055
-0.009982
-0.009060
-0.013014
-0.020064
-0.026060
-0.027707
-0.023426
-0.016245
-0.010844
-0.009593
-0.012360
-0.018158
-0.023099
-0.023956
-0.020795
-0.016843
-0.015459
-0.016184
-0.016910
-0.015988
-0.013749
-0.011444
-0.010522
-0.011708
-0.013158
-0.013554
-0.013291
-0.012303
-0.010130
-0.006177
-0.000842
0.003835
0.005219
0.003373
0.001066
0.000474
0.001000
0.000868
-0.001900
-0.006775
-0.012574
-0.018240
-0.022852
-0.025619
-0.025752
-0.023249
-0.018770
-0.014752
-0.014884
-0.021143
-0.030763
-0.038207
-0.040251
-0.037813
-0.033992
-0.031820
-0.033730
-0.039002
-0.043943
-0.044800
-0.039531
-0.029715
-0.019109
-0.010215
-0.004089
-0.000136
0.002104
0.003091
0.002169
-0.000138
-0.002313
-0.002577
-0.000733
0.001836
0.002297
-0.001723
-0.009826
-0.018853
-0.025310
-0.026891
-0.023071
-0.015758
-0.008775
-0.005746
-0.007788
-0.013652
-0.020965
-0.027884
-0.032100
-0.031706
-0.027358
-0.022286
-0.018664
-0.017478
-0.018137
-0.019784
-0.022420
-0.025452
-0.026968
-0.026309
-0.024466
-0.022160
-0.020580
-0.021503
-0.025060
-0.029278
-0.032572
-0.032704
-0.029872
-0.025393
-0.020979
-0.018608
-0.019926
-0.025196
-0.032049
-0.036991
-0.038177
-0.036201
-0.032973
-0.030404
-0.029219
-0.029089
-0.029748
-0.031395
-0.034097
-0.036799
-0.036997
-0.032913
-0.025469
-0.017696
-0.013743
-0.015589
-0.021123
-0.024878
-0.022178
-0.013482
-0.002217
0.007336
0.010497
0.005226
-0.005183
-0.014276
-0.017768
-0.016319
-0.011972
-0.007163
-0.003605
-0.002157
-0.002224
-0.002883
-0.004003
-0.005716
-0.008089
-0.010000
-0.009935
-0.006773
-0.001899
0.002054
0.002581
0.000472
-0.002163
-0.003219
-0.003943
-0.004076
-0.003944
-0.003682
-0.004671
-0.007042
-0.009414
-0.011458
-0.013434
-0.013435
-0.010076
-0.004608
-0.000260
0.000793
-0.001382
-0.005665
-0.011396
-0.016734
-0.019699
-0.018711
-0.014429
-0.009818
-0.007644
-0.008896
-0.011664
-0.012455
-0.009162
-0.002640
0.003882
0.006648
0.005133
0.002497
0.002892
0.006317
0.010664
0.012970
0.012969
0.011914
0.012573
0.015537
0.019028
0.020675
0.019489
0.017248
0.017314
0.021331
0.026601
0.029632
0.029433
0.026402
0.021856
0.017638
0.014674
0.012894
0.011708
0.011246
0.011905
0.012826
0.013222
0.012760
0.010519
0.007554
0.004391
0.002480
0.003402
0.008409
0.015457
0.020529
0.020595
0.016114
0.010975
0.010052
0.014532
0.020460
0.023688
0.021974
0.016045
0.009917
0.006360
0.005766
0.006754
0.008136
0.008597
0.007872
0.006752
0.006883
0.009122
0.013601
0.018542
0.021243
0.020518
0.017487
0.015246
0.016037
0.019725
0.022690
0.021042
0.013795
0.004307
-0.003401
-0.007223
-0.007355
-0.004786
-0.001493
0.000879
0.001404
0.001931
0.003907
0.007662
0.012141
0.015633
0.016225
0.013062
0.007133
0.002125
0.001005
0.004101
0.009370
0.012862
0.011609
0.006799
0.002649
0.002055
0.005612
0.012002
0.018721
0.021488
0.018127
0.010090
0.002052
-0.002560
-0.002693
0.001260
0.008242
0.015291
0.019770
0.021286
0.020034
0.016211
0.010743
0.004945
0.001453
0.001782
0.006261
0.012255
0.015813
0.014364
0.009488
0.004479
0.002174
0.002305
0.002305
-0.000266
-0.004746
-0.007514
-0.006196
-0.000860
0.005266
0.007967
0.005792
0.001180
-0.001522
0.000191
0.006186
0.013893
0.020349
0.022523
0.019294
0.012837
0.005260
-0.001658
-0.004952
-0.002647
0.003480
0.009540
0.011845
0.009803
0.006442
0.004992
0.006375
0.009603
0.012436
0.014279
0.015597
0.016914
0.017573
0.016320
0.013882
0.012432
0.014013
0.017505
0.022116
0.027122
0.031404
0.033841
0.033972
0.031864
0.028042
0.024089
0.022638
0.025207
0.029819
0.033244
0.033178
0.030146
0.027775
0.029553
0.035087
0.040950
0.044309
0.044704
0.043979
0.043716
0.044241
0.044505
0.043845
0.041935
0.039167
0.035543
0.031195
0.026516
0.022432
0.018347
0.012681
0.005631
-0.001156
-0.005636
-0.006427
-0.003924
-0.000169
0.002399
0.002202
-0.001488
-0.007418
-0.012689
-0.015457
-0.016380
-0.016248
-0.015853
-0.014405
-0.011572
-0.007159
-0.001098
0.004831
0.009048
0.011286
0.012670
0.013789
0.014579
0.013854
0.011152
0.006344
0.000084
-0.006044
-0.010458
-0.011776
-0.009339
-0.004333
0.000081
0.001399
-0.000315
-0.002687
-0.004203
-0.004532
-0.004137
-0.004204
-0.005193
-0.006511
-0.007039
-0.007302
-0.008818
-0.012969
-0.018569
-0.023379
-0.025159
-0.021338
-0.014092
-0.008228
-0.006910
-0.008822
-0.010008
-0.008295
-0.004146
0.000663
0.003825
0.003824
0.000926
-0.002501
-0.005070
-0.006586
-0.007640
-0.008695
-0.009288
-0.009487
-0.009223
-0.009355
-0.010080
-0.011530
-0.013113
-0.013771
-0.012783
-0.010017
-0.005537
-0.000136
0.004674
0.007111
0.005727
0.000720
-0.004881
-0.008505
-0.009427
-0.009824
-0.011207
-0.013381
-0.015425
-0.016479
-0.017203
-0.017665
-0.019049
-0.020895
-0.023069
-0.025310
-0.026233
-0.023465
-0.017669
-0.011805
-0.008182
-0.007722
-0.009764
-0.012927
-0.015563
-0.017144
-0.018594
-0.020571
-0.022877
-0.024590
-0.025644
-0.026436
-0.026897
-0.025976
-0.022879
-0.017543
-0.011812
-0.008188
-0.008848
-0.013921
-0.020115
-0.024660
-0.026967
-0.027429
-0.027231
-0.026638
-0.026442
-0.027957
-0.031383
-0.034941
-0.037577
-0.038632
-0.037710
-0.035997
-0.035075
-0.035207
-0.035537
-0.036262
-0.037316
-0.039096
-0.040875
-0.041732
-0.041073
-0.038570
-0.034881
-0.031390
-0.029282
-0.029019
-0.029480
-0.028756
-0.026385
-0.022300
-0.017031
-0.011102
-0.005436
-0.000430
0.003128
0.004972
0.004774
0.003325
0.001875
0.001874
0.003258
0.005366
0.006748
0.006090
0.003125
-0.001158
-0.005045
-0.007088
-0.006825
-0.004717
-0.002280
-0.001226
-0.002281
-0.004125
-0.005575
-0.006366
-0.007025
-0.008475
-0.010518
-0.014009
-0.018688
-0.023300
-0.026397
-0.027517
-0.026924
-0.025804
-0.024487
-0.023434
-0.022380
-0.020206
-0.015793
-0.009666
-0.003013
0.002521
0.005420
0.004959
0.002389
0.000017
-0.000642
0.000411
0.003112
0.006538
0.009765
0.011610
0.011281
0.008513
0.004033
-0.000843
-0.004862
-0.007893
-0.010199
-0.012044
-0.013362
-0.013691
-0.013626
-0.012177
-0.009081
-0.005457
-0.002559
-0.000978
-0.000451
-0.000056
0.000932
0.002512
0.004159
0.005937
0.007847
0.010021
0.011997
0.013513
0.014369
0.014565
0.015026
0.016871
0.021153
0.027082
0.032419
0.035646
0.036569
0.034591
0.030046
0.024710
0.019702
0.015156
0.010940
0.007975
0.005734
0.002704
-0.001316
-0.004610
-0.004676
-0.002107
0.000396
0.001581
0.000922
-0.001647
-0.005007
-0.007051
-0.006919
-0.006129
-0.006063
-0.007249
-0.008304
-0.007249
-0.003824
0.001512
0.006453
0.009089
0.008758
0.006782
0.004343
0.002367
0.001840
0.002762
0.004408
0.005595
0.005595
0.004540
0.002761
0.000652
-0.000403
-0.000534
-0.000403
0.000058
0.000322
0.000189
-0.000206
-0.000404
-0.000074
0.001177
0.002758
0.003943
0.003877
0.002296
-0.000406
-0.002975
-0.003568
-0.002251
0.000648
0.002558
0.003151
0.003216
0.004336
0.008025
0.013888
0.020147
0.024034
0.024231
0.021859
0.018367
0.014283
0.010131
0.006310
0.003148
0.001303
0.000643
0.001236
0.001830
0.001170
-0.001268
-0.004298
-0.007066
-0.008450
-0.008054
-0.006737
-0.005683
-0.005617
-0.005882
-0.006145
-0.005750
-0.004366
-0.002324
0.001101
0.004988
0.008216
0.010060
0.011444
0.013354
0.016252
0.019547
0.021128
0.020074
0.017043
0.014012
0.012826
0.012891
0.012957
0.012100
0.011178
0.011178
0.012166
0.012824
0.013285
0.012890
0.011836
0.010913
0.010715
0.010123
0.007487
0.003666
0.000503
-0.001144
-0.001605
-0.001539
-0.002396
-0.004043
-0.005427
-0.005888
-0.005822
-0.005756
-0.006153
-0.007536
-0.009842
-0.012741
-0.016101
-0.018868
-0.019659
-0.018407
-0.015772
-0.013006
-0.011754
-0.012611
-0.015048
-0.018408
-0.021505
-0.023679
-0.024470
-0.024009
-0.022758
-0.020650
-0.017948
-0.015313
-0.013403
-0.013074
-0.013865
-0.014787
-0.015051
-0.014854
-0.014656
-0.014327
-0.013075
-0.010506
-0.006816
-0.003522
-0.001282
-0.000492
-0.000229
0.000693
0.002604
0.004317
0.004448
0.002801
0.001615
0.002801
0.006359
0.010904
0.014593
0.016241
0.015713
0.014462
0.014066
0.014330
0.013210
0.009849
0.004579
-0.000758
-0.004052
-0.004710
-0.003064
-0.000692
0.001087
0.002009
0.002272
0.001811
0.000427
-0.001220
-0.002208
-0.002472
-0.002604
-0.002801
-0.002538
-0.001813
-0.001418
-0.002274
-0.004514
-0.007611
-0.010510
-0.011498
-0.010576
-0.009324
-0.009522
-0.011762
-0.014991
-0.017625
-0.017560
-0.014530
-0.009984
-0.005965
-0.004054
-0.004450
-0.006032
-0.007085
-0.006295
-0.003792
-0.000498
0.001479
0.001281
-0.000695
-0.003529
-0.005439
-0.004846
-0.001486
0.003719
0.008989
0.012679
0.014984
0.016697
0.018805
0.021769
0.024537
0.026184
0.026579
0.025986
0.024603
0.022824
0.021902
0.022429
0.022758
0.020847
0.017224
0.014193
0.013864
0.016235
0.020057
0.023813
0.024734
0.021507
0.016302
0.011690
0.007803
0.003653
-0.000366
-0.001355
-0.000563
-0.000827
-0.002342
-0.002936
-0.003068
-0.003133
-0.002276
0.001017
0.005629
0.009253
0.009911
0.007013
0.001676
-0.003265
-0.004583
-0.001420
0.004640
0.010174
0.011690
0.009055
0.004179
0.000358
-0.000168
0.002401
0.006617
0.010174
0.010373
0.006091
-0.001354
-0.007811
-0.010775
-0.010182
-0.007481
-0.005505
-0.005834
-0.008469
-0.011895
-0.013805
-0.013410
-0.011038
-0.008074
-0.004780
-0.001749
0.001480
0.004444
0.006420
0.007804
0.008067
0.006421
0.003325
0.000425
-0.001485
-0.001946
-0.001352
-0.000892
-0.001550
-0.003987
-0.007216
-0.009983
-0.010181
-0.007941
-0.004581
-0.001813
-0.000232
0.000887
0.001876
0.003523
0.005434
0.007147
0.007147
0.005039
0.002404
0.000954
0.001020
0.001745
0.002601
0.001943
-0.000033
-0.001812
-0.002866
-0.003327
-0.002537
0.000099
0.003986
0.008598
0.012485
0.014528
0.014133
0.012485
0.011300
0.011169
0.012288
0.014001
0.015780
0.016966
0.017295
0.017362
0.017428
0.017889
0.018746
0.019866
0.020393
0.019800
0.017692
0.014464
0.010577
0.007415
0.006098
0.006559
0.008075
0.009920
0.011039
0.010710
0.008536
0.005111
0.001290
-0.001147
-0.001016
0.000631
0.002542
0.003399
0.002543
-0.000290
-0.004441
-0.007800
-0.009184
-0.008261
-0.006021
-0.004242
-0.003583
-0.004176
-0.005164
-0.006086
-0.006349
-0.006744
-0.008325
-0.011026
-0.013991
-0.015968
-0.015440
-0.012080
-0.008390
-0.005821
-0.005228
-0.005688
-0.005754
-0.004041
-0.000681
0.002350
0.002878
0.000439
-0.004172
-0.009441
-0.013921
-0.015898
-0.014712
-0.010956
-0.006147
-0.002524
-0.000612
-0.000678
-0.002457
-0.005487
-0.008847
-0.011416
-0.013458
-0.015039
-0.015566
-0.014314
-0.011810
-0.008713
-0.005815
-0.003837
-0.003047
-0.003113
-0.003046
-0.002058
0.000380
0.003938
0.006639
0.007233
0.004927
-0.000212
-0.005547
-0.008907
-0.009631
-0.009039
-0.009235
-0.010619
-0.012200
-0.013188
-0.013451
-0.012924
-0.011474
-0.009366
-0.006664
-0.003962
-0.002315
-0.001723
-0.001458
-0.001458
-0.001919
-0.003170
-0.004752
-0.005081
-0.003103
0.000915
0.005133
0.007636
0.007768
0.006187
0.003618
0.001576
0.000786
0.000917
0.001511
0.002829
0.003950
0.005070
0.005202
0.004543
0.003160
0.001447
-0.000396
-0.002504
-0.004941
-0.007181
-0.008235
-0.007708
-0.006917
-0.007246
-0.009881
-0.014163
-0.017523
-0.017786
-0.014558
-0.009748
-0.006189
-0.006058
-0.008890
-0.012315
-0.013962
-0.012447
-0.008362
-0.003156
0.001323
0.003564
0.003696
0.002840
0.002577
0.003499
0.004817
0.005740
0.006136
0.006730
0.008311
0.011145
0.014768
0.017733
0.018986
0.018459
0.017471
0.016813
0.015628
0.013256
0.009699
0.006932
0.006142
0.007724
0.011414
0.016157
0.020044
0.022154
0.021890
0.019914
0.017609
0.016094
0.015172
0.013526
0.010100
0.005423
0.000219
-0.003931
-0.006368
-0.006764
-0.006631
-0.006960
-0.008145
-0.009396
-0.009660
-0.008539
-0.006958
-0.005178
-0.003267
-0.000895
0.001279
0.003717
0.006485
0.009977
0.013271
0.015973
0.016435
0.013800
0.008333
0.002075
-0.002273
-0.003590
-0.003327
-0.003656
-0.006092
-0.010440
-0.015117
-0.019136
-0.021639
-0.022165
-0.021243
-0.019925
-0.018804
-0.018540
-0.018737
-0.018144
-0.016034
-0.012543
-0.009051
-0.006547
-0.004701
-0.003054
-0.001274
0.000900
0.003470
0.005579
0.006239
0.005910
0.005054
0.003671
0.001234
-0.000808
-0.002125
-0.002585
-0.002651
-0.003112
-0.004231
-0.006405
-0.008841
-0.010357
-0.010751
-0.009960
-0.009103
-0.009234
-0.010880
-0.012725
-0.013382
-0.012262
-0.010088
-0.008506
-0.008242
-0.009230
-0.011074
-0.013445
-0.016080
-0.019241
-0.023259
-0.027409
-0.030505
-0.031558
-0.030109
-0.027275
-0.024178
-0.021740
-0.020158
-0.018774
-0.016467
-0.012975
-0.008627
-0.004607
-0.002037
-0.000653
-0.000059
0.000403
0.000271
-0.000189
-0.000650
-0.000715
-0.000451
-0.000582
-0.000911
-0.001371
-0.002095
-0.002885
-0.003741
-0.004795
-0.006112
-0.006836
-0.006045
-0.004660
-0.004660
-0.006306
-0.009204
-0.012102
-0.013748
-0.013550
-0.011310
-0.007619
-0.003863
-0.001227
0.000025
-0.000040
-0.000172
0.000356
0.001147
0.001148
-0.000234
-0.002342
-0.003593
-0.003987
-0.003789
-0.004645
-0.007894
-0.012220
-0.017073
-0.020408
-0.021437
-0.020291
-0.017629
-0.014373
-0.011646
-0.010102
-0.009086
-0.007610
-0.004422
0.001726
0.010042
0.017957
0.022314
0.021735
0.018065
0.014396
0.012570
0.012321
0.012663
0.012281
0.010849
0.008827
0.007331
0.007281
0.009262
0.011830
0.013937
0.014860
0.014734
0.013755
0.012776
0.012257
0.012129
0.011414
0.009457
0.006325
0.002612
-0.000705
-0.002710
-0.001973
0.000848
0.004317
0.006801
0.007784
0.007918
0.007922
0.007860
0.008837
0.011629
0.016815
0.023805
0.029935
0.033005
0.032570
0.030128
0.027692
0.027067
0.028251
0.029817
0.030153
0.028745
0.026116
0.023491
0.021580
0.020252
0.019439
0.019012
0.018201
0.016429
0.013510
0.010470
0.008206
0.006906
0.006121
0.005147
0.004048
0.002825
0.002496
0.003122
0.004825
0.006331
0.006691
0.006352
0.006141
0.006624
0.008054
0.009731
0.011211
0.012874
0.014026
0.014984
0.015875
0.016635
0.016639
0.014951
0.011204
0.006160
0.001760
-0.001062
-0.001568
-0.000579
0.000966
0.002007
0.002175
0.002466
0.002756
0.003044
0.002588
0.001150
-0.000838
-0.002138
-0.002144
-0.000982
0.000420
0.000956
-0.000588
-0.003835
-0.007614
-0.010095
-0.009825
-0.006275
-0.001833
0.001436
0.001539
-0.000896
-0.005008
-0.009097
-0.011720
-0.011682
-0.008944
-0.004782
-0.001420
-0.000467
-0.002147
-0.005306
-0.008209
-0.009431
-0.008805
-0.006820
-0.004255
-0.002414
-0.001763
-0.002529
-0.004290
-0.006039
-0.007134
-0.007693
-0.007665
-0.007111
-0.006502
-0.005838
-0.005643
-0.006201
-0.007392
-0.008344
-0.007673
-0.005453
-0.001984
0.002035
0.005569
0.008391
0.010395
0.011188
0.010780
0.009920
0.009065
0.008214
0.007483
0.006869
0.005640
0.003802
0.001472
-0.000671
-0.002186
-0.002352
-0.000903
0.001143
0.003230
0.004747
0.005535
0.005875
0.006377
0.007587
0.009280
0.010793
0.011748
0.012532
0.013199
0.013480
0.013431
0.012682
0.011183
0.009642
0.008863
0.009373
0.010519
0.010960
0.010016
0.008601
0.007832
0.008019
0.008887
0.009589
0.009549
0.008515
0.006550
0.004081
0.000855
-0.002446
-0.004733
-0.005400
-0.004621
-0.003129
-0.001651
-0.000495
0.000294
0.000922
0.001949
0.003168
0.004173
0.004362
0.003091
0.000630
-0.002055
-0.004216
-0.005361
-0.005453
-0.004902
-0.004600
-0.005337
-0.007095
-0.009373
-0.011285
-0.011959
-0.011652
-0.011156
-0.011338
-0.012481
-0.014284
-0.015490
-0.015822
-0.015291
-0.014289
-0.013345
-0.013023
-0.013363
-0.014026
-0.014633
-0.014813
-0.014428
-0.013630
-0.013023
-0.012699
-0.012102
-0.011096
-0.009965
-0.009119
-0.008691
-0.008720
-0.009111
-0.009450
-0.008975
-0.008012
-0.007238
-0.007898
-0.010191
-0.013073
-0.014286
-0.013327
-0.010495
-0.007435
-0.005457
-0.005154
-0.005719
-0.006361
-0.006350
-0.006038
-0.005517
-0.005043
-0.004490
-0.004071
-0.004036
-0.004379
-0.005136
-0.006339
-0.007817
-0.009232
-0.010213
-0.010192
-0.009473
-0.008394
-0.007452
-0.007210
-0.007456
-0.007738
-0.007130
-0.005332
-0.002761
-0.000703
0.000179
-0.000685
-0.002439
-0.004012
-0.004937
-0.004993
-0.004700
-0.004486
-0.004044
-0.003074
-0.001621
-0.000571
-0.000480
-0.001709
-0.004081
-0.006490
-0.007670
-0.007385
-0.006031
-0.004991
-0.005102
-0.006561
-0.008466
-0.009941
-0.010201
-0.008983
-0.006816
-0.005005
-0.004214
-0.004352
-0.004909
-0.005421
-0.005294
-0.004441
-0.003322
-0.002325
-0.001824
-0.001808
-0.001962
-0.002315
-0.002729
-0.003000
-0.002932
-0.002530
-0.001871
-0.000959
0.000069
0.000949
0.001456
0.001695
0.001768
0.001681
0.001340
0.000910
0.000552
0.000421
0.000356
0.000293
0.000694
0.001182
0.001322
0.000699
-0.000303
-0.001405
-0.002095
-0.002203
-0.001596
-0.000707
0.000018
0.000350
0.000618
0.001053
0.001650
0.002178
0.002243
0.001998
0.001591
0.001250
0.001109
0.000971
0.000730
0.000520
0.000666
0.001341
0.001973
0.002301
0.001893
0.001106
0.000288
0.000078
0.000558
0.001479
0.002301
0.002584
0.002319
0.001864
0.001664
0.001927
0.002660
0.003443
0.003783
0.003462
0.002641
0.001728
0.001205
0.001281
0.001803
0.002266
0.002409
0.001939
0.001222
0.000593
0.000257
0.000100
0.000284
0.000752
0.001085
0.001165
0.001204
0.001201
0.001359
0.001472
0.001564
0.001691
0.001740
0.001525
0.001057
0.000475
0.000060
0.000057
0.000521
0.001184
0.001703
0.001790
0.001497
0.001096
0.000878
0.000984
0.001335
0.001771
0.002017
0.001938
0.001782
0.001711
0.001859
0.002215
0.002694
0.003170
0.003497
0.003565
0.003457
0.003354
0.003183
0.003019
0.002834
0.002629
0.002392
0.002205
0.002156
0.002275
0.002620
0.002963
0.003132
0.003026
0.002659
0.002246
0.001970
0.001938
0.002135
0.002371
0.002519
0.002552
0.002433
0.002244
0.002191
0.002316
0.002622
0.002983
0.003231
0.003251
0.003115
0.003053
0.003180
0.003504
0.003884
0.004157
0.004256
0.004263
0.004361
0.004628
0.004906
0.005029
0.004951
0.004732
0.004521
0.004432
0.004443
0.004487
0.004454
0.004255
0.003966
0.003669
0.003493
0.003472
0.003523
0.003549
0.003503
0.003407
0.003363
0.003445
0.003611
0.003746
0.003757
0.003682
0.003592
0.003601
0.003669
0.003720
0.003679
0.003562
0.003415
0.003327
0.003352
0.003442
0.003509
0.003507
0.003437
0.003321
0.003212
0.003099
0.002974
0.002845
0.002725
0.002607
0.002525
0.002510
0.002531
0.002531
0.002465
0.002371
0.002296
0.002288
0.002321
0.002356
0.002354
0.002309
0.002239
0.002173
0.002095
0.002016
0.001915
0.001831
0.001770
0.001740
0.001744
0.001744
0.001705
0.001612
0.001494
0.001391
0.001345
0.001358
0.001394
0.001400
0.001355
0.001252
0.001143
0.001064
0.001024
0.001004
0.000971
0.000916
0.000844
0.000781
0.000746
0.000746
0.000759
0.000759
0.000745
0.000722
0.000698
0.000674
0.000655
0.000637
0.000611
0.000569
0.000515
0.000458
0.000393
0.000326
0.000263
0.000214
0.000174
0.000141
0.000117
0.000095
0.000070
0.000040
0.000006
-0.000024
-0.000047
-0.000066
-0.000083
-0.000101
-0.000122
-0.000147
-0.000174
-0.000204
-0.000231
-0.000250
-0.000263
-0.000270
-0.000272
-0.000280
-0.000293
-0.000310
-0.000323
-0.000332
-0.000341
-0.000352
-0.000366
-0.000384
-0.000403
-0.000419
-0.000435
-0.000449
-0.000463
-0.000475
-0.000487
-0.000499
-0.000512
-0.000526
-0.000538
-0.000549
-0.000559
-0.000569
-0.000579
-0.000589
-0.000600
-0.000610
-0.000620
-0.000629
-0.000639
-0.000650
-0.000661
-0.000672
-0.000684
-0.000694
-0.000704
-0.000712
-0.000721
-0.000729
-0.000738
-0.000747
-0.000756
-0.000765
-0.000775
-0.000784
-0.000793
-0.000803
-0.000813
-0.000823
-0.000832
-0.000842
-0.000851
-0.000859
-0.000868
-0.000878
-0.000886
-0.000895
-0.000903
-0.000911
-0.000920
-0.000928
-0.000937
-0.000944
-0.000953
-0.000962
-0.000969
-0.000978
-0.000985
-0.000993
-0.001002
-0.001009
-0.001017
-0.001024
-0.001032
-0.001039
-0.001047
-0.001055
-0.001062
-0.001069
-0.001076
-0.001084
-0.001090
-0.001098
-0.001104
