-0.000485
-0.000445
-0.000373
-0.000334
-0.000366
-0.000453
-0.000503
-0.000472
-0.000409
-0.000383
-0.000437
-0.000611
-0.000836
-0.000979
-0.000985
-0.001019
-0.001095
-0.001170
-0.001287
-0.001302
-0.001051
-0.000903
-0.000906
-0.000955
-0.000815
-0.000719
-0.000727
-0.000857
-0.001251
-0.001624
-0.001865
-0.002011
-0.001970
-0.001663
-0.000738
0.000124
-0.000060
-0.001091
-0.001941
-0.001642
0.001069
0.004784
0.007805
0.008429
0.004286
-0.001733
-0.003384
-0.001480
-0.000114
-0.000858
-0.003423
-0.006827
-0.009015
-0.008820
-0.008321
-0.008535
-0.009309
-0.010085
-0.011280
-0.012321
-0.010963
-0.006468
-0.001834
-0.001625
-0.005960
-0.011436
-0.014570
-0.012157
-0.004749
0.003780
0.008090
0.007769
0.004437
-0.000137
-0.001915
0.000327
0.006164
0.011241
0.011344
0.004958
-0.006199
-0.018825
-0.024933
-0.019964
-0.009171
0.003173
0.013890
0.020068
0.020795
0.013833
0.005221
0.001916
0.003554
0.006372
0.009364
0.011340
0.012003
0.007515
0.001734
-0.005296
-0.014057
-0.022478
-0.027758
-0.027148
-0.020681
-0.009526
0.003318
0.012553
0.014014
0.007246
-0.004210
-0.011846
-0.012158
-0.007698
-0.001883
0.001182
-0.004150
-0.021493
-0.043700
-0.060464
-0.070696
-0.077663
-0.073796
-0.053004
-0.017051
0.009906
0.008442
-0.006282
-0.009418
0.008392
0.037816
0.063904
0.080270
0.079254
0.066283
0.051149
0.034460
0.021211
0.018705
0.022589
0.020041
0.009692
0.002107
0.007622
0.026579
0.061547
0.103890
0.107013
0.064459
0.006206
-0.054054
-0.095804
-0.087859
-0.066631
-0.049207
-0.038505
-0.040511
-0.044852
-0.030412
0.010291
0.061905
0.112734
0.126799
0.113786
0.112661
0.122279
0.125364
0.115466
0.085032
0.047766
0.012225
-0.021095
-0.041550
-0.037056
-0.025207
-0.023551
-0.032310
-0.050756
-0.069024
-0.073306
-0.057691
-0.031875
-0.006398
0.009238
0.005858
-0.009004
-0.019076
-0.025834
-0.035211
-0.048215
-0.051433
-0.030049
0.012312
0.046585
0.045074
0.013229
-0.022480
-0.040049
-0.023822
0.023961
0.063482
0.051682
0.013465
-0.014616
-0.020796
-0.001796
0.034721
0.057001
0.048898
0.020982
-0.009178
-0.022881
-0.020844
0.002624
0.049377
0.089074
0.084205
0.039950
0.002678
-0.014102
-0.018456
-0.036835
-0.075489
-0.104814
-0.096515
-0.054788
-0.004618
0.037830
0.061918
0.090319
0.140895
0.167301
0.145623
0.094881
0.025441
-0.055972
-0.122142
-0.170053
-0.178543
-0.171319
-0.154780
-0.125505
-0.109561
-0.117714
-0.129832
-0.118738
-0.078424
-0.019725
0.031971
0.062333
0.092943
0.101567
0.072123
0.024604
-0.020225
-0.012210
0.021111
0.022753
-0.015999
-0.066266
-0.101573
-0.108736
-0.083618
-0.030270
0.036185
0.084482
0.107159
0.112091
0.122719
0.147063
0.159593
0.130487
0.082251
0.026480
-0.045899
-0.071404
-0.094978
-0.124021
-0.116568
-0.081889
-0.049417
-0.030010
-0.033652
-0.038387
-0.002142
0.069786
0.129001
0.131113
0.077225
0.017218
-0.001117
0.024219
0.058277
0.061525
0.020479
-0.039931
-0.075802
-0.077580
-0.062134
-0.040994
-0.021044
-0.000135
0.016729
0.022736
0.019812
0.006131
-0.007629
-0.016219
-0.028816
-0.051185
-0.069287
-0.070336
-0.050319
-0.012808
0.027353
0.046388
0.055200
0.061245
0.070933
0.087280
0.097197
0.087888
0.062720
0.031052
-0.017302
-0.063793
-0.103567
-0.139053
-0.151722
-0.145362
-0.136262
-0.122488
-0.091427
-0.040726
0.021083
0.083331
0.149165
0.139911
0.095090
0.072909
0.056166
0.026196
-0.000875
-0.027791
-0.062065
-0.092562
-0.098877
-0.093730
-0.100900
-0.110345
-0.093997
-0.042648
0.014435
0.036247
0.017356
0.005538
0.028507
0.061918
0.075481
0.065827
0.040769
0.024879
0.018463
0.007446
-0.007406
-0.017409
-0.022154
-0.030342
-0.041842
-0.040553
-0.008030
0.054828
0.111556
0.122905
0.107143
0.068344
0.017244
-0.003058
0.004595
0.021749
0.047010
0.063876
0.051406
0.007872
-0.040091
-0.076718
-0.108039
-0.110411
-0.076020
-0.026299
0.007363
0.006862
-0.008157
-0.012468
0.002685
0.028507
0.055760
0.071347
0.060388
0.023370
-0.010786
-0.018274
0.000700
0.036459
0.063245
0.051470
0.014139
-0.001387
0.023201
0.079017
0.126726
0.129261
0.097044
0.032157
-0.033661
-0.053720
-0.072424
-0.073623
-0.030101
0.015989
0.017161
-0.016956
-0.053662
-0.062519
-0.035118
0.002651
0.045190
0.089579
0.114345
0.118653
0.112288
0.089672
0.048502
-0.000998
-0.027566
-0.039019
-0.048286
-0.054202
-0.066783
-0.091984
-0.107540
-0.092300
-0.052683
-0.019421
-0.010981
-0.022739
-0.017218
0.029907
0.079655
0.084023
0.037729
-0.013412
-0.047279
-0.047106
-0.029919
-0.010486
0.011325
0.035714
0.060648
0.067426
0.058358
0.034851
0.002153
-0.044959
-0.075096
-0.068941
-0.032707
0.018031
0.059549
0.104665
0.136179
0.144799
0.116368
0.051451
-0.013608
-0.071691
-0.064241
-0.037537
-0.054744
-0.107276
-0.160792
-0.204275
-0.240217
-0.250770
-0.232098
-0.188837
-0.133819
-0.065344
0.015080
0.054271
0.058315
0.077236
0.105542
0.123112
0.142738
0.168351
0.172005
0.140506
0.096410
0.053579
-0.004269
-0.064117
-0.119029
-0.158879
-0.161881
-0.144845
-0.120856
-0.093238
-0.068935
-0.046857
-0.035069
-0.016066
0.026272
0.087321
0.156196
0.155770
0.063261
-0.036905
-0.028832
0.000023
0.000325
0.014168
0.041970
0.052065
0.013612
-0.051946
-0.089021
-0.089151
-0.060446
-0.000251
0.082208
0.145784
0.154344
0.132554
0.094900
0.053873
0.025367
-0.003919
-0.020872
-0.025543
-0.020756
0.007009
0.051585
0.073362
0.072470
0.064101
0.043820
0.008204
-0.016718
-0.018159
0.003654
0.034032
0.039473
0.010395
-0.021699
-0.028686
-0.023953
-0.016822
0.001766
0.031855
0.050773
0.050862
0.037217
0.006983
-0.049263
-0.117835
-0.109488
-0.061808
0.013451
0.131619
0.207440
0.176546
0.119907
0.097819
0.103219
0.106104
0.087569
0.062347
0.038645
0.014410
-0.014359
-0.051120
-0.094459
-0.128504
-0.164420
-0.216271
-0.244142
-0.231363
-0.199762
-0.139507
-0.050200
0.042731
0.095968
0.094533
0.085695
0.080880
0.063341
0.026141
-0.015715
-0.045738
-0.064686
-0.087228
-0.112459
-0.123301
-0.117036
-0.096808
-0.049827
0.022521
0.089937
0.153662
0.126476
0.070357
0.054189
0.055303
0.053136
0.053370
0.068514
0.081147
0.066748
0.012747
-0.079846
-0.153821
-0.180539
-0.175575
-0.147420
-0.071582
0.041169
0.132917
0.161002
0.167667
0.174655
0.182179
0.172201
0.132083
0.094862
0.077272
0.069733
0.049371
0.006637
-0.061236
-0.140062
-0.196187
-0.227290
-0.247232
-0.251270
-0.221526
-0.150729
-0.072780
-0.003752
0.062293
0.116666
0.163739
0.187239
0.152618
0.065535
-0.005025
-0.034661
-0.024616
-0.034837
-0.070728
-0.100123
-0.115318
-0.125296
-0.131432
-0.128395
-0.113419
-0.078879
-0.028204
0.016073
0.044325
0.061330
0.065820
0.058591
0.046424
0.029351
0.003075
-0.020768
-0.028878
-0.037574
-0.044366
-0.024718
0.014666
0.041862
0.049500
0.046225
0.033139
0.008375
-0.026218
-0.048974
-0.060520
-0.074177
-0.078835
-0.067828
-0.053148
-0.047451
-0.041898
-0.023219
0.002086
0.027386
0.050977
0.074886
0.103269
0.130347
0.139568
0.119840
0.082674
0.047585
0.014134
-0.020999
-0.032539
-0.027763
-0.033246
-0.045289
-0.059548
-0.075249
-0.083711
-0.082266
-0.069783
-0.051667
-0.040527
-0.045597
-0.059131
-0.061762
-0.038141
0.010980
0.059058
0.081913
0.060682
0.000454
-0.051235
-0.080321
-0.092212
-0.063708
0.015404
0.093240
0.128065
0.134501
0.110946
0.071461
0.054433
0.057517
0.061222
0.062122
0.055823
0.033116
-0.004488
-0.033119
-0.052638
-0.085906
-0.122124
-0.135029
-0.110642
-0.059103
0.008143
0.061378
0.116639
0.136895
0.104505
0.078565
0.079483
0.077145
0.062561
0.050261
0.038256
0.016342
-0.009617
-0.021501
-0.028735
-0.049592
-0.077710
-0.088126
-0.078908
-0.058094
-0.032312
-0.007198
0.017500
0.048420
0.076099
0.083699
0.074692
0.064210
0.055966
0.042232
0.021130
0.000658
-0.010466
-0.015051
-0.029866
-0.066959
-0.108881
-0.146318
-0.178781
-0.172993
-0.117049
-0.025218
0.086109
0.165535
0.183409
0.161940
0.150002
0.133653
0.082545
0.033269
0.000812
-0.037866
-0.071079
-0.095807
-0.124252
-0.150488
-0.161920
-0.150268
-0.104903
-0.044493
-0.001280
0.060094
0.099306
0.078351
0.053340
0.055653
0.069455
0.075576
0.066981
0.044085
0.012706
-0.018477
-0.042207
-0.047921
-0.034703
-0.016982
-0.010157
-0.008657
-0.004081
0.003061
0.010175
0.011229
0.002532
-0.018290
-0.041950
-0.043065
-0.029735
-0.027756
-0.042104
-0.063309
-0.080340
-0.095857
-0.103656
-0.093725
-0.070747
-0.047787
-0.043681
-0.047420
-0.043514
-0.044583
-0.054351
-0.059515
-0.055571
-0.036555
0.009613
0.043239
0.056051
0.060752
0.065019
0.065700
0.060276
0.049965
0.034859
0.025191
0.027859
0.039074
0.051550
0.060355
0.056194
0.034889
0.012620
-0.001737
-0.012277
-0.014089
-0.006789
0.006774
0.029625
0.043241
0.038153
0.030184
0.022883
0.025230
0.024533
0.002707
-0.033920
-0.044531
-0.037880
-0.040506
-0.053190
-0.063648
-0.071998
-0.075900
-0.074400
-0.071864
-0.077172
-0.089746
-0.092032
-0.072631
-0.051293
-0.040254
-0.027475
0.008650
0.069508
0.137893
0.200610
0.198464
0.157710
0.131215
0.101657
0.100518
0.121778
0.122445
0.100409
0.073015
0.058207
0.046737
0.017831
-0.020501
-0.043068
-0.032227
-0.011057
-0.003234
-0.000207
0.014471
0.033416
0.041615
0.038335
0.046418
0.098426
0.144183
0.117769
0.072311
0.048047
0.025582
-0.015611
-0.065817
-0.104546
-0.113665
-0.111744
-0.125663
-0.137848
-0.123685
-0.091942
-0.060841
-0.050956
-0.058481
-0.070999
-0.081819
-0.086839
-0.080293
-0.058671
-0.023989
0.011016
0.029837
0.037884
0.036781
0.035398
0.034581
0.020634
-0.003261
-0.009177
0.007210
0.022416
0.034356
0.039936
0.035767
0.021654
-0.003115
-0.034957
-0.065130
-0.080720
-0.088709
-0.093649
-0.093456
-0.089064
-0.083187
-0.072156
-0.047666
-0.006392
0.045273
0.076870
0.070279
0.045528
0.025301
0.014368
0.004240
-0.010699
-0.025994
-0.036491
-0.044409
-0.056872
-0.079269
-0.110558
-0.141848
-0.167216
-0.189442
-0.192737
-0.155906
-0.092450
-0.040270
-0.007984
-0.001248
-0.009985
-0.011398
-0.004644
0.002440
0.008142
0.012747
0.011966
0.004550
-0.006790
-0.018070
-0.020184
-0.014507
-0.009768
-0.001891
0.025631
0.071377
0.110913
0.127420
0.128213
0.136610
0.154704
0.159762
0.146826
0.133859
0.127414
0.113288
0.083409
0.043373
0.013006
-0.000503
-0.005051
-0.002462
0.006620
0.013292
0.013021
0.010699
0.012411
0.010589
0.000148
-0.007790
-0.005954
-0.004805
-0.018801
-0.045714
-0.054243
-0.039119
-0.019176
-0.003013
0.006306
0.023260
0.046391
0.064817
0.076470
0.085097
0.093808
0.098341
0.095777
0.096659
0.112459
0.140707
0.156673
0.155322
0.129239
0.091263
0.059537
0.030093
0.003493
0.001694
0.008432
0.005699
-0.003359
-0.016244
-0.030153
-0.039489
-0.045693
-0.055756
-0.064623
-0.065313
-0.064247
-0.063934
-0.061072
-0.054933
-0.041361
-0.021749
0.007319
0.035999
0.058616
0.060458
0.051471
0.050262
0.053184
0.049668
0.037725
0.021297
0.009631
0.011169
0.012325
0.005153
-0.007319
-0.023634
-0.036085
-0.038529
-0.036351
-0.035551
-0.031945
-0.023203
-0.015541
-0.011901
-0.013046
-0.016329
-0.021398
-0.027506
-0.030007
-0.030802
-0.039270
-0.050980
-0.065068
-0.077389
-0.079225
-0.074115
-0.071395
-0.074356
-0.078190
-0.084418
-0.089305
-0.085223
-0.064868
-0.044213
-0.022265
0.015798
0.049345
0.078403
0.069271
0.057335
0.063837
0.065499
0.050838
0.034106
0.021417
0.009087
0.006634
0.011243
0.016709
0.017959
0.017618
0.016500
0.017515
0.018568
0.018220
0.018160
0.016138
0.014703
0.014603
0.019513
0.038782
0.054306
0.037345
-0.003048
-0.026050
-0.022413
-0.013555
-0.016123
-0.026460
-0.035870
-0.039511
-0.040410
-0.043113
-0.051423
-0.064407
-0.073772
-0.073379
-0.063014
-0.044876
-0.018655
0.013261
0.046884
0.079820
0.097050
0.096917
0.081904
0.057456
0.033371
0.021045
0.023910
0.031337
0.035397
0.029042
0.001772
-0.038659
-0.061080
-0.060918
-0.051484
-0.036217
-0.024201
-0.024641
-0.031802
-0.035217
-0.030017
-0.018309
0.000994
0.020650
0.023698
0.006403
-0.019229
-0.039642
-0.049744
-0.048465
-0.037500
-0.026693
-0.027624
-0.039828
-0.052466
-0.056598
-0.054995
-0.053617
-0.052563
-0.049075
-0.043647
-0.039205
-0.036389
-0.034850
-0.036031
-0.040384
-0.045634
-0.054319
-0.063769
-0.069068
-0.066654
-0.053446
-0.034970
-0.023459
-0.016995
-0.001380
0.020972
0.041479
0.055905
0.061130
0.059915
0.051030
0.040533
0.037859
0.041050
0.044953
0.045465
0.045851
0.047528
0.040728
0.023657
0.008859
0.006932
0.015733
0.029917
0.043514
0.054910
0.062031
0.064557
0.065861
0.064883
0.062591
0.062870
0.065438
0.064691
0.056367
0.041928
0.023810
0.012123
0.009729
0.013389
0.021181
0.026515
0.023595
0.018854
0.020133
0.030058
0.050922
0.079961
0.103267
0.107215
0.095270
0.079319
0.063121
0.047549
0.048032
0.052859
0.055387
0.054788
0.055606
0.056646
0.054679
0.052941
0.048916
0.035736
0.015812
-0.000919
-0.011713
-0.011827
-0.010238
-0.012797
-0.016552
-0.018730
-0.018952
-0.017183
-0.010698
-0.000604
0.009014
0.014302
0.013677
0.006906
-0.000417
-0.006291
-0.012761
-0.016422
-0.022247
-0.036136
-0.054895
-0.065580
-0.066594
-0.068450
-0.074130
-0.079146
-0.079355
-0.073309
-0.062156
-0.053953
-0.053818
-0.058170
-0.060305
-0.059050
-0.059215
-0.060887
-0.058510
-0.052909
-0.046918
-0.036737
-0.022001
-0.009314
-0.001842
-0.001466
-0.005501
-0.011568
-0.010796
-0.006661
-0.002900
0.006277
0.020211
0.027408
0.025876
0.023485
0.022741
0.019416
0.018878
0.023869
0.039222
0.059012
0.068406
0.060887
0.031483
-0.006620
-0.025658
-0.033387
-0.039199
-0.039658
-0.038545
-0.036258
-0.035533
-0.039712
-0.045646
-0.047494
-0.045743
-0.039604
-0.023753
-0.002602
0.012952
0.020418
0.023917
0.031432
0.041519
0.044576
0.033517
0.019542
0.013914
0.012199
0.010344
0.006874
0.006988
0.009866
0.009047
0.002876
-0.007216
-0.017170
-0.018722
-0.009639
0.002114
0.005950
0.002064
-0.003009
-0.002898
0.003922
0.011163
0.014121
0.011833
0.005698
0.001063
-0.000168
0.001094
0.004231
0.012455
0.030169
0.049391
0.053320
0.038433
0.021658
0.015095
0.013747
0.009854
-0.002687
-0.020022
-0.035268
-0.047256
-0.060028
-0.074312
-0.086034
-0.094353
-0.088619
-0.064899
-0.036287
-0.016220
-0.010226
-0.007590
-0.004805
-0.007710
-0.015279
-0.023022
-0.026623
-0.025511
-0.028756
-0.039476
-0.048725
-0.048421
-0.036720
-0.016563
0.002630
0.011710
0.013738
0.016022
0.018658
0.017662
0.014066
0.014464
0.016415
0.016986
0.019237
0.022664
0.024004
0.021103
0.016220
0.010349
0.004640
0.001689
0.003934
0.007136
0.003345
-0.006490
-0.014941
-0.017978
-0.016903
-0.017991
-0.016822
-0.006544
0.005790
0.016643
0.028323
0.034607
0.035007
0.031493
0.025554
0.021428
0.015599
0.009696
0.000618
-0.010163
-0.022256
-0.027616
-0.022210
-0.011054
-0.002805
0.001451
0.003529
0.000156
-0.006351
-0.009627
-0.005826
0.003857
0.021366
0.044164
0.059749
0.059039
0.052291
0.044524
0.034428
0.021965
0.016163
0.017778
0.021400
0.018980
0.003489
-0.023783
-0.053105
-0.067722
-0.067370
-0.055401
-0.031094
-0.004331
0.017859
0.037126
0.046707
0.043324
0.034159
0.035066
0.044183
0.053804
0.058590
0.054113
0.038387
0.016625
-0.002941
-0.022429
-0.040445
-0.045168
-0.037581
-0.024267
-0.010433
0.001085
0.007551
0.012708
0.021829
0.034930
0.047888
0.059834
0.073868
0.084499
0.084894
0.068993
0.043412
0.018016
-0.001173
-0.008940
-0.016339
-0.030487
-0.050326
-0.072390
-0.094060
-0.111484
-0.117998
-0.116179
-0.112266
-0.101657
-0.080455
-0.054377
-0.030928
-0.017327
-0.012579
-0.010420
-0.008736
-0.009616
-0.011979
-0.015892
-0.024368
-0.037576
-0.050460
-0.058557
-0.060186
-0.050800
-0.034430
-0.018685
-0.011604
-0.013501
-0.016703
-0.017829
-0.018597
-0.019632
-0.017529
-0.010610
-0.003341
0.002411
0.004574
0.000994
-0.007533
-0.018431
-0.029194
-0.039632
-0.045977
-0.041501
-0.029241
-0.018594
-0.014516
-0.016182
-0.019599
-0.019522
-0.011363
0.002418
0.013575
0.020125
0.028020
0.039969
0.049625
0.051525
0.044670
0.031611
0.018290
0.008160
0.002805
0.004055
0.007228
0.006905
0.003249
-0.003845
-0.012268
-0.016723
-0.014731
-0.007567
0.002449
0.012516
0.022882
0.031991
0.034507
0.030689
0.023813
0.016295
0.006991
-0.002973
-0.011810
-0.014757
-0.006813
0.006735
0.020984
0.032960
0.030945
0.014317
-0.001680
-0.006415
0.001831
0.020350
0.041079
0.053827
0.052979
0.039230
0.014459
-0.008124
-0.015581
-0.008045
0.003851
0.010212
0.009479
0.000897
-0.013473
-0.022320
-0.019318
-0.005545
0.014908
0.032821
0.040885
0.037609
0.029034
0.019246
0.009367
-0.000181
-0.008098
-0.015043
-0.024904
-0.036710
-0.045839
-0.052256
-0.057036
-0.057950
-0.050962
-0.034952
-0.012679
0.010138
0.020595
0.016348
0.006036
-0.005426
-0.011509
-0.006290
0.005675
0.016685
0.022017
0.017270
0.004408
-0.009440
-0.017791
-0.018186
-0.015809
-0.011923
-0.006583
-0.004343
-0.008636
-0.016740
-0.022766
-0.021801
-0.014054
-0.004365
0.006967
0.017591
0.020184
0.016256
0.012404
0.012491
0.016261
0.023181
0.032576
0.034645
0.022270
0.006313
-0.004450
-0.010349
-0.011419
-0.012121
-0.016881
-0.022337
-0.023980
-0.023785
-0.021412
-0.016240
-0.007776
0.003705
0.014608
0.020977
0.023747
0.024596
0.021838
0.016999
0.011696
0.007122
0.006535
0.009281
0.012245
0.012946
0.017039
0.022878
0.025640
0.025070
0.019958
0.016064
0.017869
0.021629
0.024474
0.027368
0.028657
0.024247
0.022943
0.030808
0.040591
0.046821
0.047008
0.037174
0.025199
0.021691
0.028318
0.037466
0.044191
0.048340
0.042839
0.026645
0.009565
-0.005877
-0.016412
-0.016729
-0.007547
0.008900
0.023070
0.024261
0.012753
-0.002907
-0.012330
-0.016462
-0.019283
-0.019931
-0.017142
-0.010416
-0.000086
0.009241
0.012160
0.005505
-0.005848
-0.012578
-0.012967
-0.012543
-0.018661
-0.028330
-0.036657
-0.040026
-0.035244
-0.022699
-0.004274
0.016051
0.029539
0.028880
0.019309
0.007209
-0.000697
-0.000152
0.008412
0.021590
0.032312
0.033156
0.022617
0.003219
-0.013116
-0.018465
-0.016227
-0.012480
-0.012906
-0.014797
-0.014802
-0.019229
-0.030650
-0.043415
-0.048802
-0.045113
-0.036478
-0.025818
-0.018647
-0.016284
-0.014684
-0.009065
0.000414
0.008145
0.011382
0.012787
0.015791
0.020562
0.026747
0.031906
0.033344
0.031083
0.025728
0.018282
0.008305
0.003226
0.004622
0.007477
0.008357
0.008030
0.007322
0.005466
0.005874
0.008160
0.012230
0.017742
0.022757
0.023959
0.019065
0.013493
0.010551
0.005267
-0.000826
-0.002996
-0.004684
-0.007972
-0.004337
0.003309
0.006194
0.008451
0.005316
-0.006528
-0.011780
-0.008167
-0.002977
0.002084
0.006395
0.008069
0.005069
0.004037
0.005980
0.005541
0.001292
-0.001888
-0.002588
-0.002690
0.001075
0.005638
0.015292
0.022956
0.025622
0.021205
0.015192
0.015971
0.015781
0.005998
-0.006421
-0.019326
-0.027194
-0.027958
-0.021393
-0.013876
-0.008823
-0.006915
-0.008929
-0.010808
-0.008363
-0.002011
0.001848
0.003024
0.007412
0.008909
0.004835
0.001084
-0.000857
-0.001379
-0.002569
-0.002540
-0.002864
-0.003417
-0.003822
-0.002056
0.002949
0.009292
0.016460
0.020085
0.019117
0.015943
0.014969
0.015334
0.017443
0.020478
0.021540
0.020953
0.017313
0.004651
-0.011782
-0.023036
-0.023459
-0.021509
-0.021300
-0.019946
-0.017911
-0.015522
-0.011806
-0.007934
-0.004190
0.003126
0.010744
0.021191
0.034754
0.046917
0.054965
0.057049
0.050952
0.038938
0.030367
0.024847
0.016851
0.003713
-0.012648
-0.026564
-0.033588
-0.029854
-0.015853
0.002946
0.018076
0.026890
0.029348
0.027886
0.026401
0.029373
0.034036
0.037146
0.034346
0.026576
0.013129
-0.005952
-0.017672
-0.021819
-0.025163
-0.028523
-0.029870
-0.026918
-0.020038
-0.011862
-0.007001
-0.006558
-0.005444
-0.002824
0.000030
0.005953
0.014513
0.017855
0.011528
0.001515
-0.005620
-0.011902
-0.017041
-0.020494
-0.023482
-0.025536
-0.021292
-0.007669
0.006671
0.012790
0.007542
-0.006468
-0.021565
-0.032699
-0.036358
-0.031845
-0.023883
-0.020883
-0.022036
-0.024602
-0.025342
-0.024377
-0.023820
-0.022755
-0.020418
-0.016318
-0.009221
-0.003323
-0.001973
-0.000472
0.002180
0.004672
0.008804
0.013905
0.019401
0.023069
0.022717
0.018662
0.012906
0.007691
0.003659
0.003188
0.003971
0.005274
0.006576
0.006681
0.006660
0.006049
0.005282
0.005849
0.008160
0.011104
0.011568
0.008208
0.000869
-0.008546
-0.014348
-0.016576
-0.016512
-0.014500
-0.011027
-0.008879
-0.007554
-0.008453
-0.010882
-0.008571
0.000173
0.010818
0.018012
0.017248
0.011250
0.001819
-0.009313
-0.020722
-0.031768
-0.037515
-0.033841
-0.026156
-0.020166
-0.015540
-0.012737
-0.010204
-0.003877
0.002641
0.005592
0.007406
0.006659
0.005520
0.007809
0.010781
0.010289
0.007114
0.003198
-0.002516
-0.011842
-0.021301
-0.025698
-0.022440
-0.013925
-0.007069
-0.005630
-0.005902
-0.004659
-0.002649
-0.004435
-0.009745
-0.011209
-0.008028
-0.002409
0.002495
0.005516
0.004933
-0.000921
-0.006537
-0.012270
-0.022070
-0.031876
-0.039222
-0.042248
-0.039022
-0.027697
-0.011443
0.003121
0.008815
0.003915
-0.004319
-0.010630
-0.013328
-0.010099
-0.002702
0.002791
0.004853
0.004633
0.000265
-0.008635
-0.020725
-0.031180
-0.033716
-0.028926
-0.020021
-0.009918
-0.001565
0.000894
0.000105
0.000467
-0.001196
-0.006731
-0.014517
-0.017887
-0.012496
-0.005661
-0.001895
-0.002619
-0.008459
-0.014068
-0.015429
-0.018111
-0.021726
-0.023411
-0.023715
-0.024372
-0.028753
-0.032792
-0.034561
-0.035933
-0.039585
-0.042345
-0.037563
-0.030799
-0.021821
-0.013639
-0.006206
0.001744
0.008348
0.016199
0.021232
0.024374
0.025507
0.024450
0.021298
0.020396
0.020381
0.018794
0.018158
0.019000
0.014188
0.004877
-0.005347
-0.011256
-0.017030
-0.027575
-0.033606
-0.034783
-0.032900
-0.032233
-0.029528
-0.024057
-0.020371
-0.016902
-0.010577
-0.001870
0.008586
0.015293
0.016872
0.019807
0.021155
0.016888
0.011180
0.006643
0.004016
0.002812
0.003892
0.005989
0.005246
0.002469
0.000700
0.001909
0.001448
-0.001846
-0.004312
-0.008112
-0.010351
-0.012023
-0.012538
-0.010464
-0.006588
-0.001225
0.004807
0.004593
0.001274
0.001749
0.007462
0.017102
0.026069
0.033229
0.034640
0.034779
0.035767
0.035078
0.032948
0.028141
0.022680
0.015009
0.011508
0.009111
0.003843
-0.001233
-0.003614
-0.004383
-0.004377
-0.001937
0.002847
0.009565
0.018235
0.022098
0.021388
0.019367
0.018914
0.020836
0.020613
0.018730
0.017938
0.019048
0.020425
0.020575
0.019646
0.016776
0.013191
0.010373
0.003454
-0.005596
-0.007155
-0.003097
0.000004
0.001211
0.002030
0.002470
0.000907
0.000302
0.004524
0.006966
0.004247
-0.000160
-0.003490
-0.003673
-0.001765
0.002730
0.007257
0.007096
-0.000180
-0.010540
-0.018373
-0.021738
-0.022228
-0.023241
-0.026179
-0.031151
-0.035755
-0.037171
-0.037317
-0.034183
-0.027589
-0.019248
-0.004424
0.015610
0.033150
0.042133
0.043091
0.040859
0.035076
0.028951
0.024751
0.022661
0.019260
0.013525
0.006346
-0.001801
-0.006775
-0.006896
-0.006059
-0.005610
-0.004706
-0.004268
-0.004733
-0.004099
-0.000928
0.000575
-0.002403
-0.004393
-0.004591
-0.006100
-0.007170
-0.008316
-0.009834
-0.011514
-0.013372
-0.014531
-0.015638
-0.017834
-0.019389
-0.018527
-0.017266
-0.018114
-0.018111
-0.015198
-0.011023
-0.003855
0.005065
0.010662
0.012588
0.013406
0.012938
0.012127
0.012595
0.012281
0.011517
0.009176
0.005672
0.001408
-0.004195
-0.007183
-0.006442
-0.005693
-0.006323
-0.004701
-0.001762
0.000232
0.000196
-0.002949
-0.003843
-0.000793
0.001468
0.000903
-0.000418
-0.001613
-0.002880
-0.001915
0.001286
0.003565
0.004366
0.003662
0.000727
-0.001726
-0.002549
-0.003397
-0.003309
-0.000889
0.001518
0.001177
-0.000389
-0.001505
-0.002808
-0.004796
-0.004797
-0.002937
-0.001884
-0.001931
-0.003133
-0.004784
-0.004027
0.000481
0.007013
0.014097
0.018416
0.017201
0.010575
0.000528
-0.008400
-0.012850
-0.012823
-0.010590
-0.009978
-0.010738
-0.008119
-0.003384
0.001043
0.008651
0.020768
0.033592
0.042096
0.048442
0.055088
0.056493
0.049428
0.039576
0.029850
0.019862
0.007568
-0.007481
-0.017379
-0.023340
-0.030549
-0.039155
-0.042948
-0.040942
-0.034415
-0.021798
-0.005623
0.006668
0.016335
0.026470
0.032600
0.035240
0.032588
0.026210
0.019034
0.008291
-0.004640
-0.012153
-0.020991
-0.031705
-0.037845
-0.036747
-0.036223
-0.038481
-0.038497
-0.035794
-0.029389
-0.013268
0.001184
0.013128
0.019642
0.023669
0.023991
0.021543
0.022953
0.023032
0.021822
0.022045
0.022365
0.020504
0.014646
0.006111
-0.001119
-0.002056
0.000132
0.001617
0.002213
0.003359
0.005468
0.004835
0.002205
0.003168
0.007446
0.014410
0.020517
0.024203
0.022708
0.015690
0.006921
-0.001700
-0.006425
-0.006451
-0.003417
0.000440
0.002201
0.004242
0.004884
0.003649
0.003299
0.003994
0.003604
0.002071
0.002591
0.004357
0.006984
0.010846
0.017176
0.023211
0.025980
0.027628
0.030428
0.035500
0.038579
0.035056
0.027615
0.021507
0.016344
0.010417
0.002721
-0.003304
-0.004957
-0.006184
-0.010060
-0.011787
-0.007986
-0.001141
0.005498
0.009428
0.010571
0.009707
0.010439
0.014900
0.021136
0.027011
0.029844
0.029791
0.027496
0.023106
0.018346
0.013237
0.008361
0.007481
0.008932
0.010031
0.011467
0.010676
0.007934
0.004967
0.004072
0.005289
0.005562
0.004191
0.001742
-0.003276
-0.010107
-0.014387
-0.016225
-0.011783
-0.003947
0.000033
-0.002595
-0.005166
-0.004198
-0.004586
-0.003518
0.002456
0.011616
0.017692
0.018401
0.012868
0.004660
-0.001510
-0.008065
-0.013571
-0.016752
-0.018729
-0.019029
-0.016756
-0.014924
-0.013608
-0.013261
-0.011270
-0.007840
-0.004512
-0.003281
-0.003817
-0.005906
-0.009585
-0.013439
-0.016808
-0.019823
-0.019217
-0.015426
-0.012167
-0.011788
-0.014273
-0.015098
-0.011512
-0.006432
-0.002527
0.000952
0.002761
0.000940
-0.003134
-0.006602
-0.008305
-0.009588
-0.007327
-0.003212
-0.001339
0.001513
0.004314
0.003205
-0.000154
-0.003267
-0.005326
-0.006874
-0.007027
-0.007122
-0.008255
-0.009386
-0.013739
-0.017960
-0.017886
-0.017385
-0.018315
-0.016082
-0.013080
-0.011156
-0.008820
-0.006812
-0.004514
-0.000614
0.003498
0.005854
0.008189
0.012022
0.016694
0.020530
0.021551
0.017092
0.010406
0.004030
-0.004089
-0.012480
-0.015354
-0.016631
-0.021900
-0.027522
-0.030531
-0.031190
-0.028620
-0.023504
-0.015048
-0.003923
0.005095
0.011543
0.017522
0.021211
0.022132
0.022298
0.023049
0.024679
0.026857
0.026696
0.020893
0.012128
0.004331
-0.000794
-0.000911
0.002677
0.006519
0.007636
0.008186
0.010011
0.012019
0.013131
0.013983
0.014500
0.014306
0.014284
0.014377
0.013216
0.010893
0.008439
0.004124
-0.003166
-0.011270
-0.014912
-0.013508
-0.010641
-0.008263
-0.003541
0.002124
0.004191
0.006179
0.008362
0.008665
0.008504
0.009912
0.013112
0.015790
0.017489
0.019416
0.019101
0.016699
0.013926
0.012644
0.012248
0.010400
0.008848
0.007381
0.003774
0.000864
-0.000179
-0.001564
-0.003162
-0.003187
-0.001704
-0.000642
-0.000260
0.000242
0.000853
0.003514
0.007435
0.009864
0.013149
0.016462
0.015667
0.010863
0.004037
-0.004535
-0.013590
-0.018503
-0.018647
-0.018694
-0.020585
-0.023188
-0.022925
-0.019272
-0.014383
-0.008122
-0.002293
0.000609
0.002257
0.004048
0.003359
-0.002674
-0.012924
-0.019775
-0.020395
-0.020610
-0.020526
-0.020553
-0.022805
-0.025283
-0.026753
-0.027304
-0.027842
-0.025430
-0.019768
-0.010432
-0.006261
-0.004385
-0.002976
-0.004170
-0.005406
-0.005649
-0.004491
-0.006591
-0.008339
-0.009603
-0.011735
-0.012181
-0.009040
-0.007486
-0.005548
-0.004234
-0.010115
-0.015665
-0.015055
-0.012709
-0.005743
0.000196
0.003134
0.000489
-0.008322
-0.009851
-0.010004
-0.009576
-0.008854
-0.009274
-0.008006
-0.008323
-0.009886
-0.012152
-0.012718
-0.012144
-0.010644
-0.011337
-0.013770
-0.013773
-0.012545
-0.010940
-0.006714
-0.001995
0.000777
0.001960
0.000950
-0.004002
-0.008854
-0.011043
-0.011538
-0.012051
-0.007595
-0.004293
-0.002644
-0.002757
-0.006201
-0.007561
-0.006984
-0.005393
-0.003610
-0.001998
-0.001010
-0.001402
-0.001697
0.001574
0.004714
0.005283
0.004492
0.003992
0.003606
0.002257
0.003082
0.005553
0.007363
0.006542
0.001026
-0.006149
-0.010479
-0.009104
-0.006199
-0.004688
-0.002031
-0.000590
-0.001881
-0.002233
0.002153
0.006760
0.009326
0.013702
0.014443
0.010637
0.007824
0.003743
-0.002109
-0.005995
-0.008078
-0.010244
-0.012560
-0.014888
-0.016220
-0.015427
-0.014494
-0.013722
-0.012992
-0.012496
-0.011842
-0.009289
-0.006230
-0.003006
-0.000327
-0.000580
-0.000360
0.001499
0.003351
0.004413
0.003944
0.003827
0.002418
-0.000510
-0.003588
-0.007504
-0.014074
-0.019541
-0.020865
-0.020360
-0.020650
-0.021143
-0.017433
-0.011099
-0.002809
0.002326
0.003254
0.005273
0.009148
0.010014
0.006982
0.005847
0.005689
0.007881
0.009532
0.008796
0.005740
0.000211
-0.004969
-0.009118
-0.009556
-0.010556
-0.011314
-0.008939
-0.004205
0.001442
0.005660
0.006805
0.007629
0.007778
0.008599
0.010743
0.012132
0.013111
0.015061
0.015711
0.012321
0.007948
0.005880
0.004900
0.005220
0.007888
0.008929
0.007785
0.004637
0.003121
0.002690
0.002595
0.002915
0.003507
0.004813
0.003864
0.002649
0.004222
0.005830
0.007213
0.006716
0.003326
-0.001458
-0.005956
-0.007716
-0.007028
-0.005352
-0.003042
-0.000984
-0.000643
-0.001104
-0.001163
0.000292
0.002662
0.003298
0.004438
0.006568
0.011256
0.014895
0.017230
0.016512
0.013544
0.009857
0.004862
-0.000623
-0.002548
-0.001891
-0.005185
-0.008155
-0.009686
-0.010406
-0.010674
-0.009331
-0.007247
-0.003624
-0.002808
-0.000705
0.003454
0.005611
0.002633
0.000977
0.004174
0.005052
0.002303
0.000226
-0.000698
0.000175
-0.000846
-0.004226
-0.007030
-0.009458
-0.011128
-0.013371
-0.012008
-0.006728
-0.002229
0.001033
0.002369
0.003518
0.005527
0.005866
0.006493
0.006603
0.005036
0.004210
0.005732
0.004820
0.002179
-0.000727
-0.002695
-0.004114
-0.006498
-0.005094
0.001169
0.008035
0.013825
0.017991
0.019195
0.016340
0.011363
0.010178
0.010003
0.008817
0.007028
0.003925
-0.001004
-0.006285
-0.008535
-0.007622
-0.009190
-0.011600
-0.011902
-0.009103
-0.008288
-0.005570
-0.000361
0.003075
0.004658
0.006071
0.003604
-0.001153
-0.004782
-0.006677
-0.005915
-0.006517
-0.008054
-0.005813
-0.003694
-0.001065
0.001538
0.001430
0.001581
0.003936
0.008077
0.010240
0.011925
0.011800
0.009696
0.008197
0.006519
0.006969
0.006584
0.009581
0.010713
0.005741
-0.002062
-0.003268
-0.003727
0.000388
0.003926
0.006162
0.008762
0.007762
0.004203
0.003891
0.004654
0.002671
0.001174
0.000774
-0.000443
-0.002851
-0.003629
-0.001672
0.004335
0.009992
0.013164
0.014970
0.014309
0.012304
0.010824
0.011301
0.012617
0.014145
0.017577
0.020820
0.016261
0.008443
0.005824
0.000864
-0.000323
0.000134
0.001089
0.006977
0.010428
0.009599
0.013245
0.012970
0.010836
0.009041
0.007503
0.007806
0.009884
0.009814
0.006920
0.005371
0.004921
0.003547
0.002945
0.004036
0.005490
0.006602
0.007896
0.006790
0.001769
-0.001830
-0.001740
0.000067
0.007799
0.017064
0.024789
0.030529
0.028500
0.018486
0.009689
0.005728
0.003877
0.003429
0.002081
-0.000442
-0.002129
-0.002585
-0.002721
-0.004179
-0.005126
-0.007089
-0.008433
-0.006924
-0.004284
0.001282
0.009084
0.012440
0.011749
0.010109
0.009903
0.011030
0.009221
0.006977
0.005087
0.002843
-0.000162
-0.001744
-0.001790
-0.002178
-0.000788
0.001577
0.001527
-0.001948
-0.006757
-0.007824
-0.008616
-0.009581
-0.010038
-0.007471
-0.005383
-0.006856
-0.006605
-0.004378
-0.003000
-0.002521
-0.001702
-0.000366
0.001805
0.002653
0.003053
0.003966
0.003920
0.003360
0.000408
-0.004139
-0.004960
-0.004282
-0.006579
-0.008534
-0.007485
-0.005772
-0.005924
-0.004278
-0.001372
0.001432
0.002299
0.000070
-0.003069
0.001383
0.007334
0.007560
0.005568
0.002598
-0.004003
-0.007164
-0.006800
-0.006410
-0.007156
-0.008940
-0.007561
-0.003860
-0.000807
0.001169
0.006695
0.008031
0.005224
0.004818
0.005485
0.006277
0.006335
0.005383
0.002037
-0.002936
-0.007233
-0.011245
-0.008484
-0.003459
0.000542
0.006138
0.008531
0.009292
0.010995
0.010988
0.008718
0.006479
0.003594
-0.002264
-0.010096
-0.013605
-0.013340
-0.014599
-0.014394
-0.010269
-0.007833
-0.006421
-0.003110
-0.002237
-0.003670
0.000197
0.008596
0.016991
0.022183
0.021783
0.012390
-0.000406
-0.010462
-0.014296
-0.013343
-0.008745
-0.006783
-0.004914
-0.002263
-0.003760
-0.004735
-0.001426
0.004273
0.007652
0.009451
0.009508
0.008306
0.006305
0.004425
0.001627
-0.004449
-0.007945
-0.007619
-0.007807
-0.009163
-0.008402
-0.005915
-0.002502
0.001228
0.003879
0.005188
0.005932
0.006021
0.005673
0.007061
0.007482
0.005443
0.003761
0.002721
0.001632
0.000054
-0.001524
-0.003136
-0.004652
-0.006111
-0.006223
-0.004130
-0.003427
-0.004795
-0.004982
-0.002645
-0.000890
-0.001610
-0.002490
-0.002153
-0.002580
-0.004504
-0.005217
-0.004831
-0.004260
-0.003771
-0.002584
-0.001051
0.000532
0.002474
0.004380
0.005878
0.005698
0.003951
0.001947
0.000626
0.000802
0.000639
-0.000817
-0.001575
-0.002036
-0.003228
-0.004529
-0.005128
-0.004264
-0.003342
-0.002219
-0.000117
0.001614
0.001254
-0.000308
-0.000683
-0.001573
-0.003663
-0.004414
-0.006370
-0.011159
-0.014903
-0.016526
-0.016931
-0.015585
-0.012717
-0.010541
-0.008546
-0.005206
-0.003356
-0.002566
-0.000560
0.001442
0.002465
-0.000117
-0.005682
-0.010836
-0.013189
-0.014077
-0.014529
-0.014737
-0.015189
-0.014713
-0.013480
-0.012868
-0.010630
-0.006811
-0.004598
-0.002916
-0.001347
-0.003038
-0.006171
-0.006550
-0.005302
-0.006784
-0.010141
-0.010266
-0.009689
-0.011186
-0.011791
-0.011164
-0.010709
-0.009215
-0.006747
-0.005112
-0.006317
-0.008153
-0.007785
-0.007489
-0.007586
-0.007319
-0.006205
-0.005580
-0.007099
-0.007539
-0.005355
-0.002247
0.000531
0.002500
0.005737
0.007061
0.002847
-0.000660
-0.001501
-0.001445
-0.002592
-0.002106
-0.000637
-0.000846
-0.001042
-0.001995
-0.003401
-0.003732
-0.002061
-0.000313
0.001235
0.002698
0.003351
0.003365
0.001307
0.000057
0.001436
0.003080
0.003017
0.003864
0.003842
0.000030
-0.006087
-0.006304
-0.004259
-0.005063
-0.004237
-0.001220
0.002901
0.006341
0.007467
0.008622
0.011387
0.014990
0.016857
0.016436
0.014561
0.012592
0.011007
0.008466
0.005298
0.002248
-0.001923
-0.006953
-0.009238
-0.008938
-0.009082
-0.007748
-0.005780
-0.005420
-0.005130
-0.004480
-0.006578
-0.009196
-0.009685
-0.010261
-0.009094
-0.006649
-0.005748
-0.005350
-0.006371
-0.006815
-0.005087
0.000150
0.006634
0.012123
0.012729
0.007363
0.001042
0.000756
0.001228
-0.001062
-0.002611
-0.001001
0.001371
0.000058
-0.004711
-0.008028
-0.008373
-0.009051
-0.009880
-0.007801
-0.005156
-0.004312
-0.005573
-0.007088
-0.006060
-0.002641
-0.000382
-0.000644
-0.000532
0.000988
0.002491
0.003483
0.004546
0.006455
0.007405
0.006777
0.005776
0.003046
0.000519
-0.001534
-0.003172
-0.003810
-0.003781
-0.006508
-0.011893
-0.015521
-0.014902
-0.017840
-0.019448
-0.016623
-0.013587
-0.011789
-0.009445
-0.005473
-0.003493
-0.003734
-0.004492
-0.005650
-0.004399
-0.002725
-0.001256
-0.000995
-0.002717
-0.003558
-0.004802
-0.005614
-0.005342
-0.006126
-0.006980
-0.007828
-0.008123
-0.008470
-0.007268
-0.004197
-0.001077
0.001722
0.005013
0.006780
0.006618
0.005368
0.004297
0.003219
0.003478
0.004002
0.003498
0.002772
0.001698
0.000777
0.001325
0.002458
0.001329
0.000564
0.002256
0.003607
0.002400
0.002567
0.003539
0.003689
0.004693
0.007207
0.009147
0.009445
0.009402
0.008607
0.008542
0.009391
0.010196
0.008837
0.006701
0.004808
0.003504
0.003667
0.002324
0.001798
0.003547
0.004950
0.005034
0.004462
0.004354
0.005083
0.007255
0.008502
0.008652
0.009147
0.009382
0.009141
0.008450
0.008304
0.007562
0.006194
0.005100
0.004533
0.004342
0.002634
0.001881
0.001722
0.001667
0.001682
0.001698
0.002616
0.003856
0.004492
0.004027
0.003659
0.003825
0.003076
0.003061
0.004411
0.004966
0.005844
0.005086
0.004578
0.005950
0.005163
0.002022
-0.000225
-0.001177
-0.001688
-0.002394
-0.002825
-0.003342
-0.001545
0.000250
0.000484
0.000981
0.002036
0.002130
0.001333
-0.000308
-0.000869
-0.002681
-0.003219
-0.003536
-0.005004
-0.006439
-0.007000
-0.006169
-0.004647
-0.003876
-0.003186
-0.001540
-0.001527
0.000240
0.001662
0.000894
0.000490
0.001437
0.003015
0.003045
0.002980
0.002108
0.003153
0.003761
0.002916
0.001337
0.000683
0.002659
0.002962
0.002092
0.003230
0.005173
0.006814
0.005814
0.004957
0.005666
0.006279
0.006140
0.006271
0.006736
0.002728
-0.000160
-0.000330
-0.001758
-0.001636
-0.000156
0.002017
0.004203
0.006533
0.008520
0.010126
0.009303
0.007342
0.005006
0.004935
0.006022
0.006955
0.006762
0.006874
0.006847
0.006262
0.005652
0.006565
0.008372
0.009413
0.009112
0.005164
0.002029
0.002532
0.002104
0.001474
0.002937
0.003753
0.003060
0.002892
0.001784
0.000536
-0.000019
-0.000128
0.000803
0.003046
0.004719
0.003404
0.004338
0.006483
0.009115
0.008753
0.006418
0.006370
0.006904
0.007655
0.008556
0.008518
0.008742
0.007828
0.006226
0.006816
0.005499
0.003412
0.002820
0.004629
0.004912
0.003687
0.002851
0.002051
0.001080
0.000148
-0.000902
-0.002300
-0.001845
-0.001170
-0.001107
-0.000288
0.000074
-0.001578
-0.004045
-0.003919
-0.002526
-0.002175
-0.002359
-0.003950
-0.004802
-0.003175
-0.002190
-0.003063
-0.005066
-0.006665
-0.007431
-0.006452
-0.003879
-0.001916
-0.002047
-0.003279
-0.003727
-0.003453
-0.003023
-0.003414
-0.003087
-0.001347
-0.000297
0.000741
0.001486
0.001542
0.001336
0.001939
0.002263
0.001457
0.002057
0.003517
0.002458
-0.000300
-0.001135
-0.001595
-0.003017
-0.003517
-0.003687
-0.004892
-0.004929
-0.003145
-0.002390
-0.002160
-0.001010
0.000485
0.003773
0.005740
0.003496
0.001955
0.002919
0.003807
0.003669
0.002424
0.001607
0.001309
0.000416
-0.001431
-0.002352
-0.002115
-0.001145
-0.000160
-0.000127
-0.000193
0.000615
0.002127
0.004512
0.006264
0.008208
0.009957
0.007889
0.005857
0.006651
0.006666
0.005641
0.004318
0.002543
0.001499
-0.000347
-0.003070
-0.002972
-0.001015
-0.000582
0.000323
0.003139
0.005101
0.004405
0.003619
0.004238
0.005053
0.006203
0.007120
0.005805
0.004060
0.004174
0.005208
0.005413
0.005733
0.007331
0.007772
0.006128
0.005339
0.005671
0.006379
0.007640
0.009159
0.009045
0.008243
0.008960
0.010055
0.009213
0.007629
0.008150
0.010249
0.010562
0.008697
0.007305
0.008167
0.009036
0.007416
0.006263
0.006934
0.006739
0.005139
0.004463
0.004604
0.004120
0.003428
0.002999
0.003930
0.005650
0.005239
0.003796
0.004011
0.003317
0.002731
0.002590
0.002183
0.001594
0.001549
0.000583
-0.000865
-0.000932
-0.000846
-0.000719
-0.000074
0.001020
0.001370
0.001159
0.000540
-0.000031
0.001375
0.003185
0.003670
0.002818
0.000238
-0.002520
-0.003190
-0.003274
-0.003608
-0.004340
-0.004353
-0.004507
-0.005099
-0.005256
-0.005787
-0.006165
-0.005703
-0.004768
-0.004584
-0.004973
-0.003999
-0.002818
-0.003835
-0.003955
-0.004295
-0.005954
-0.007620
-0.006288
-0.004957
-0.004667
-0.004218
-0.004607
-0.005790
-0.005988
-0.006091
-0.006407
-0.007071
-0.005927
-0.005328
-0.005090
-0.005046
-0.004481
-0.005239
-0.004644
-0.005221
-0.005386
-0.004087
-0.004960
-0.004564
-0.003738
-0.003259
-0.004207
-0.003209
-0.004450
-0.006061
-0.007420
-0.008113
-0.008585
-0.008813
-0.007767
-0.007936
-0.009173
-0.010047
-0.009917
-0.010311
-0.010366
-0.010157
-0.010237
-0.009827
-0.008355
-0.007769
-0.007122
-0.004764
-0.003698
-0.004851
-0.005160
-0.003789
-0.002703
-0.002687
-0.002584
-0.002732
-0.003484
-0.004854
-0.006280
-0.006727
-0.006933
-0.008047
-0.008582
-0.007871
-0.006231
-0.005855
-0.006897
-0.007018
-0.005799
-0.005159
-0.004684
-0.003085
-0.002406
-0.002457
-0.002461
-0.003459
-0.004607
-0.005246
-0.005961
-0.006908
-0.007658
-0.007514
-0.007217
-0.007403
-0.007518
-0.006421
-0.005051
-0.004537
-0.005238
-0.005402
-0.004400
-0.004810
-0.004398
-0.002497
-0.000543
0.000420
0.001462
0.001805
0.001821
-0.000168
-0.002443
-0.006659
-0.005606
-0.005123
-0.010086
-0.012761
-0.010601
-0.009579
-0.010361
-0.009357
-0.010021
-0.008128
-0.004812
-0.002943
-0.000071
0.003436
0.002627
0.003590
0.005897
0.006765
0.006101
0.005791
0.005881
0.004308
0.001676
-0.000234
-0.001598
-0.002902
-0.003275
-0.003344
-0.004906
-0.006102
-0.004952
-0.003037
-0.001863
-0.000717
-0.000117
0.000609
0.001370
0.001661
0.002484
0.002661
0.003238
0.004563
0.002847
0.001333
0.001780
0.001882
0.001834
0.002361
0.003104
0.003965
0.004876
0.004223
0.002552
0.001547
0.001835
0.001141
0.000233
0.000470
0.000704
0.000431
0.000193
0.000316
0.001095
0.002560
0.004065
0.004829
0.004899
0.005103
0.004990
0.003397
0.001960
0.002483
0.003094
0.001978
0.000879
0.000456
0.000233
-0.000747
-0.002853
-0.004041
-0.003045
-0.000114
0.001444
0.001041
0.000907
0.000399
0.001590
0.003054
0.003883
0.005423
0.005004
0.001895
-0.000550
-0.001098
-0.000584
-0.002091
-0.003266
-0.003917
-0.005091
-0.006378
-0.008051
-0.007431
-0.003844
-0.002109
-0.004176
-0.004857
-0.002621
-0.001776
-0.001664
-0.001531
0.000319
-0.001053
-0.003118
-0.002724
-0.003921
-0.004606
-0.006170
-0.005880
-0.003731
-0.003061
-0.004189
-0.004200
-0.003078
-0.003802
-0.003757
-0.002346
-0.002478
-0.003688
-0.004979
-0.005717
-0.006310
-0.006803
-0.006122
-0.005107
-0.005276
-0.005538
-0.006338
-0.006098
-0.004873
-0.004068
-0.003542
-0.003315
-0.004363
-0.005030
-0.005116
-0.005219
-0.005137
-0.004483
-0.004748
-0.005848
-0.006493
-0.006639
-0.007568
-0.008253
-0.008284
-0.007690
-0.005657
-0.004896
-0.004398
-0.003002
-0.002062
-0.002198
-0.002130
-0.000334
0.000849
0.000514
-0.001259
-0.002711
-0.002109
-0.001352
-0.002560
-0.004256
-0.004419
-0.004790
-0.005956
-0.005776
-0.004402
-0.003985
-0.002913
-0.002366
-0.000521
0.002640
0.002319
0.000738
0.001221
0.001617
-0.000651
-0.001007
-0.000969
-0.000968
-0.001221
-0.002534
-0.002706
-0.003403
-0.004441
-0.003991
-0.003482
-0.003348
-0.002710
-0.002380
-0.001387
-0.000213
0.000170
-0.000364
-0.000131
0.001127
0.001520
0.002332
0.003553
0.003760
0.003208
0.003207
0.003526
0.003046
0.002187
0.001845
0.001597
0.001287
0.001514
0.002992
0.003360
0.002447
0.002186
0.002970
0.004902
0.006230
0.005642
0.004906
0.005274
0.005558
0.004795
0.005474
0.006093
0.005864
0.006254
0.005691
0.004903
0.003211
0.002303
0.002848
0.002103
0.001054
-0.001169
-0.002290
-0.002205
-0.001563
-0.000355
0.000538
0.001024
0.001887
0.003204
0.003762
0.004156
0.005845
0.005656
0.004370
0.003334
0.003113
0.003363
0.002188
0.000531
-0.000418
-0.000391
0.000059
0.000146
0.001008
0.002201
0.001736
0.001629
0.001809
-0.000005
-0.001578
-0.001890
-0.002231
-0.002000
-0.001238
-0.001521
-0.003644
-0.004521
-0.003241
-0.001775
-0.000962
-0.000419
0.000438
0.001355
0.001304
0.000067
-0.000912
-0.000536
-0.000157
-0.001042
-0.001033
-0.000454
-0.001415
-0.002374
-0.002700
-0.002704
-0.002548
-0.002234
-0.000785
0.000237
0.001151
0.002499
0.003229
0.003090
0.002858
0.003147
0.003597
0.004158
0.004593
0.004254
0.004045
0.004925
0.006381
0.007107
0.006326
0.004664
0.004459
0.005372
0.004853
0.002985
0.001911
0.002145
0.002813
0.003726
0.004177
0.004118
0.006024
0.008780
0.010906
0.012811
0.015033
0.014783
0.013021
0.011716
0.012134
0.013182
0.011597
0.009324
0.007407
0.005613
0.004588
0.003341
0.002428
0.002871
0.004402
0.005282
0.005566
0.006265
0.007538
0.009156
0.010907
0.012010
0.013530
0.014879
0.015893
0.014981
0.013295
0.013061
0.013580
0.012525
0.010973
0.010495
0.010658
0.009481
0.008719
0.009631
0.009001
0.008380
0.008266
0.007070
0.006262
0.006425
0.006182
0.006477
0.005646
0.005332
0.005368
0.005484
0.007316
0.007643
0.007979
0.009170
0.009856
0.009363
0.009433
0.010669
0.009603
0.009047
0.009552
0.008124
0.005801
0.006232
0.006277
0.005336
0.002781
0.001823
0.001615
-0.000177
-0.000605
0.000568
0.002334
0.002436
0.003692
0.006035
0.005805
0.004983
0.005830
0.004640
0.002881
0.002616
0.002934
0.002200
0.000539
-0.000523
-0.000393
-0.001027
-0.003182
-0.003850
-0.002556
-0.000849
-0.000952
-0.002970
-0.004219
-0.003604
-0.002580
-0.001424
-0.000804
-0.001114
-0.001483
-0.002004
-0.002234
-0.002535
-0.002967
-0.003284
-0.002421
-0.001030
-0.000738
-0.000823
-0.000299
0.000253
0.001498
0.002638
0.003402
0.004669
0.006087
0.005099
0.003225
0.003070
0.003289
0.001680
0.001134
0.001000
0.000638
-0.000511
-0.001714
-0.002491
-0.002506
0.000167
0.000063
-0.000979
0.001405
0.001823
0.000615
0.000633
0.001333
0.001266
-0.000413
-0.003040
-0.003411
-0.001299
0.000150
-0.000375
-0.001320
-0.001227
-0.001276
-0.001818
-0.001753
-0.002180
-0.003542
-0.003839
-0.002338
-0.000280
0.000388
-0.000186
0.000131
0.000341
-0.000750
-0.001435
-0.000608
-0.000280
-0.000191
-0.001043
-0.002095
-0.002402
-0.003219
-0.004279
-0.004726
-0.005485
-0.006605
-0.005595
-0.003897
-0.003881
-0.004215
-0.003649
-0.003849
-0.003394
-0.001138
-0.000471
-0.000361
0.001278
0.001877
0.000933
-0.000395
-0.001304
-0.001824
-0.003302
-0.004384
-0.005176
-0.006735
-0.007710
-0.006378
-0.005294
-0.006160
-0.006736
-0.005713
-0.004158
-0.003906
-0.004849
-0.006074
-0.006202
-0.004162
-0.003376
-0.004492
-0.005173
-0.006533
-0.008030
-0.006530
-0.005153
-0.006695
-0.008344
-0.008070
-0.006550
-0.004718
-0.005203
-0.005664
-0.003587
-0.003875
-0.006229
-0.005931
-0.004802
-0.005557
-0.006673
-0.005681
-0.003782
-0.003140
-0.003979
-0.004426
-0.003399
-0.003569
-0.004135
-0.004030
-0.005161
-0.006482
-0.006461
-0.005671
-0.005260
-0.005765
-0.006995
-0.008217
-0.009567
-0.009599
-0.008556
-0.006830
-0.005303
-0.005050
-0.003953
-0.003406
-0.004344
-0.004265
-0.002483
-0.003035
-0.005938
-0.006993
-0.006590
-0.005372
-0.003605
-0.003578
-0.003663
-0.002959
-0.002880
-0.001689
-0.000352
-0.000969
-0.002936
-0.003716
-0.002514
-0.000716
-0.000673
-0.001758
-0.001862
-0.001435
-0.001828
-0.002169
-0.002036
-0.003188
-0.003969
-0.003493
-0.003800
-0.004846
-0.004755
-0.004099
-0.002907
-0.001302
-0.001310
-0.002080
-0.001399
-0.000299
-0.000994
-0.001459
-0.000549
-0.001590
-0.003489
-0.002911
-0.001967
-0.002306
-0.002869
-0.002663
-0.001077
0.000832
0.000572
-0.001202
-0.002071
-0.000564
0.000784
-0.000512
-0.000759
-0.000238
-0.001629
-0.003134
-0.003090
-0.002368
-0.002504
-0.003435
-0.003634
-0.002892
-0.001768
-0.000657
-0.000641
0.000611
0.000788
-0.000493
-0.000383
-0.000205
-0.000689
-0.000086
0.000696
0.000250
-0.000258
-0.000794
-0.001977
-0.002734
-0.001498
0.000440
0.000945
0.001260
0.001549
0.002268
0.003473
0.003749
0.001337
-0.000047
0.001166
0.000579
-0.001967
-0.002404
-0.001173
-0.000399
-0.000406
-0.000217
0.000914
0.000524
-0.001129
-0.000406
0.003140
0.004521
0.003283
0.003154
0.002586
0.001083
0.002259
0.004303
0.002240
-0.000998
-0.001238
-0.000088
0.001250
0.001478
0.000471
0.000927
0.002065
0.002151
0.000305
-0.000976
-0.000771
-0.001495
-0.002269
-0.002492
-0.002407
-0.002681
-0.003949
-0.003926
-0.002490
-0.001731
-0.000610
0.000352
0.000233
0.000304
-0.000014
-0.000085
0.000339
-0.000242
-0.000540
-0.001115
-0.003183
-0.004261
-0.004448
-0.005357
-0.005330
-0.005046
-0.005109
-0.004007
-0.002876
-0.002609
-0.001180
-0.000053
-0.000081
0.000763
0.001791
0.002507
0.002453
0.001912
0.002753
0.002493
0.001905
0.001069
0.000511
0.000846
-0.000706
-0.001615
-0.000173
0.000841
0.001635
0.003041
0.003636
0.002743
0.001212
-0.000152
0.000125
0.001070
0.001601
0.002307
0.002735
0.003295
0.003197
0.001384
0.000496
0.000809
0.001249
-0.000074
-0.000651
0.000032
0.000066
0.000287
0.000362
0.000781
0.000592
-0.000845
-0.000568
0.000793
0.000638
0.000171
0.001593
0.002894
0.002125
0.001628
0.002778
0.003548
0.002894
0.001390
-0.000150
0.000386
0.000949
0.000160
0.000005
0.000936
0.000622
-0.000343
-0.000188
0.000076
-0.000469
0.000673
0.002627
0.002497
0.002387
0.003518
0.003415
0.002941
0.001806
0.000149
-0.000424
0.000065
0.000221
-0.000932
-0.001791
-0.002162
-0.003183
-0.004216
-0.004415
-0.004738
-0.004398
-0.004711
-0.005395
-0.003949
-0.001320
-0.000714
-0.001957
-0.001974
-0.000334
0.000129
-0.000589
-0.000424
0.000358
-0.000796
-0.000216
-0.000449
0.000234
0.000257
-0.000227
-0.002948
-0.004750
-0.004106
-0.002268
-0.001675
-0.003291
-0.001963
-0.000001
-0.001460
-0.002213
-0.001260
-0.003132
0.001360
0.003374
-0.001302
-0.002794
-0.001117
0.000239
-0.001382
-0.003505
-0.003103
-0.003107
-0.003487
-0.003695
-0.004266
-0.002037
-0.001722
-0.002749
-0.001375
0.000241
-0.000644
-0.002531
-0.001761
0.000629
0.001603
0.001783
0.002499
0.003447
0.003215
0.002889
0.003243
0.003486
0.003495
0.002836
0.000610
0.000435
-0.000490
-0.000479
-0.000195
-0.001368
-0.000507
-0.000081
-0.000708
-0.000936
-0.000193
0.002419
0.003205
0.002112
0.002633
0.002485
0.003434
0.003558
0.001874
0.002002
0.002555
0.001924
0.003317
0.001408
0.000460
0.001492
0.002343
0.003807
0.002460
0.002829
0.004863
0.004226
0.002496
0.004019
0.004961
0.004025
0.002185
0.001454
0.002296
0.001279
-0.000337
0.000005
0.000939
0.001806
0.001217
0.000867
0.002220
0.002634
0.003160
0.003287
0.003839
0.002538
0.001098
0.002257
0.004141
0.003563
0.002458
0.002381
0.001457
0.000896
0.002298
0.001939
0.003576
0.004811
0.003974
0.004643
0.005092
0.004918
0.004339
0.002327
0.002557
0.003709
0.002941
0.000377
0.001289
0.001886
0.002014
0.001246
0.003051
0.003882
0.004122
0.005069
0.004897
0.004316
0.003407
0.003839
0.004135
0.002776
0.002287
0.001408
0.001513
0.003372
0.000955
0.000613
0.003971
0.005107
0.003226
0.001755
0.004055
0.006429
0.006520
0.005332
0.005489
0.006768
0.004306
0.002378
0.002404
0.002155
0.002175
0.002195
0.001910
0.002007
0.003165
0.003019
0.002558
0.003597
0.002642
0.002480
0.003892
0.003401
0.004366
0.002740
0.003138
0.003980
0.001650
-0.001915
-0.000738
0.000928
-0.000685
-0.000705
-0.001427
-0.001049
0.001415
0.000319
0.000110
0.001052
0.002375
0.003257
0.002511
0.002055
0.002780
0.003624
0.001074
0.000318
0.000614
0.000877
0.000537
-0.001133
-0.002321
-0.001308
0.000458
-0.000643
-0.003771
-0.003568
-0.003118
-0.003212
-0.003347
-0.003292
-0.002238
-0.002440
-0.002400
-0.000005
-0.000277
-0.002360
-0.000887
0.000189
-0.000444
-0.001700
-0.004477
-0.003332
-0.004217
-0.006356
-0.006981
-0.005721
-0.002949
-0.002676
-0.004315
-0.004568
-0.003630
-0.003359
-0.003320
-0.002608
-0.003499
-0.003131
-0.003528
-0.004310
-0.006676
-0.008578
-0.006953
-0.004688
-0.003947
-0.003165
-0.003475
-0.002825
-0.002725
-0.003994
-0.003597
-0.001043
0.001949
-0.001411
-0.006157
-0.003503
-0.002275
-0.004472
-0.003482
-0.001953
-0.002942
-0.000965
-0.002273
-0.002371
-0.001635
-0.002873
-0.002533
-0.000939
-0.000332
0.000179
-0.000524
0.000334
0.001294
-0.000071
-0.000422
0.000256
0.000013
-0.000766
0.000240
0.000167
-0.000958
-0.000828
-0.001149
0.000485
0.000808
0.000272
0.001980
0.003928
0.003507
0.002611
0.001610
0.003080
0.004330
0.004427
0.003861
0.003596
0.003763
0.002654
0.000687
0.000475
0.000955
0.000786
0.000613
0.000521
0.001730
0.002483
0.002559
0.003538
0.004235
0.003821
0.003724
0.004720
0.006133
0.006364
0.005734
0.006231
0.007282
0.006890
0.005088
0.003450
0.004356
0.005839
0.005125
0.003505
0.003138
0.003324
0.003747
0.003699
0.004455
0.005460
0.005735
0.005730
0.005603
0.005677
0.005712
0.004961
0.004519
0.004901
0.005045
0.004808
0.004863
0.005680
0.006236
0.006521
0.006698
0.006405
0.005627
0.005407
0.006136
0.007240
0.007103
0.006443
0.006248
0.005469
0.004505
0.004576
0.004005
0.002706
0.002974
0.004250
0.003477
0.003431
0.003997
0.004076
0.004777
0.005055
0.004686
0.004845
0.005763
0.005105
0.004022
0.002563
0.002689
0.003552
0.003326
0.003103
0.003323
0.001199
0.001965
0.002923
0.003065
0.002953
0.002456
0.001289
0.000687
0.002371
0.002159
-0.001089
-0.000734
0.002013
0.001952
0.001431
-0.000041
-0.001069
0.000128
0.002167
0.002336
0.000368
0.001219
0.001689
-0.000937
-0.000723
0.001459
0.000158
-0.001069
-0.000474
0.000040
-0.000505
-0.001586
-0.000495
-0.000774
-0.000047
0.001301
0.000468
-0.001217
-0.001126
-0.001295
-0.001290
-0.001382
-0.002705
-0.002736
-0.002510
-0.003562
-0.004574
-0.005884
-0.005479
-0.004732
-0.005008
-0.004643
-0.002860
-0.003130
-0.004157
-0.003875
-0.003377
-0.003879
-0.005812
-0.006881
-0.004904
-0.003511
-0.003368
-0.005073
-0.005348
-0.004312
-0.003779
-0.004557
-0.007144
-0.005848
-0.003581
-0.002553
-0.003709
-0.004927
-0.005185
-0.004513
-0.004618
-0.005556
-0.005070
-0.005592
-0.005992
-0.006516
-0.007805
-0.007025
-0.006786
-0.006034
-0.005287
-0.005840
-0.005747
-0.004413
-0.003500
-0.002363
-0.002799
-0.003920
-0.005280
-0.006440
-0.005054
-0.003089
-0.003525
-0.006052
-0.006929
-0.006115
-0.007323
-0.008978
-0.006985
-0.004528
-0.003994
-0.005302
-0.005687
-0.004477
-0.003596
-0.004424
-0.003100
-0.000809
-0.001528
-0.002197
-0.000971
-0.001950
-0.005596
-0.005801
-0.003449
-0.002598
-0.003861
-0.004177
-0.003282
-0.004568
-0.006367
-0.006320
-0.005409
-0.005438
-0.005999
-0.006040
-0.005172
-0.004065
-0.004968
-0.006303
-0.004927
-0.003182
-0.003845
-0.006544
-0.006440
-0.004706
-0.004118
-0.003003
-0.002733
-0.003451
-0.003451
-0.003104
-0.004091
-0.004806
-0.002865
-0.001247
-0.001686
-0.002773
-0.004166
-0.006622
-0.007126
-0.004948
-0.004023
-0.003493
-0.002924
-0.004052
-0.004964
-0.004156
-0.003435
-0.003160
-0.002885
-0.002968
-0.001945
-0.000470
-0.000983
-0.001711
-0.001320
-0.000402
-0.000543
-0.002507
-0.003600
-0.002129
-0.001091
-0.003693
-0.004988
-0.002333
-0.000290
0.000243
0.000404
-0.000162
-0.001044
-0.001664
-0.000824
-0.000528
-0.001073
-0.002461
-0.003114
-0.001827
-0.001911
-0.003129
-0.002992
-0.001395
0.000263
-0.000299
-0.001066
-0.000744
0.000796
0.001560
-0.000008
-0.000665
0.000489
-0.000399
-0.000453
0.001351
0.001513
0.000318
-0.000706
-0.000781
-0.001866
-0.001061
0.000662
0.000458
0.000667
0.001898
0.002173
0.002788
0.003534
0.001555
0.000929
0.001902
0.001553
0.001966
0.002666
0.004483
0.003857
0.001187
-0.000538
0.000954
0.002329
0.002587
0.001982
0.003049
0.004501
0.003940
0.003362
0.003742
0.004216
0.003868
0.002285
0.001287
0.002415
0.004052
0.003427
0.002479
0.003159
0.004059
0.002393
0.001042
0.001549
0.001355
0.000784
0.001327
0.004571
0.005071
0.002854
0.002074
0.002726
0.000705
0.000614
0.002237
0.002926
0.002908
0.003659
0.002635
0.001456
0.001182
0.002376
0.003920
0.003063
0.001536
0.001224
0.002010
0.002036
0.000312
-0.001725
-0.001448
0.000839
0.002574
0.001948
0.000869
0.001007
0.001108
0.001181
0.002122
0.003222
0.004059
0.003973
0.003350
0.001473
-0.000167
-0.000117
0.001217
0.001823
0.000144
-0.000929
-0.000371
-0.000056
-0.001459
-0.001294
-0.000167
-0.000061
0.000878
0.001956
0.002744
0.002360
0.001373
0.001086
0.002048
0.002887
0.003006
0.002177
0.001509
0.001794
0.001399
0.001152
0.002915
0.003889
0.003010
0.003261
0.004110
0.004024
0.003570
0.003018
0.003370
0.003320
0.002817
0.003232
0.002293
0.000811
-0.000171
-0.000404
0.000250
0.001080
0.001199
0.001577
0.002748
0.002802
0.002227
0.002461
0.004001
0.004991
0.003720
0.003697
0.003392
0.001791
-0.000387
-0.001935
-0.001299
-0.000352
0.000064
-0.000233
0.000180
0.000304
-0.001016
-0.001906
0.000007
0.002857
0.003289
0.002011
0.001209
0.000042
0.000262
0.001180
0.000592
-0.001790
-0.002404
-0.001942
-0.000991
-0.000739
-0.000532
-0.000081
0.001617
0.001897
0.000991
0.000746
0.000193
0.000186
0.000618
0.000202
-0.002176
-0.003297
-0.002475
-0.002689
-0.002456
-0.002465
-0.003594
-0.002683
-0.000665
0.000045
-0.000748
-0.001153
-0.001043
-0.001461
-0.000911
-0.001024
0.000298
0.000362
-0.002404
-0.003075
-0.002120
-0.000162
0.000092
-0.000164
-0.000097
-0.000204
-0.001040
-0.002218
-0.002886
-0.001368
0.000932
0.001016
0.000287
-0.000482
-0.002235
-0.003149
-0.001577
0.000286
0.000514
-0.000063
0.000463
0.001136
0.000079
-0.001517
-0.002123
-0.001567
-0.000295
0.000608
0.000248
-0.000153
0.000509
-0.000138
-0.000511
0.000558
0.001632
0.002408
0.003020
0.002859
0.001647
0.000487
0.000152
0.001315
0.002920
0.003379
0.002825
0.002331
0.001711
0.001001
0.002009
0.003285
0.001704
0.000518
0.000536
0.001798
0.002818
0.002355
0.003295
0.004388
0.003814
0.003128
0.002213
0.000727
0.000750
0.002159
0.003389
0.003760
0.003392
0.002439
0.001309
0.000741
0.001595
0.002719
0.003371
0.003010
0.001935
0.001197
0.000619
0.000818
0.002153
0.003046
0.002079
0.001872
0.003028
0.003630
0.002039
0.001031
0.002526
0.002577
0.000424
-0.000708
0.000551
0.001589
0.000752
-0.000481
0.000157
0.001592
0.002726
0.002106
0.000857
0.000442
0.000726
0.000893
-0.000087
-0.000655
-0.000546
0.001265
0.002483
0.000888
0.000653
0.000839
0.000583
-0.000448
-0.001331
0.000064
0.001549
0.001131
0.001514
0.002772
0.003002
0.003463
0.003488
0.002032
0.000966
0.001563
0.002399
0.002807
0.001579
0.000532
-0.000765
-0.000742
-0.000366
-0.002389
-0.002901
-0.000777
0.000656
0.000907
0.001048
0.000062
-0.000179
0.000222
-0.000586
-0.001019
-0.001600
0.000267
0.002709
0.001878
0.001374
0.001014
0.002102
0.001525
0.000988
0.001174
-0.000131
-0.001585
-0.002385
-0.002454
-0.001096
-0.000516
0.000529
-0.000591
-0.000542
-0.001402
-0.004049
-0.004442
-0.002629
-0.001311
-0.000671
0.001529
0.002645
0.000617
0.000914
0.001368
0.001695
0.002181
0.001027
0.000259
-0.000508
-0.001436
-0.001413
-0.000045
0.000258
0.000190
-0.000611
-0.002058
-0.002827
-0.003254
-0.002786
-0.000344
0.001028
0.000858
-0.000863
-0.001321
-0.001574
-0.003024
-0.004526
-0.003334
-0.000821
0.000182
-0.000892
-0.001178
-0.000930
-0.000860
-0.002482
-0.003100
-0.002924
-0.003253
-0.003322
-0.001953
-0.000700
-0.000225
0.000419
0.000741
-0.000008
-0.000181
0.000636
0.001402
0.002834
0.002598
0.001579
0.001058
-0.000828
-0.001137
0.000695
0.000658
-0.001107
-0.002508
-0.002383
-0.001663
-0.002350
-0.003586
-0.003292
-0.001980
-0.000283
0.000375
-0.000609
-0.000655
0.001666
0.003536
0.002941
0.002049
0.002115
0.001010
-0.000366
0.000580
0.000944
0.000038
0.000237
-0.000586
-0.001708
-0.001037
0.000272
0.000501
0.000565
0.000840
0.000920
0.001647
0.001967
0.000996
0.001236
0.002278
0.002317
0.002624
0.003033
0.002822
0.002390
0.001803
0.002732
0.003122
0.001414
-0.000139
-0.000517
-0.001062
-0.001987
-0.001490
-0.000547
-0.000078
0.000832
0.002499
0.002933
0.002297
0.003129
0.004617
0.003969
0.003026
0.004080
0.004067
0.002472
0.002529
0.002006
0.000222
-0.000070
-0.000182
-0.001585
-0.002699
-0.002021
-0.001953
-0.002884
-0.003066
-0.002555
-0.001890
-0.002180
-0.001339
0.000676
0.001632
0.001693
0.000755
-0.000619
-0.001018
0.000186
0.001026
0.001011
0.000894
-0.000019
-0.001415
-0.002231
-0.002616
-0.002316
-0.002020
-0.002335
-0.001394
-0.000588
-0.000524
-0.000219
-0.000073
0.001107
0.002433
0.001237
-0.000222
-0.000127
0.000109
0.000629
0.000472
-0.001369
-0.002673
-0.002371
-0.001615
-0.001261
-0.001055
-0.000586
0.001095
0.002103
0.000655
-0.000512
-0.000179
-0.000096
-0.000045
0.000647
0.001730
0.001762
-0.000146
-0.002088
-0.002223
-0.001837
-0.001112
-0.000139
0.000562
0.000718
0.000275
-0.000158
-0.001097
-0.001157
0.000414
0.000439
-0.000464
-0.000128
0.000672
-0.000784
-0.002392
-0.002021
-0.000320
-0.000489
-0.001495
-0.001439
-0.000896
-0.000358
0.000750
0.000980
-0.000521
-0.000695
-0.000254
-0.001015
-0.002024
-0.003362
-0.002557
-0.001378
-0.002843
-0.002681
-0.000144
-0.000353
-0.002065
-0.002303
-0.000480
0.000258
-0.000208
-0.001527
-0.002246
-0.002833
-0.002000
-0.002901
-0.003959
-0.002988
-0.003655
-0.005105
-0.006587
-0.006342
-0.005909
-0.004317
-0.002317
-0.002027
-0.001876
-0.001239
-0.001611
-0.003053
-0.003547
-0.002267
-0.000997
-0.001698
-0.002145
-0.001044
-0.001274
-0.003084
-0.004361
-0.004862
-0.004968
-0.005153
-0.004834
-0.004400
-0.006629
-0.008318
-0.007097
-0.006134
-0.006140
-0.005980
-0.005511
-0.004280
-0.003279
-0.003561
-0.004290
-0.002760
-0.001239
-0.001145
-0.000788
-0.001124
0.000990
0.002907
0.000862
-0.000579
-0.000986
-0.001538
-0.003180
-0.004130
-0.003343
-0.001617
-0.000319
-0.000060
-0.000764
-0.000443
0.000319
0.000986
0.002846
0.003898
0.004154
0.004185
0.002284
-0.002697
-0.006553
-0.007031
-0.008340
-0.009002
-0.008665
-0.008596
-0.009613
-0.010526
-0.008644
-0.006104
-0.004167
-0.001247
0.003797
0.008251
0.008951
0.006296
0.003823
0.004420
0.006318
0.006028
0.002828
-0.001443
-0.003918
-0.004555
-0.005250
-0.006505
-0.006498
-0.005583
-0.004562
-0.003839
-0.003243
-0.002925
-0.003153
-0.002851
-0.000518
0.002780
0.003645
0.003233
0.003548
0.003727
0.002548
0.000776
0.000690
0.000463
-0.000941
-0.000664
0.001311
0.001946
0.000027
-0.001153
-0.001792
-0.002795
-0.002415
-0.000349
0.000506
0.000962
0.002073
0.002180
0.001754
0.001807
0.001259
-0.000052
-0.000912
-0.000706
0.000026
0.001578
0.002635
0.001222
-0.000572
-0.000339
-0.000150
-0.001382
-0.001821
-0.000412
0.001080
0.001471
0.001235
0.001596
0.001466
0.000816
0.000267
0.000377
0.001485
0.002002
0.002052
0.002166
0.001946
0.001390
0.001902
0.002850
0.003208
0.002358
0.001852
0.003160
0.003803
0.002919
0.001847
0.002816
0.003962
0.004283
0.003964
0.002958
0.004074
0.005791
0.005394
0.004369
0.003776
0.004874
0.005509
0.004155
0.003282
0.002914
0.002126
0.002933
0.003702
0.003109
0.002797
0.003949
0.005299
0.005155
0.004589
0.005658
0.007103
0.006313
0.005172
0.005590
0.006391
0.006731
0.005216
0.003878
0.003510
0.002343
0.002486
0.003518
0.003230
0.002562
0.002525
0.003064
0.004828
0.006468
0.006883
0.007245
0.007386
0.006234
0.004052
0.002243
0.001814
0.002454
0.003610
0.005195
0.006015
0.005272
0.003991
0.004037
0.004775
0.004284
0.004594
0.006926
0.008321
0.007258
0.004690
0.002446
0.001361
0.000896
0.000380
0.001073
0.003188
0.004315
0.004057
0.002949
0.001567
0.000508
0.001318
0.002606
0.002872
0.002513
0.002476
0.004469
0.006672
0.004907
0.001840
0.000738
0.000568
-0.000041
-0.001168
-0.001294
0.000475
0.001962
0.000856
-0.001299
-0.001378
-0.000072
0.000118
-0.000567
-0.000781
-0.000456
0.000316
0.001574
0.002372
0.001614
-0.000286
-0.001738
-0.002168
-0.002492
-0.003579
-0.003558
-0.003172
-0.003419
-0.003714
-0.003586
-0.002874
-0.002170
-0.001654
-0.000822
-0.001415
-0.002277
-0.002047
-0.002356
-0.002987
-0.003669
-0.004621
-0.004773
-0.004150
-0.003388
-0.003248
-0.003000
-0.002817
-0.003875
-0.005144
-0.004771
-0.003594
-0.004936
-0.006912
-0.008134
-0.009630
-0.009726
-0.008067
-0.006671
-0.005615
-0.004674
-0.004027
-0.003071
-0.001949
-0.001908
-0.003254
-0.004187
-0.003173
-0.002909
-0.003926
-0.004286
-0.004991
-0.006562
-0.005494
-0.004076
-0.006312
-0.007850
-0.005872
-0.003937
-0.004333
-0.004629
-0.004116
-0.003540
-0.001560
-0.000199
0.000099
0.000669
-0.000529
-0.003034
-0.003514
-0.002269
-0.002015
-0.002534
-0.001910
-0.001603
-0.001791
-0.000951
-0.000352
0.000645
0.002483
0.002432
0.001544
0.001688
0.001827
-0.000111
-0.001691
-0.001559
0.000073
0.001132
0.000316
-0.000622
-0.001449
-0.002321
-0.002911
-0.002651
-0.002155
-0.001498
-0.001446
-0.001069
-0.000450
0.001654
0.004211
0.005273
0.003333
0.001258
0.000034
-0.001297
-0.001563
0.000190
0.002671
0.003514
0.001480
0.000267
-0.000365
-0.000059
0.000946
0.002831
0.003157
0.000546
0.000361
-0.000157
-0.001841
-0.002516
-0.001218
0.001416
0.002273
0.002943
0.002478
0.001830
0.001251
0.002179
0.005812
0.008396
0.004862
0.000600
-0.000132
-0.000488
-0.002032
-0.002260
-0.002301
-0.000179
0.000919
-0.000813
-0.002491
-0.001605
-0.000269
0.001003
0.002859
0.002878
0.000835
0.000370
-0.000853
-0.001559
-0.000763
-0.000550
-0.001005
-0.001314
-0.001191
-0.001295
-0.002637
-0.003713
-0.002775
-0.000888
-0.000591
-0.002702
-0.003749
-0.006458
-0.008460
-0.008289
-0.007720
-0.005538
-0.001768
-0.000200
0.000415
0.003535
0.004746
0.004050
0.003397
0.004362
0.003655
0.001798
-0.000908
-0.005571
-0.007759
-0.009399
-0.009458
-0.008874
-0.008885
-0.007258
-0.003420
0.000242
0.003683
0.005992
0.006129
0.006602
0.005676
0.003715
0.001905
0.002136
0.000475
-0.002311
-0.004389
-0.008325
-0.011045
-0.012178
-0.013224
-0.010421
-0.004268
0.002347
0.005628
0.007336
0.007642
0.005884
0.003047
0.002497
0.003594
0.003012
-0.000433
-0.002893
-0.003060
-0.003734
-0.003214
-0.001617
-0.000449
0.000297
-0.000517
-0.001376
-0.001617
-0.000914
0.000741
0.002987
0.002035
0.000276
-0.000043
-0.000045
-0.001373
-0.000831
0.001302
0.002213
0.002282
0.002144
0.001178
0.000938
0.001192
0.002400
0.002874
0.003878
0.005336
0.004604
0.002568
0.000335
0.000680
0.000212
-0.000443
-0.000669
0.000705
0.002048
0.002031
0.001226
0.001162
0.000914
0.000168
0.001786
0.001756
0.001169
0.000235
-0.000099
-0.000802
-0.001959
-0.001910
0.000455
0.002642
0.002616
0.002365
0.003258
0.005330
0.005990
0.006402
0.005711
0.005002
0.002419
0.001423
0.001099
-0.000772
-0.001999
-0.002181
-0.001771
-0.001791
-0.002193
-0.002382
-0.002261
-0.001940
-0.000170
0.003834
0.005271
0.007510
0.010445
0.008805
0.005414
0.002984
0.001845
-0.000175
-0.002269
-0.003201
-0.002532
-0.001846
-0.000298
0.002775
0.003982
0.003109
0.001787
0.000778
0.002367
0.005121
0.006446
0.004998
0.001894
-0.000050
-0.001019
-0.002391
-0.003169
-0.002489
-0.001287
-0.000460
0.000213
0.003028
0.005966
0.005836
0.003797
0.002795
0.003276
0.002789
0.000620
-0.000649
-0.001828
-0.004629
-0.006822
-0.006975
-0.007253
-0.007024
-0.003625
0.003061
0.008715
0.010559
0.011074
0.009638
0.006205
0.004078
0.002972
0.000904
-0.001827
-0.002775
-0.003713
-0.005966
-0.005897
-0.004380
-0.003930
-0.004099
-0.002616
0.000034
0.001092
0.001202
0.001864
0.001620
0.000934
0.000137
-0.001766
-0.003069
-0.004206
-0.004461
-0.005158
-0.006001
-0.003734
-0.000918
-0.000272
0.001899
0.005293
0.006323
0.006526
0.004627
0.003173
0.002812
0.000518
-0.001021
-0.001286
-0.002391
-0.004849
-0.006006
-0.005178
-0.004769
-0.005378
-0.005592
-0.004387
-0.002941
-0.002469
-0.002712
-0.001650
0.000037
0.000391
-0.001293
-0.000273
0.000781
0.000165
-0.000175
0.000064
-0.000103
-0.001598
-0.002531
-0.002138
-0.002574
-0.001268
0.001431
0.001602
0.000117
0.000316
0.002223
0.002609
0.002909
0.002751
0.002422
0.002642
0.002878
0.002838
0.002497
0.000820
-0.001548
-0.002068
-0.001688
-0.000359
-0.000692
-0.001141
0.001597
0.003181
0.003552
0.004629
0.004015
0.003161
0.004218
0.003959
0.003415
0.002725
0.001034
0.000997
0.001470
0.002745
0.003473
0.003487
0.004889
0.004955
0.005157
0.007070
0.006905
0.004596
0.001235
-0.000280
-0.001112
-0.003056
-0.005039
-0.005714
-0.005450
-0.004022
-0.002966
-0.002477
-0.000381
0.003850
0.005701
0.007049
0.009987
0.010890
0.008622
0.005612
0.004101
0.002631
0.000965
-0.001151
-0.002108
-0.002701
-0.003841
-0.004566
-0.004854
-0.005259
-0.004472
-0.002324
-0.000213
0.000739
0.001679
0.004068
0.006432
0.007472
0.007767
0.008066
0.007932
0.006616
0.004180
0.002207
0.000781
-0.001010
-0.003221
-0.005303
-0.006363
-0.005430
-0.003285
-0.002831
-0.004994
-0.006736
-0.006054
-0.003558
-0.001106
-0.000186
0.001570
0.004346
0.004063
0.002176
0.001206
0.000528
-0.000031
0.000355
-0.000155
-0.002032
-0.003681
-0.003585
-0.001891
-0.000711
0.000419
0.001967
0.003746
0.004178
0.003159
0.001735
0.000628
0.000248
0.000184
-0.001077
-0.002348
-0.002007
-0.002450
-0.004106
-0.005143
-0.004874
-0.004099
-0.002606
-0.001560
-0.002828
-0.003933
-0.003146
-0.002632
-0.003717
-0.004368
-0.003821
-0.003414
-0.002721
-0.001545
-0.000648
-0.000063
-0.000011
-0.000229
0.000204
0.002162
0.003933
0.004204
0.003758
0.003297
0.001758
-0.000370
-0.001365
-0.002404
-0.003764
-0.004755
-0.005565
-0.005758
-0.005362
-0.004511
-0.003295
-0.001693
-0.000412
0.000906
0.002227
0.002760
0.001931
0.001136
0.000113
-0.001161
-0.001666
-0.001437
-0.001329
-0.001529
-0.001163
-0.001462
-0.001997
-0.001058
-0.000204
0.000428
0.002048
0.002542
0.001356
-0.000293
-0.000431
0.000629
0.000781
0.000357
0.000771
0.000306
-0.001226
-0.001507
-0.001404
-0.001837
-0.002529
-0.001789
0.000607
0.001938
0.001938
0.002631
0.003517
0.001945
0.001138
0.001982
0.001338
-0.000412
-0.001503
-0.002105
-0.002811
-0.002582
-0.001383
-0.001466
-0.002046
-0.001170
-0.000861
-0.002166
-0.002223
-0.000649
-0.000130
0.000189
-0.000074
-0.000359
-0.000075
-0.000400
-0.002994
-0.004207
-0.003878
-0.003153
-0.001892
-0.000917
0.000799
0.001062
-0.000957
-0.001177
-0.000994
-0.000316
0.000462
-0.001123
-0.001257
-0.000436
-0.002324
-0.003580
-0.004696
-0.004605
-0.002591
-0.001497
-0.001318
-0.000633
0.000558
0.001243
0.000886
0.000708
0.001080
0.001643
0.001837
0.000046
-0.001390
-0.001077
-0.000393
-0.001111
-0.002251
-0.002014
-0.001333
-0.000263
0.000891
0.001436
0.002284
0.002894
0.004536
0.006384
0.006369
0.005226
0.003785
0.003504
0.003430
0.001646
0.000435
-0.000679
-0.002720
-0.003548
-0.005111
-0.007029
-0.006459
-0.003890
-0.001711
-0.000509
0.000967
0.002904
0.004355
0.005676
0.006115
0.005713
0.005537
0.004757
0.003432
0.001829
0.002028
0.002855
0.002354
0.000633
-0.000932
-0.002263
-0.001718
0.000210
0.000939
0.000194
0.000596
0.001365
0.002525
0.004587
0.005450
0.004393
0.003126
0.003045
0.001747
0.001637
0.001037
-0.000301
0.000272
0.001635
0.000340
0.000911
0.002972
0.003965
0.004118
0.003583
0.002986
0.001235
0.001201
0.000041
-0.000323
-0.000991
-0.002512
-0.003632
-0.004172
-0.003695
-0.003890
-0.004640
-0.003269
-0.001589
-0.001073
-0.001042
-0.000920
-0.000356
-0.001051
-0.000267
0.002539
0.003413
0.002414
0.000997
0.000976
0.000218
-0.001442
-0.000909
0.000261
0.000634
-0.000486
-0.001928
-0.001990
-0.001760
-0.000955
0.000390
0.001680
0.002097
0.000624
-0.001112
-0.002797
-0.004427
-0.004149
-0.003197
-0.002332
-0.001019
-0.000536
-0.000872
-0.001664
-0.002115
-0.002255
-0.003147
-0.003051
-0.001384
-0.000837
-0.001192
-0.001323
-0.002758
-0.003729
-0.003795
-0.004380
-0.003908
-0.002353
-0.001438
-0.001181
-0.000987
0.000299
0.000316
-0.001487
-0.001944
-0.001924
-0.002857
-0.003595
-0.004755
-0.005111
-0.002728
-0.000081
0.000378
-0.000232
-0.001450
-0.000915
0.001250
0.001967
0.002353
0.002073
0.001176
0.000680
0.000691
0.000174
-0.001012
-0.001406
-0.001820
-0.002909
-0.003181
-0.002727
-0.002562
-0.001935
-0.000705
0.000284
0.000893
0.000721
-0.000157
0.000615
0.002571
0.002427
0.000668
0.000314
0.001043
0.000745
0.000660
0.000132
-0.000437
-0.000873
0.000272
0.002089
0.003522
0.003004
0.002159
0.002071
0.000290
-0.001744
-0.001318
-0.001473
-0.003248
-0.004719
-0.005244
-0.004863
-0.004661
-0.005021
-0.004864
-0.002743
-0.001253
-0.001002
-0.000323
0.000619
0.000835
0.001745
0.003215
0.004186
0.004575
0.002927
0.000496
-0.000366
-0.001130
-0.000950
0.000600
0.001358
0.000520
-0.000348
-0.001041
-0.002000
-0.002418
-0.001181
-0.000324
0.000261
-0.001643
-0.002991
-0.003939
-0.004896
-0.005062
-0.002573
-0.000224
-0.001185
-0.000825
0.004283
0.008392
0.009270
0.012035
0.014124
0.011095
0.007583
0.005625
0.002916
0.000343
-0.000944
-0.000828
0.000684
0.001614
0.000942
-0.003116
-0.007196
-0.005004
-0.002151
-0.000891
-0.001369
-0.003086
-0.005193
-0.003659
0.000542
0.002227
0.001371
0.001622
0.003471
0.004521
0.002235
-0.000716
-0.000964
-0.000609
-0.000871
-0.000768
-0.002228
-0.003944
-0.004463
-0.003950
-0.001895
-0.000435
-0.000785
0.000525
0.002062
0.002290
0.001374
0.000585
0.001661
0.003125
0.003563
0.005047
0.006484
0.007684
0.006083
-0.000083
-0.003969
-0.004890
-0.006420
-0.004719
-0.000880
0.000764
0.001650
0.003175
0.004822
0.006320
0.007904
0.008571
0.008115
0.007770
0.007539
0.005776
0.004171
0.003649
0.002889
0.000398
-0.000456
0.000577
-0.000436
-0.004280
-0.007611
-0.007780
-0.006364
-0.005495
-0.004786
-0.001885
0.000404
-0.001913
-0.004675
-0.003904
-0.000266
0.001937
0.002365
0.004414
0.006523
0.004648
0.001271
0.000115
0.000514
0.001062
0.001908
0.002490
0.002139
0.002581
0.002989
0.002984
0.003486
0.000916
-0.004348
-0.005663
-0.006568
-0.006866
-0.006046
-0.004532
-0.003444
-0.000665
0.004326
0.007125
0.007981
0.007447
0.007135
0.006678
0.005099
0.004152
0.004170
0.005568
0.007166
0.005169
0.000524
-0.003115
-0.005079
-0.007891
-0.007844
-0.006364
-0.004961
-0.003413
-0.001601
-0.002326
-0.005027
-0.004385
-0.001442
-0.000013
0.000756
0.001672
0.003825
0.002505
0.001248
0.001061
0.000554
-0.000052
0.000687
0.002618
0.001325
0.001352
0.002818
0.001471
-0.000364
-0.000997
-0.002458
-0.004281
-0.004981
-0.006336
-0.006971
-0.004779
-0.001456
-0.002033
-0.004910
-0.004366
-0.001246
0.000914
0.000917
0.001793
0.002988
0.002921
-0.001196
-0.005487
-0.006463
-0.007122
-0.005611
-0.002013
0.002171
0.004834
0.006382
0.003943
-0.000824
-0.000866
-0.000795
-0.001578
0.000059
0.002375
0.003640
0.003578
-0.000217
-0.003998
-0.004674
-0.005774
-0.005938
-0.003994
-0.000990
-0.000422
0.000678
0.001844
0.000849
-0.000833
-0.002211
-0.002493
-0.000828
0.001543
0.002282
0.001799
0.001247
-0.000312
-0.001240
-0.001520
-0.000911
0.000370
0.002678
0.003602
0.002191
0.000315
0.000832
0.001722
0.001953
0.001208
0.001587
0.002184
0.001737
-0.001012
-0.004359
-0.006033
-0.006364
-0.008497
-0.008763
-0.005689
-0.002072
-0.000008
0.002363
0.003372
0.002963
0.004634
0.005971
0.006077
0.006538
0.005105
0.002826
0.001748
0.001408
0.000474
-0.002855
-0.004897
-0.004420
-0.005086
-0.007138
-0.008188
-0.008185
-0.004059
0.001578
0.003432
0.004796
0.005713
0.005783
0.004930
0.004317
0.004160
0.003189
0.000738
0.000098
0.000301
-0.000750
-0.002655
-0.003146
-0.002065
-0.001144
-0.001571
-0.001401
-0.001053
-0.000007
0.001694
0.001910
0.000853
0.000124
0.000189
-0.001594
-0.001565
-0.000507
-0.001040
-0.003148
-0.003010
-0.001931
-0.001881
-0.001661
-0.001621
-0.000676
0.001022
0.001508
0.001224
0.000484
0.001432
0.001936
0.001681
0.002067
0.001543
0.002245
0.003341
0.002917
0.001844
-0.000466
-0.001681
-0.002063
-0.003060
-0.003602
-0.003107
-0.002141
-0.001995
-0.003477
-0.004286
-0.003408
-0.002736
-0.002036
-0.000838
-0.000107
0.001289
0.000816
-0.000531
-0.000234
0.000082
0.000716
0.000659
-0.000280
-0.002573
-0.003824
-0.003945
-0.003958
-0.003702
-0.002891
-0.001396
-0.000008
-0.000828
-0.001500
-0.001195
-0.002000
-0.001917
-0.001511
-0.002085
-0.001392
0.000290
0.000586
0.000373
0.000225
0.000539
0.001228
0.000558
0.000057
-0.000138
-0.000222
-0.001277
-0.001264
-0.000642
-0.000271
0.000395
0.000121
-0.000289
-0.000120
0.000164
0.000399
0.000780
0.000634
0.000128
-0.000475
-0.001140
-0.001924
-0.002196
-0.002040
-0.001453
-0.001297
-0.000806
0.000240
0.000394
-0.000162
-0.000605
-0.001325
-0.001607
-0.001073
0.000431
0.001446
0.001585
0.001416
0.001124
0.000690
0.000589
0.001325
0.001812
0.000314
-0.000871
-0.000942
-0.000303
0.000236
0.000685
0.000521
0.000586
0.000686
0.000457
-0.000080
-0.000103
0.000862
0.001671
0.002143
0.002477
0.002925
0.002764
0.002416
0.002584
0.003583
0.003700
0.003646
0.003958
0.004225
0.004569
0.003452
0.001890
0.001747
0.001620
0.000953
0.000282
0.000605
0.000957
-0.000079
-0.001575
-0.002504
-0.002632
-0.002529
-0.002368
-0.001545
-0.000427
0.000530
0.001407
0.001942
0.002220
0.002509
0.003002
0.003165
0.003168
0.003089
0.002980
0.002501
0.001546
0.000685
0.000359
0.000127
-0.000604
-0.000588
-0.000049
0.000085
0.000419
0.000942
0.000943
0.000625
0.000275
0.000083
0.000565
0.001268
0.001480
0.001644
0.002282
0.002499
0.002086
0.001196
0.000443
0.000310
0.000033
-0.000327
-0.000034
0.000251
0.000391
0.000773
0.001380
0.001753
0.001932
0.002112
0.002172
0.002231
0.002054
0.001996
0.002391
0.002503
0.002040
0.001542
0.001206
0.000807
0.000575
0.000438
0.000125
-0.000189
-0.000738
-0.001390
-0.001874
-0.002119
-0.002266
-0.002063
-0.001280
-0.000511
-0.000089
0.000465
0.000807
0.000784
0.000675
0.000496
0.000487
0.000697
0.000556
-0.000115
-0.000593
-0.000770
-0.001011
-0.001239
-0.001092
-0.000622
-0.000269
-0.000291
-0.000401
-0.000358
-0.000373
-0.000347
-0.000284
-0.000173
0.000017
0.000161
0.000253
0.000290
0.000318
0.000320
0.000266
0.000188
0.000007
-0.000040
-0.000034
-0.000026
-0.000045
-0.000096
-0.000170
-0.000171
-0.000109
-0.000103
0.000031
0.000105
0.000005
-0.000153
-0.000423
-0.000485
-0.000154
0.000044
0.000060
0.000181
0.000236
0.000101
-0.000206
-0.000597
-0.000698
-0.000699
-0.000766
-0.000846
-0.000781
-0.000649
-0.000631
-0.000554
-0.000447
-0.000388
-0.000204
-0.000050
0.000060
0.000075
0.000052
0.000129
0.000081
-0.000088
-0.000023
0.000133
0.000086
-0.000031
-0.000052
0.000095
0.000201
0.000174
0.000047
-0.000073
0.000016
0.000077
-0.000118
-0.000234
-0.000166
-0.000036
-0.000016
-0.000121
-0.000197
-0.000197
-0.000242
-0.000181
-0.000057
-0.000096
-0.000164
-0.000150
-0.000131
-0.000183
-0.000250
-0.000277
-0.000296
-0.000319
-0.000288
-0.000222
-0.000232
-0.000272
-0.000280
-0.000209
-0.000153
-0.000092
-0.000065
-0.000048
-0.000003
0.000049
0.000091
0.000078
0.000067
0.000019
-0.000031
-0.000014
-0.000026
-0.000063
-0.000057
-0.000020
0.000023
0.000023
0.000049
0.000066
0.000045
0.000026
0.000013
0.000003
-0.000030
-0.000038
-0.000068
-0.000130
-0.000146
-0.000154
-0.000174
-0.000191
-0.000174
-0.000150
-0.000137
-0.000133
-0.000118
-0.000092
-0.000052
-0.000042
-0.000020
0.000022
0.000045
0.000030
0.000022
0.000019
0.000021
0.000029
0.000038
0.000040
0.000034
0.000035
0.000037
0.000038
0.000040
0.000043
0.000027
0.000011
-0.000006
-0.000016
-0.000018
-0.000035
-0.000039
-0.000038
-0.000037
-0.000037
-0.000048
-0.000056
-0.000054
-0.000051
-0.000051
-0.000043
-0.000040
-0.000038
-0.000040
-0.000045
-0.000047
-0.000037
-0.000030
-0.000030
-0.000027
-0.000021
-0.000023
-0.000030
-0.000035
-0.000037
-0.000036
-0.000036
-0.000038
-0.000045
-0.000049
-0.000053
-0.000060
-0.000064
-0.000066
-0.000067
-0.000067
-0.000064
-0.000063
-0.000061
-0.000060
-0.000059
-0.000059
-0.000060
-0.000060
-0.000058
-0.000057
-0.000057
-0.000057
-0.000058
-0.000058
-0.000060
-0.000061
-0.000062
-0.000063
-0.000063
-0.000063
-0.000064
-0.000064
-0.000064
-0.000063
-0.000063
-0.000063
-0.000063
-0.000063
-0.000064
-0.000064
-0.000064
-0.000064
-0.000064
-0.000064
-0.000064
-0.000064
-0.000064
-0.000064
-0.000064
-0.000064
-0.000064
-0.000064
-0.000064
-0.000063
-0.000063
-0.000063
-0.000063
-0.000063
-0.000063
-0.000063
-0.000063
-0.000063
-0.000063
-0.000062
-0.000062
-0.000062
-0.000061
-0.000061
-0.000061
-0.000060
-0.000060
-0.000060
-0.000060
-0.000060
-0.000059
-0.000059
-0.000058
-0.000058
-0.000057
