0.000004
0.000003
0.000008
0.000008
0.000001
-0.000023
-0.000050
-0.000068
-0.000084
-0.000106
-0.000130
-0.000164
-0.000200
-0.000229
-0.000229
-0.000181
-0.000109
-0.000087
-0.000123
-0.000280
-0.000652
-0.000959
-0.000698
0.000044
0.000709
0.000898
0.000942
0.001255
0.001712
0.001903
0.001716
0.001368
0.001180
0.001408
0.001969
0.002191
0.001546
-0.000332
-0.002851
-0.004189
-0.003909
-0.002498
0.000644
0.003221
0.004243
0.003722
0.002679
0.001523
0.000256
-0.000987
-0.001589
-0.001150
-0.000427
-0.000526
-0.002281
-0.004962
-0.005668
-0.004720
-0.004278
-0.004485
-0.003675
-0.000351
0.005209
0.007971
0.004663
-0.001718
-0.001338
0.007094
0.013504
0.013149
0.007736
-0.002870
-0.004927
0.006707
0.016906
0.014405
0.000949
-0.005544
0.004857
0.017398
0.018109
0.003463
-0.012419
-0.014558
0.001132
0.015599
0.018008
0.009356
-0.007500
-0.043623
-0.065036
-0.061539
-0.048650
-0.022590
0.006869
0.028921
0.021334
-0.002216
-0.016967
-0.035052
-0.055005
-0.057782
-0.042439
0.002133
0.034985
0.028135
0.012723
0.013360
0.010131
-0.011672
-0.015994
-0.000594
0.013733
0.014920
-0.002004
-0.024623
-0.033040
-0.016353
-0.001344
-0.015170
-0.051944
-0.066010
-0.057887
-0.035497
-0.000047
0.039687
0.073980
0.106739
0.099789
0.052301
0.015972
0.009875
0.025297
0.046734
0.057303
0.068256
0.071261
0.013259
-0.049060
-0.045643
-0.001145
0.025539
0.049204
0.055743
0.037537
-0.001372
-0.008590
0.021297
0.046359
0.067177
0.081440
0.076219
0.043587
0.014579
0.012865
0.023249
0.004553
-0.043913
-0.097494
-0.097401
-0.030234
0.043893
0.042913
-0.004419
-0.023171
-0.013397
-0.019367
-0.055227
-0.081570
-0.071070
-0.020139
0.018480
0.019771
0.037267
0.103460
0.173705
0.206473
0.191758
0.127652
-0.003048
-0.087492
-0.113610
-0.087892
-0.051955
-0.065022
-0.141209
-0.202486
-0.213004
-0.151226
-0.094034
-0.082720
-0.074132
-0.021174
0.059520
0.113378
0.087335
-0.026271
-0.135040
-0.149649
-0.057946
0.028595
0.155571
0.169159
0.071919
-0.026698
-0.079006
-0.048796
0.008159
0.014293
-0.031355
-0.119657
-0.163838
-0.165720
-0.162224
-0.112896
-0.027004
0.046398
0.087249
0.061998
-0.025015
-0.078644
-0.039300
0.030918
0.080644
0.062050
0.004770
-0.039238
-0.116831
-0.169658
-0.135675
0.002446
0.179878
0.365390
0.413426
0.332571
0.162763
-0.035293
-0.106947
-0.143254
-0.114144
-0.008832
0.075922
0.092514
0.007461
-0.121481
-0.185787
-0.198875
-0.105980
-0.006873
-0.004619
-0.022147
-0.066302
-0.114761
-0.091446
0.009734
0.154943
0.318177
0.328529
0.207630
0.093894
-0.015270
-0.000815
0.112407
0.176467
0.167298
0.205790
0.252623
0.139286
-0.174572
-0.503005
-0.488668
-0.395207
-0.369374
-0.337175
-0.239522
0.008213
0.147836
0.161923
0.189040
0.229680
0.205762
0.030052
0.036011
0.174594
0.228069
0.185032
0.159294
0.201362
0.264662
0.256583
0.023781
-0.278067
-0.464663
-0.390235
-0.174551
-0.066452
-0.005649
0.084201
0.135765
0.156261
0.146558
0.041350
-0.015083
0.007899
0.026014
0.048303
0.068057
0.048403
-0.113157
-0.232486
-0.377193
-0.388787
-0.214302
-0.047127
0.042367
0.219921
0.356878
0.313511
0.100481
-0.071782
0.073012
0.317492
0.409048
0.348446
-0.003204
-0.489562
-0.546413
-0.385700
-0.316043
-0.272934
-0.198481
-0.079695
0.059353
0.229853
0.260722
0.221529
0.211401
0.215618
0.190829
0.051936
-0.225263
-0.363899
-0.313005
-0.185861
-0.118080
-0.099266
-0.099631
-0.013979
0.069875
0.073148
0.058588
0.031070
0.009611
-0.001372
-0.024334
-0.070645
-0.065532
0.026325
0.133943
0.207796
0.246834
0.204386
0.079218
-0.046642
-0.039700
0.027440
0.029332
0.001864
0.001018
0.012426
0.000329
-0.038635
-0.068978
-0.079340
-0.102426
-0.087443
-0.038621
0.002437
0.036614
0.061789
0.065101
0.062845
0.023201
-0.029697
-0.062727
-0.095558
-0.149002
-0.185949
-0.136242
-0.035374
0.162560
0.250065
0.222970
0.248180
0.229084
0.166831
0.123548
0.123716
0.073165
-0.048690
-0.116483
-0.124802
-0.122328
-0.077577
-0.046142
-0.085630
-0.153758
-0.185250
-0.147795
-0.059230
0.098932
0.186504
0.167421
0.114121
-0.041841
-0.136352
-0.086844
-0.034564
-0.005005
0.020385
0.045255
0.083096
0.109418
0.057873
0.012036
0.007028
0.053760
0.130046
0.219991
0.260186
0.231566
0.155805
-0.001684
-0.250553
-0.323821
-0.258983
-0.244905
-0.222558
-0.156724
-0.065489
-0.043261
-0.059547
-0.102493
-0.157258
-0.263418
-0.265864
-0.157312
-0.053631
0.005179
0.037046
0.075115
0.044082
-0.078213
-0.149925
-0.004156
0.156273
0.208036
0.189090
0.125633
0.012281
-0.062387
-0.042796
0.036123
0.064446
0.037012
-0.031421
-0.089501
-0.101962
-0.077730
-0.003034
0.103189
0.205071
0.291459
0.304938
0.234310
0.079640
-0.054006
-0.132144
-0.146323
-0.129162
-0.131042
-0.113961
-0.088244
-0.069553
-0.057037
-0.028948
0.032189
0.103193
0.164080
0.167539
0.120449
0.053605
-0.026090
-0.100366
-0.059415
0.009149
0.051376
0.130651
0.201241
0.188606
0.149152
0.073698
-0.037154
-0.119251
-0.117521
-0.082174
-0.061107
-0.044266
0.048374
0.128789
0.160616
0.168397
0.187450
0.207656
0.215839
0.230729
0.255053
0.275594
0.270612
0.242990
0.185277
0.051217
-0.034067
-0.075665
-0.127068
-0.094778
-0.028908
0.002378
0.007061
-0.003510
-0.034534
-0.070015
-0.097647
-0.125550
-0.129677
-0.108000
-0.098209
-0.101596
-0.109987
-0.123223
-0.121775
-0.097057
-0.038580
-0.001766
0.014233
0.047009
0.077508
0.089913
0.094965
0.117856
0.157582
0.198106
0.247947
0.283004
0.270309
0.209751
0.047400
-0.191715
-0.265156
-0.185782
-0.161095
-0.199351
-0.219874
-0.207475
-0.195900
-0.187818
-0.175099
-0.147112
-0.090784
-0.031707
0.046370
0.153827
0.181013
0.150466
0.109027
0.065242
-0.005206
-0.080226
-0.127667
-0.159097
-0.191577
-0.214309
-0.200757
-0.146355
-0.090919
-0.036533
-0.015730
-0.016357
-0.051217
-0.103279
-0.148849
-0.121054
-0.040925
0.001096
0.009081
0.014774
0.015827
0.007676
0.011160
0.045555
0.090807
0.118337
0.141175
0.136046
0.092081
0.010550
-0.123712
-0.282745
-0.332431
-0.284131
-0.240737
-0.203189
-0.140668
-0.025843
0.067794
0.097827
0.123907
0.107882
0.051932
0.035095
0.037351
0.006728
-0.056145
-0.089238
-0.093607
-0.061527
-0.033031
-0.008321
0.042225
0.071319
0.081697
0.065395
-0.010106
-0.116569
-0.125799
-0.116537
-0.106985
-0.073285
-0.026745
0.029154
0.038457
-0.017174
-0.097739
-0.152288
-0.142012
-0.116726
-0.106533
-0.104422
-0.115358
-0.118771
-0.105387
-0.070230
-0.020149
0.032051
0.103656
0.163782
0.208209
0.272022
0.358770
0.350432
0.280763
0.231863
0.168116
0.046883
-0.072459
-0.180604
-0.240766
-0.262577
-0.245587
-0.234852
-0.239236
-0.212918
-0.157899
-0.119311
-0.088062
-0.051535
-0.010277
0.033097
0.102161
0.163656
0.208798
0.237462
0.238163
0.189298
0.084283
0.000578
-0.074639
-0.052277
0.016980
0.068853
0.117417
0.126484
0.083028
-0.002377
-0.054507
-0.081088
-0.113656
-0.145385
-0.154372
-0.147444
-0.139182
-0.129199
-0.116321
-0.098527
-0.061209
-0.000116
0.080720
0.158020
0.238475
0.298405
0.315744
0.301499
0.264573
0.220070
0.131771
0.068616
0.045544
0.003233
-0.056642
-0.098828
-0.132532
-0.171102
-0.176355
-0.163345
-0.150316
-0.111274
-0.029594
0.078916
0.138653
0.136065
0.106034
0.062166
0.038139
0.064956
0.105632
0.118282
0.142315
0.173068
0.180907
0.163020
0.117219
0.062000
0.031218
0.031849
0.030501
0.023548
0.017537
0.016050
0.016563
0.011803
0.000484
-0.016971
-0.027505
-0.031058
-0.032616
-0.030408
-0.014945
0.032477
0.082138
0.104984
0.110794
0.097412
0.085178
0.093470
0.123247
0.161351
0.162961
0.113837
-0.010620
-0.127786
-0.182113
-0.212363
-0.209763
-0.176984
-0.153219
-0.087955
-0.016879
0.040593
0.089782
0.106569
0.095735
0.085280
0.082496
0.062679
0.033227
0.021224
0.025922
0.034002
0.035291
0.018321
-0.026539
-0.075683
-0.092927
-0.086116
-0.076110
-0.074404
-0.078927
-0.086654
-0.095768
-0.096483
-0.083311
-0.054650
0.000033
0.085121
0.144828
0.148001
0.141353
0.133394
0.103300
0.074993
0.055638
0.025681
-0.016389
-0.037970
-0.018118
0.010728
0.027701
0.025651
0.004464
-0.032763
-0.062439
-0.069212
-0.069180
-0.073148
-0.085380
-0.110815
-0.137740
-0.150076
-0.167550
-0.185020
-0.187389
-0.175464
-0.146544
-0.098904
-0.056033
-0.038888
-0.040115
-0.038251
-0.024760
-0.010103
-0.002717
-0.009111
-0.031165
-0.052846
-0.049516
-0.042005
-0.051838
-0.076719
-0.093471
-0.095560
-0.083336
-0.067971
-0.058752
-0.060963
-0.074027
-0.082019
-0.065835
-0.031888
0.001915
0.010984
-0.009073
-0.043912
-0.058072
-0.030267
0.012371
0.052834
0.079551
0.074153
0.047849
0.012390
-0.000420
0.004893
0.004466
-0.005345
-0.015654
-0.019597
-0.017185
-0.012943
-0.010070
-0.002804
0.016050
0.044448
0.062941
0.063490
0.050557
0.028508
0.008907
-0.005968
-0.016171
-0.008871
0.018412
0.050767
0.074333
0.081918
0.077136
0.067012
0.045513
0.019850
0.022094
0.040401
0.062135
0.085576
0.090322
0.081674
0.070154
0.055215
0.042027
0.028003
0.008977
-0.003294
-0.001897
0.002665
0.005387
0.013125
0.037908
0.066077
0.117192
0.151494
0.139120
0.110715
0.073191
0.055896
0.078316
0.110500
0.126604
0.110681
0.066936
-0.006464
-0.064879
-0.072560
-0.049655
-0.001845
0.058945
0.108118
0.117588
0.085085
-0.010427
-0.083744
-0.086746
-0.070518
-0.034564
0.030925
0.061332
0.045909
0.016166
-0.018768
-0.049457
-0.058380
-0.021138
0.062346
0.122299
0.142374
0.124009
0.113114
0.086079
0.007927
0.001896
0.045266
0.071059
0.084455
0.070750
0.025971
-0.041517
-0.076230
-0.077219
-0.061089
-0.033143
-0.003226
0.011368
0.004955
-0.015025
-0.050256
-0.069633
-0.056056
-0.033800
-0.009965
0.012836
0.025170
0.027277
0.026973
0.028901
0.032126
0.033954
0.033969
0.033422
0.030032
0.016397
-0.016415
-0.054644
-0.079462
-0.101215
-0.107714
-0.097340
-0.081240
-0.066191
-0.049982
-0.028344
-0.011761
-0.009154
-0.025403
-0.067703
-0.100151
-0.092037
-0.075565
-0.060018
-0.041339
-0.028266
-0.030318
-0.039536
-0.048093
-0.060764
-0.074671
-0.094542
-0.107513
-0.102269
-0.088265
-0.073982
-0.056996
-0.038406
-0.031027
-0.034652
-0.035464
-0.024534
-0.004319
0.017002
0.027823
0.032301
0.036922
0.043051
0.045299
0.038063
0.025510
0.019115
0.019897
0.021938
0.024726
0.030509
0.042037
0.051249
0.050327
0.042662
0.032862
0.024063
0.019570
0.025555
0.037939
0.052813
0.060791
0.057601
0.045917
0.032595
0.022317
0.015307
0.007206
0.002566
0.005287
0.015261
0.031567
0.051342
0.071793
0.072398
0.053812
0.014077
-0.031684
-0.055995
-0.066157
-0.057028
-0.039366
-0.020951
-0.005404
-0.003033
-0.025361
-0.063576
-0.090120
-0.086987
-0.074181
-0.064232
-0.057157
-0.052873
-0.050214
-0.048371
-0.046340
-0.041689
-0.023505
0.020863
0.071088
0.087374
0.068072
0.045128
0.026047
0.017456
0.005895
-0.020989
-0.056400
-0.082981
-0.079737
-0.059513
-0.040253
-0.026643
-0.020045
-0.008874
0.007779
0.017997
0.016084
0.002605
-0.021724
-0.042468
-0.050739
-0.052189
-0.055385
-0.060816
-0.057456
-0.045949
-0.034060
-0.024251
-0.011373
0.003718
0.009136
-0.003699
-0.030813
-0.052765
-0.067739
-0.066855
-0.065936
-0.069548
-0.069704
-0.063842
-0.051763
-0.040429
-0.032793
-0.021740
-0.012506
-0.009035
-0.007959
-0.003511
0.011050
0.042142
0.078938
0.102429
0.106802
0.093231
0.068229
0.040929
0.024812
0.027161
0.029734
0.026785
0.022078
0.015130
-0.000806
-0.029442
-0.039128
-0.036918
-0.018688
0.011651
0.029083
0.024873
0.011927
0.004014
0.008850
0.023795
0.044944
0.064589
0.069771
0.052505
0.019975
-0.013765
-0.016758
-0.001840
0.013337
0.019671
0.013491
0.003101
-0.007975
-0.015908
-0.028195
-0.044438
-0.053500
-0.051238
-0.042797
-0.032077
-0.020928
-0.015062
-0.020196
-0.039061
-0.059444
-0.056580
-0.040430
-0.027439
-0.015897
-0.006790
0.004621
0.024027
0.049179
0.070194
0.077266
0.063920
0.034699
0.013514
0.006941
0.007427
0.005762
-0.000905
-0.005559
-0.002066
0.003033
0.001389
-0.009617
-0.026610
-0.031222
-0.025106
-0.022839
-0.024620
-0.022072
-0.010276
0.010913
0.032794
0.045291
0.044599
0.031536
0.011977
-0.001903
0.004300
0.013548
0.013917
0.008285
0.001263
-0.004473
-0.007167
-0.002920
0.002732
-0.002465
-0.025379
-0.052877
-0.063645
-0.049925
-0.018177
0.012675
0.038377
0.051347
0.048115
0.038666
0.021894
-0.000734
-0.005903
-0.003722
-0.020664
-0.046999
-0.061727
-0.067663
-0.060526
-0.042160
-0.020074
0.003707
0.016234
0.019592
0.024359
0.036090
0.054218
0.067282
0.064933
0.051391
0.022286
0.001514
0.009880
0.030955
0.050098
0.059338
0.059530
0.056537
0.055244
0.054274
0.049489
0.035026
0.009364
-0.009804
-0.024305
-0.028280
-0.021781
-0.016926
-0.016258
-0.012874
-0.004814
0.005539
0.014246
0.016774
0.016050
0.019101
0.032059
0.052142
0.077167
0.094105
0.097207
0.097585
0.097281
0.089544
0.067381
0.037830
0.020237
0.025710
0.038786
0.053525
0.062350
0.059567
0.046077
0.027652
0.009411
0.007637
0.011510
0.012773
0.015438
0.019639
0.019253
0.013105
0.000488
-0.016179
-0.017566
-0.003119
0.020860
0.043158
0.070753
0.099501
0.113627
0.113230
0.103641
0.086206
0.062734
0.062814
0.075963
0.080296
0.070505
0.052582
0.036453
0.038612
0.050569
0.052227
0.039920
0.025829
0.017731
0.014511
0.008930
0.000417
-0.004328
-0.004585
-0.002983
-0.001954
-0.000522
0.001282
0.003515
0.006773
0.010648
0.014474
0.013650
0.005835
-0.004020
-0.011680
-0.020790
-0.032612
-0.039470
-0.042279
-0.046760
-0.052316
-0.056500
-0.060213
-0.071189
-0.087740
-0.092990
-0.079735
-0.052457
-0.021330
0.007967
0.025301
0.020221
-0.000613
-0.038976
-0.067402
-0.084838
-0.087593
-0.079560
-0.066378
-0.056786
-0.063491
-0.085387
-0.121272
-0.142960
-0.141860
-0.127830
-0.107489
-0.079134
-0.044871
-0.032801
-0.040394
-0.054319
-0.069461
-0.067678
-0.047340
-0.019614
0.006624
0.033194
0.041107
0.025942
-0.005110
-0.033969
-0.043524
-0.037454
-0.038294
-0.048704
-0.054822
-0.056776
-0.060435
-0.067923
-0.073137
-0.079593
-0.091417
-0.092182
-0.077804
-0.048769
-0.017923
-0.006585
-0.006935
-0.008197
-0.007591
-0.007817
-0.009757
-0.011941
-0.011934
-0.010583
-0.007700
-0.006566
-0.009573
-0.016888
-0.027197
-0.037166
-0.045867
-0.050390
-0.053914
-0.054463
-0.044423
-0.022655
0.001329
0.016799
0.018605
0.016821
0.021318
0.029554
0.036822
0.039959
0.038943
0.033346
0.022368
0.007713
-0.008172
-0.014115
-0.014942
-0.014858
-0.011712
-0.006666
-0.003999
-0.005151
-0.008658
-0.014438
-0.024689
-0.033758
-0.042460
-0.039728
-0.028508
-0.017393
-0.011228
-0.005947
0.003239
0.014564
0.025383
0.034475
0.048305
0.057803
0.054141
0.037278
0.008575
0.000601
0.013519
0.025600
0.029250
0.021561
0.008695
0.000466
0.004972
0.012333
0.009914
0.003338
0.004194
0.017279
0.031333
0.030751
0.015987
-0.008297
-0.018247
-0.010544
-0.000931
0.005725
0.014547
0.026157
0.030817
0.024241
0.005372
-0.012136
-0.009092
0.001636
0.005896
0.006233
0.003946
-0.002157
-0.007001
-0.007611
-0.004695
0.004076
0.018636
0.035492
0.044386
0.044175
0.041303
0.038889
0.037270
0.037148
0.034914
0.025576
0.011864
-0.005484
-0.013449
-0.002041
0.013837
0.023693
0.028887
0.031323
0.031491
0.027642
0.021475
0.017131
0.016215
0.020715
0.028620
0.036703
0.043860
0.048736
0.051245
0.050007
0.044045
0.035200
0.031706
0.037385
0.049598
0.061055
0.060108
0.039337
0.004426
-0.007511
0.004926
0.022894
0.043051
0.047751
0.034063
0.012397
-0.001959
-0.003638
-0.004742
-0.004167
0.002448
0.019338
0.033391
0.035134
0.021829
-0.000434
-0.007542
-0.002547
0.003829
0.007637
0.010494
0.011768
0.011220
0.010642
0.009652
0.010385
0.013258
0.017471
0.020225
0.021138
0.022209
0.022306
0.020156
0.013643
0.002893
-0.009392
-0.012910
-0.009891
-0.009623
-0.012904
-0.018188
-0.022209
-0.022781
-0.021568
-0.021231
-0.023578
-0.031175
-0.044394
-0.049277
-0.040277
-0.024725
-0.006055
0.008502
0.012046
0.008798
0.008434
0.006181
-0.001621
-0.010692
-0.016997
-0.014553
-0.009885
-0.010999
-0.019469
-0.037238
-0.046405
-0.037473
-0.019190
-0.002741
0.000398
-0.007303
-0.014173
-0.013744
-0.007351
0.003009
0.012158
0.018444
0.022811
0.022788
0.009262
-0.026303
-0.054977
-0.064787
-0.052161
-0.028347
-0.008599
0.002324
0.005378
0.002328
-0.007730
-0.028150
-0.043055
-0.041341
-0.028067
-0.007001
0.013862
0.015492
-0.000008
-0.020929
-0.036142
-0.031907
-0.019202
-0.012883
-0.012577
-0.011285
-0.006117
0.000117
0.004600
0.005853
0.003279
0.004592
0.012003
0.017905
0.018858
0.013277
0.005071
0.001237
0.001853
0.001995
-0.002215
-0.010762
-0.020256
-0.031859
-0.032663
-0.024815
-0.018684
-0.013286
-0.006019
0.004225
0.014522
0.019787
0.018949
0.018229
0.022922
0.036464
0.055177
0.067410
0.066509
0.054741
0.036025
0.011485
-0.010078
-0.027862
-0.029826
-0.023907
-0.022914
-0.027748
-0.030205
-0.027736
-0.022858
-0.017206
-0.010279
-0.005276
-0.004177
-0.003015
-0.003767
-0.005810
-0.006696
-0.004264
0.000142
0.003601
0.006132
0.009336
0.009700
0.006204
-0.001309
-0.006659
-0.004905
-0.003605
-0.005635
-0.007175
-0.007630
-0.010329
-0.016234
-0.022245
-0.023346
-0.020122
-0.018590
-0.017040
-0.013037
-0.007709
-0.003522
-0.000137
0.003992
0.008882
0.012367
0.016458
0.024552
0.031063
0.022959
0.002162
-0.009864
-0.004397
0.007385
0.015914
0.012806
0.003743
-0.005472
-0.014336
-0.021816
-0.020935
-0.013381
-0.003997
0.007336
0.012258
0.010869
0.004909
-0.002252
-0.002628
0.003703
0.012485
0.022126
0.025782
0.019516
0.006968
-0.009284
-0.016792
-0.009330
0.001939
0.009823
0.008944
0.001473
-0.006921
-0.013936
-0.014102
-0.006563
0.004066
0.011394
0.011826
0.005976
-0.000160
0.000057
0.008250
0.019213
0.029831
0.030577
0.023037
0.011619
-0.000239
-0.002062
0.004900
0.015864
0.022706
0.022661
0.016802
0.009003
0.003255
0.001199
-0.000869
-0.003883
-0.004960
-0.005488
-0.004409
-0.005009
-0.010822
-0.015343
-0.010239
0.006518
0.026065
0.030857
0.025949
0.023160
0.024378
0.019966
0.005378
-0.006842
-0.004487
0.005063
0.017910
0.035175
0.045469
0.042743
0.029886
0.008688
-0.013420
-0.015078
-0.008020
-0.010699
-0.021453
-0.039815
-0.061293
-0.068930
-0.061144
-0.045194
-0.027820
-0.018857
-0.025699
-0.042760
-0.058809
-0.054292
-0.038945
-0.026158
-0.014890
-0.010971
-0.011178
-0.010414
-0.009520
-0.007713
-0.002201
0.007948
0.015734
0.013845
0.004401
-0.008986
-0.023868
-0.034994
-0.034913
-0.033136
-0.033995
-0.034001
-0.028826
-0.020665
-0.011615
-0.006627
-0.008744
-0.014817
-0.018531
-0.017476
-0.013686
-0.007153
-0.000459
0.004679
0.006614
0.005271
0.004343
0.006750
0.012528
0.017031
0.017351
0.014684
0.011303
0.007607
0.003655
-0.001027
-0.004713
-0.002969
0.004688
0.014881
0.017995
0.013725
0.004326
-0.005849
-0.002285
0.009599
0.018406
0.020424
0.019736
0.021754
0.028381
0.031040
0.022064
0.008098
0.004206
0.012975
0.024891
0.028738
0.023614
0.012669
-0.002356
-0.010543
-0.004695
0.005005
0.014142
0.020120
0.027233
0.031602
0.030375
0.028026
0.028877
0.031472
0.034348
0.037450
0.042550
0.044818
0.040148
0.027665
0.008192
-0.004217
-0.009488
-0.012125
-0.011516
-0.008397
-0.003590
-0.002924
-0.008342
-0.017428
-0.027768
-0.027534
-0.017717
-0.006179
0.005321
0.012166
0.019216
0.030053
0.040470
0.043482
0.040371
0.033360
0.024548
0.022213
0.026036
0.028112
0.021702
0.002982
-0.027870
-0.042193
-0.031652
-0.030323
-0.044339
-0.038480
-0.003902
0.025553
0.043398
0.036920
0.020060
0.015364
0.007899
-0.007355
-0.013085
-0.017649
-0.026152
-0.031784
-0.034598
-0.038935
-0.044701
-0.048147
-0.046903
-0.042253
-0.033908
-0.023882
-0.012817
-0.004440
-0.000431
-0.000037
-0.001753
-0.004673
-0.003557
0.005230
0.016820
0.024044
0.021656
0.007112
-0.018608
-0.034403
-0.036386
-0.028659
-0.020869
-0.014963
-0.007884
-0.007354
-0.012618
-0.025847
-0.044839
-0.054091
-0.053322
-0.046196
-0.035975
-0.022009
-0.003819
0.007276
0.007531
0.003903
-0.002976
-0.012164
-0.012925
-0.008158
-0.005048
-0.002823
0.000477
-0.000123
-0.004817
-0.010450
-0.013958
-0.011279
-0.006813
-0.003751
-0.003696
-0.008548
-0.016857
-0.028707
-0.034067
-0.029259
-0.021454
-0.011247
0.003514
0.012852
0.019344
0.025330
0.034028
0.047575
0.059049
0.066758
0.063583
0.048593
0.028957
0.021059
0.013328
0.003348
-0.003489
-0.007437
-0.007908
-0.003496
0.005121
0.013241
0.014629
0.011232
0.008097
0.007484
0.011898
0.021910
0.029321
0.030122
0.027296
0.023060
0.017601
0.014909
0.014063
0.009506
0.005122
0.004684
0.008927
0.013116
0.014829
0.016692
0.020227
0.026068
0.033914
0.034401
0.023819
0.003892
-0.017373
-0.027093
-0.023965
-0.015698
-0.003826
0.005794
0.006125
0.000077
-0.007870
-0.012745
-0.008467
-0.001770
0.006732
0.015389
0.023352
0.027194
0.025582
0.019834
0.013103
0.007296
0.003398
0.002920
0.000875
-0.004301
-0.010861
-0.013236
-0.008441
-0.000895
0.005173
0.005226
0.008014
0.015757
0.023074
0.024316
0.018412
0.007832
-0.003812
-0.003139
0.005133
0.013339
0.019973
0.025347
0.026408
0.021278
0.013835
0.010124
0.011434
0.012325
0.009493
0.004290
-0.003456
-0.014786
-0.025444
-0.029301
-0.024627
-0.015017
-0.003778
0.002844
0.003402
0.000383
-0.003561
-0.006809
-0.005953
0.000970
0.011415
0.020109
0.024710
0.021666
0.010975
-0.003040
-0.013773
-0.015842
-0.012072
-0.008202
-0.006008
-0.006534
-0.011677
-0.021855
-0.039977
-0.052299
-0.044244
-0.028179
-0.014139
0.002857
0.015887
0.014204
0.004973
-0.005237
-0.015123
-0.013331
-0.003355
0.006518
0.010631
0.003691
-0.009508
-0.022317
-0.022151
-0.013145
-0.004978
0.001789
0.003485
-0.001017
-0.002487
-0.003163
-0.008965
-0.021041
-0.029263
-0.025673
-0.015071
-0.004495
-0.010344
-0.023179
-0.031505
-0.036864
-0.035128
-0.025959
-0.018402
-0.014695
-0.010229
-0.011177
-0.011115
-0.005130
0.000890
0.002020
0.002019
0.002747
0.005530
0.011430
0.015740
0.017369
0.015887
0.010670
0.000655
-0.009436
-0.018300
-0.025048
-0.025106
-0.019834
-0.014026
-0.011242
-0.012487
-0.015267
-0.015277
-0.010450
-0.003349
0.002442
0.004122
0.001749
-0.000705
-0.003186
-0.005213
-0.003304
0.002272
0.010970
0.021160
0.029684
0.033872
0.033737
0.031012
0.025363
0.017143
0.009157
0.005741
0.004397
0.006918
0.011622
0.012407
0.009515
0.007855
0.009581
0.013657
0.017098
0.022506
0.027693
0.026478
0.021079
0.013848
0.009084
0.008264
0.010479
0.011171
0.002737
-0.012485
-0.019072
-0.014923
-0.007732
-0.000297
0.007401
0.011224
0.008250
0.002631
0.000297
0.004260
0.012613
0.019713
0.023165
0.022026
0.017537
0.013124
0.006599
-0.005088
-0.017164
-0.018848
-0.015612
-0.014993
-0.018652
-0.020780
-0.018345
-0.013064
-0.009620
-0.007555
-0.006779
-0.005194
-0.000391
0.003023
0.002399
-0.001582
-0.006140
-0.010154
-0.016006
-0.019957
-0.021286
-0.020554
-0.016564
-0.011936
-0.010910
-0.012546
-0.015321
-0.018029
-0.015840
-0.009678
-0.002265
0.004882
0.005568
0.001556
-0.001267
-0.003577
-0.007048
-0.013701
-0.022129
-0.024537
-0.020942
-0.017829
-0.017916
-0.018329
-0.017841
-0.016493
-0.014081
-0.011216
-0.009198
-0.008442
-0.008929
-0.008930
-0.010135
-0.010982
-0.011145
-0.010588
-0.009956
-0.009943
-0.008577
-0.004822
-0.001543
0.000376
0.001492
0.002893
0.005168
0.005624
0.005538
0.006349
0.008492
0.011900
0.012788
0.008321
-0.001650
-0.012524
-0.015541
-0.011354
-0.008983
-0.011031
-0.013631
-0.013628
-0.010248
-0.003475
0.004655
0.013453
0.021746
0.026560
0.029076
0.029610
0.024355
0.015371
0.007198
0.001451
-0.004113
-0.013346
-0.024608
-0.027580
-0.020334
-0.008162
-0.000166
0.000066
-0.005173
-0.010778
-0.012295
-0.005562
0.009323
0.029004
0.044917
0.048089
0.041056
0.029304
0.022340
0.024619
0.027084
0.025001
0.018728
0.009656
-0.001759
-0.003340
0.003141
0.006876
0.008860
0.009042
0.007303
0.007160
0.010738
0.015807
0.018713
0.019005
0.020012
0.024762
0.030528
0.031317
0.025698
0.016470
0.008053
0.004978
0.007573
0.010722
0.013497
0.017410
0.021155
0.021341
0.017532
0.009356
-0.002975
-0.012644
-0.014192
-0.009168
-0.001882
0.004270
0.006288
0.005439
0.003738
0.000323
-0.004267
-0.008633
-0.012291
-0.013689
-0.011719
-0.009480
-0.008890
-0.011051
-0.015089
-0.016171
-0.012708
-0.010306
-0.012984
-0.020236
-0.026865
-0.030848
-0.030032
-0.025569
-0.017798
-0.004666
0.010747
0.024047
0.027848
0.027074
0.024869
0.018290
0.006234
-0.005277
-0.012432
-0.015539
-0.013862
-0.010522
-0.005276
0.000924
0.002337
-0.001596
-0.008053
-0.014709
-0.016354
-0.014359
-0.012820
-0.012393
-0.010870
-0.007390
-0.004054
-0.003265
-0.000640
0.006713
0.017666
0.026473
0.026557
0.018830
0.011253
0.006433
0.005383
0.005310
0.001422
-0.006107
-0.011962
-0.010898
-0.004634
-0.000543
0.000724
0.002911
0.005729
0.007922
0.006142
0.000938
-0.002350
0.000265
0.008639
0.015422
0.014633
0.008264
0.003609
0.003021
0.005331
0.007207
0.006153
0.001239
-0.008053
-0.019831
-0.027925
-0.025033
-0.016815
-0.009356
-0.003261
0.003459
0.010318
0.014435
0.013263
0.011187
0.011778
0.014688
0.017467
0.015691
0.007329
-0.003418
-0.008351
-0.009464
-0.008485
-0.007966
-0.009846
-0.014951
-0.021441
-0.026845
-0.029078
-0.025227
-0.019302
-0.016877
-0.015766
-0.016813
-0.021108
-0.026809
-0.030893
-0.032645
-0.030404
-0.022482
-0.008824
0.009278
0.022985
0.025723
0.023733
0.022492
0.021792
0.015668
0.007133
0.002002
0.001360
0.001481
-0.001922
-0.010885
-0.027910
-0.046765
-0.051101
-0.039870
-0.024145
-0.011355
-0.008546
-0.015571
-0.024789
-0.030914
-0.027200
-0.015188
-0.000332
0.014964
0.024015
0.024471
0.021232
0.016762
0.012539
0.011818
0.016005
0.019726
0.019313
0.014153
0.006001
-0.003671
-0.008380
-0.009198
-0.008094
-0.004853
0.000678
0.008002
0.011305
0.009020
0.004656
0.000394
0.000088
0.001712
0.003481
0.006425
0.010550
0.012351
0.010803
0.009244
0.009508
0.012890
0.017043
0.020419
0.022520
0.020638
0.013512
0.003168
-0.005411
-0.006069
-0.002345
0.002161
0.006182
0.012262
0.019865
0.024695
0.027424
0.030556
0.031152
0.028608
0.020520
0.004582
-0.011141
-0.023137
-0.023053
-0.017646
-0.017599
-0.020931
-0.024219
-0.024996
-0.023064
-0.019480
-0.013953
-0.006152
0.003530
0.015109
0.024149
0.026104
0.022868
0.018626
0.014825
0.015659
0.019614
0.022184
0.021685
0.016718
0.008528
-0.004639
-0.018746
-0.025475
-0.023998
-0.017902
-0.010293
-0.002595
0.001092
0.001039
0.003333
0.009132
0.017041
0.026693
0.038824
0.044281
0.040209
0.030694
0.019861
0.008778
0.004525
0.004304
0.003298
0.001364
-0.001141
-0.002793
-0.002357
-0.001020
0.000633
0.001944
0.003295
0.005893
0.009741
0.015614
0.020127
0.021899
0.020006
0.014832
0.009346
0.005940
0.003329
0.003891
0.008097
0.013726
0.013236
0.007439
-0.001970
-0.017666
-0.033173
-0.037567
-0.029896
-0.018676
-0.008274
-0.006074
-0.012085
-0.020205
-0.024747
-0.023197
-0.016215
-0.010218
-0.005161
-0.003703
-0.006035
-0.009446
-0.012588
-0.015151
-0.016835
-0.016639
-0.018322
-0.019975
-0.020422
-0.020715
-0.018404
-0.010132
-0.000286
0.005248
0.003167
-0.004018
-0.015491
-0.029976
-0.038483
-0.034956
-0.026940
-0.020158
-0.016599
-0.016173
-0.017116
-0.018381
-0.017450
-0.013241
-0.008261
-0.005285
-0.003796
-0.003094
-0.003901
-0.004111
-0.003174
-0.000017
0.003077
0.004791
0.003854
0.000108
-0.004449
-0.005701
-0.003602
-0.001284
-0.001313
-0.003153
-0.005401
-0.006190
-0.004803
-0.003208
-0.003058
-0.005505
-0.009317
-0.009957
-0.007760
-0.002060
0.005658
0.012358
0.019595
0.023674
0.023578
0.021236
0.016675
0.012964
0.010447
0.007730
0.004442
-0.001409
-0.008273
-0.014003
-0.014857
-0.009187
-0.000806
0.004206
0.004277
0.002614
0.001886
0.003424
0.006175
0.007261
0.006757
0.006357
0.007652
0.009367
0.010518
0.012042
0.014282
0.018163
0.021192
0.021641
0.017870
0.012853
0.009877
0.009780
0.009454
0.007590
0.007634
0.009287
0.011645
0.013251
0.011679
0.006398
0.001590
0.001250
0.005125
0.011018
0.016191
0.018985
0.020759
0.022250
0.023046
0.021269
0.017464
0.013592
0.010780
0.007485
0.002960
-0.001248
-0.004173
-0.007032
-0.006715
-0.004578
-0.003186
0.000356
0.004777
0.010631
0.018301
0.025127
0.027628
0.022891
0.013509
0.000763
-0.006567
-0.005201
-0.002835
-0.004567
-0.008121
-0.011723
-0.015524
-0.017493
-0.014402
-0.008561
-0.002994
0.005186
0.011598
0.013344
0.011710
0.008882
0.007036
0.006204
0.005562
0.005657
0.005208
0.003977
0.001101
-0.002790
-0.008129
-0.015147
-0.024620
-0.030640
-0.029035
-0.022348
-0.015412
-0.012439
-0.015527
-0.020479
-0.024143
-0.020624
-0.010722
-0.002547
-0.000875
-0.005524
-0.011427
-0.015147
-0.015702
-0.014602
-0.010613
-0.002805
0.006950
0.012988
0.014250
0.011930
0.007405
0.001111
-0.005227
-0.007486
-0.007352
-0.006221
-0.002198
0.001564
-0.000416
-0.007361
-0.017297
-0.024490
-0.023989
-0.017022
-0.009030
-0.002023
0.000865
0.002676
0.003432
0.001729
-0.000663
0.001176
0.006153
0.009987
0.012140
0.009552
0.001745
-0.007518
-0.008883
-0.003307
-0.001216
-0.004299
-0.009035
-0.014000
-0.019284
-0.023273
-0.024429
-0.018719
-0.007709
0.006674
0.015488
0.011590
0.002302
-0.002797
-0.000687
0.005940
0.011942
0.014402
0.013334
0.010674
0.007681
0.005086
0.001915
-0.002411
-0.004308
-0.002059
0.000717
0.003243
0.003056
-0.001115
-0.006020
-0.010852
-0.010885
-0.004727
0.003765
0.009933
0.010722
0.007623
0.003689
0.000004
0.000369
0.002875
0.005664
0.005871
0.001751
-0.004596
-0.008679
-0.008259
-0.005028
-0.000245
0.005701
0.010859
0.013186
0.011068
0.006616
0.001224
-0.002961
-0.003009
0.000503
0.005973
0.007901
0.007471
0.005367
0.003383
0.003481
0.005179
0.004357
0.001179
-0.003280
-0.006204
-0.003883
0.000815
0.004632
0.007232
0.008437
0.009144
0.010214
0.010073
0.010586
0.013129
0.014912
0.012361
0.007764
0.006284
0.004967
0.002167
-0.002092
-0.004847
-0.004757
-0.002940
-0.000061
0.001845
0.003678
0.005329
0.005459
0.004726
0.003760
0.002674
0.001342
0.001588
0.004851
0.006764
0.004037
-0.001194
-0.006313
-0.008043
-0.006661
-0.004409
-0.002878
-0.002140
-0.003141
-0.004744
-0.005177
-0.005025
-0.004489
-0.002797
-0.002256
-0.004218
-0.009125
-0.013444
-0.015243
-0.015538
-0.014121
-0.012791
-0.010206
-0.006254
-0.004820
-0.003566
-0.003486
-0.007424
-0.013953
-0.019784
-0.024512
-0.027229
-0.027880
-0.025489
-0.021847
-0.017876
-0.013013
-0.009748
-0.009053
-0.010259
-0.012532
-0.015274
-0.016885
-0.018420
-0.017794
-0.013954
-0.008445
-0.003979
-0.000456
0.001601
-0.000496
-0.003271
-0.002896
-0.000065
0.002761
0.001650
-0.002198
-0.005303
-0.004597
-0.000767
0.004028
0.007077
0.006764
0.004270
0.002017
-0.000068
-0.002777
-0.007123
-0.014291
-0.021144
-0.022663
-0.018254
-0.010724
-0.001878
0.004336
0.006250
0.006678
0.008664
0.011644
0.017251
0.022272
0.023982
0.023694
0.020779
0.017103
0.014616
0.015604
0.017773
0.016743
0.012527
0.006569
0.000021
-0.004734
-0.004281
0.000995
0.008340
0.014448
0.018696
0.021221
0.020497
0.018786
0.019508
0.024883
0.032186
0.037477
0.036328
0.030352
0.024559
0.020904
0.016798
0.014351
0.014120
0.013292
0.008607
0.001596
-0.005012
-0.012772
-0.015434
-0.010840
-0.004781
0.002852
0.013967
0.022154
0.026438
0.025846
0.023937
0.024703
0.026297
0.027841
0.027791
0.023115
0.013829
0.001202
-0.007455
-0.010432
-0.011015
-0.010913
-0.011826
-0.013098
-0.013132
-0.010447
-0.005053
-0.000247
0.003243
0.007430
0.012368
0.013675
0.009972
0.003434
-0.001827
-0.003260
-0.002345
0.000192
0.000847
-0.000098
-0.002230
-0.005704
-0.009372
-0.010504
-0.009139
-0.005379
-0.001702
-0.001098
-0.002777
-0.004781
-0.008796
-0.012897
-0.012211
-0.007152
-0.001799
-0.000283
-0.001206
-0.003271
-0.007553
-0.011372
-0.014048
-0.013710
-0.011341
-0.008288
-0.008874
-0.015307
-0.023609
-0.029402
-0.027028
-0.019872
-0.011894
-0.006078
-0.006457
-0.008770
-0.011748
-0.014890
-0.017204
-0.015503
-0.011793
-0.007623
-0.004534
-0.005226
-0.007828
-0.009897
-0.011463
-0.013420
-0.015915
-0.018124
-0.020609
-0.019987
-0.016856
-0.013917
-0.012535
-0.012147
-0.010410
-0.007054
-0.006031
-0.005059
0.000612
0.003127
0.002465
0.002728
0.002746
-0.000922
-0.006775
-0.010912
-0.013762
-0.015570
-0.015781
-0.016012
-0.015085
-0.012740
-0.012452
-0.013688
-0.015597
-0.014396
-0.009855
-0.004814
0.000019
0.003135
0.003210
0.000199
-0.006248
-0.010955
-0.009967
-0.007490
-0.006630
-0.007747
-0.007373
-0.006374
-0.003313
0.001531
0.007590
0.013312
0.016114
0.014966
0.011799
0.011395
0.011437
0.009567
0.005860
0.001129
-0.004120
-0.005966
-0.004630
0.000613
0.007815
0.016354
0.023035
0.025417
0.024935
0.021077
0.013916
0.008518
0.005896
0.006276
0.007566
0.007948
0.009307
0.009471
0.008988
0.008593
0.009535
0.012041
0.013838
0.013816
0.012568
0.010258
0.010157
0.011804
0.012667
0.012158
0.012042
0.012933
0.013791
0.015832
0.019122
0.020118
0.018339
0.015355
0.011039
0.007988
0.006283
0.006023
0.008295
0.011238
0.012841
0.013558
0.013823
0.013301
0.013227
0.015147
0.018611
0.021037
0.019539
0.015025
0.011876
0.012302
0.013697
0.012480
0.008119
0.003884
0.003114
0.004806
0.006812
0.007774
0.007311
0.006782
0.006363
0.005407
0.003358
0.002150
0.002940
0.006551
0.010595
0.011942
0.011015
0.009115
0.006737
0.003790
0.001259
-0.000152
-0.003059
-0.002500
0.000553
0.003934
0.006118
0.005271
0.003026
-0.002229
-0.007859
-0.009285
-0.008829
-0.008963
-0.009477
-0.009296
-0.010195
-0.011261
-0.012356
-0.011984
-0.008857
-0.006413
-0.005329
-0.005801
-0.009263
-0.010540
-0.011500
-0.013881
-0.017417
-0.018895
-0.016545
-0.011705
-0.009726
-0.010418
-0.011756
-0.013898
-0.014425
-0.012280
-0.010953
-0.012785
-0.016690
-0.019076
-0.019607
-0.018278
-0.016707
-0.016436
-0.015984
-0.015781
-0.016057
-0.014978
-0.012494
-0.008861
-0.005936
-0.004107
-0.004232
-0.007456
-0.011873
-0.016276
-0.017964
-0.016665
-0.014381
-0.011721
-0.008644
-0.005950
-0.004534
-0.005148
-0.007340
-0.008086
-0.005477
-0.001213
0.003091
0.005229
0.006216
0.007086
0.008331
0.009623
0.008499
0.004746
0.000763
-0.001161
-0.002842
-0.005929
-0.009562
-0.011238
-0.009462
-0.005501
-0.000790
0.002209
0.001749
0.001723
0.004152
0.004900
0.006994
0.012541
0.015608
0.015612
0.013851
0.011062
0.008733
0.006652
0.005965
0.006087
0.006573
0.006292
0.006164
0.005480
0.003804
0.002986
0.002057
0.000405
0.001031
0.004531
0.008655
0.010887
0.010874
0.012193
0.014004
0.015373
0.014758
0.011743
0.008813
0.008542
0.009734
0.009397
0.007857
0.006852
0.007624
0.007547
0.005079
-0.000753
-0.005027
-0.007457
-0.007522
-0.005200
-0.002308
0.001735
0.007883
0.012456
0.013353
0.011412
0.008036
0.004822
0.002588
0.001199
-0.001458
-0.003511
-0.003453
-0.003239
-0.003756
-0.004348
-0.005339
-0.007127
-0.006849
-0.004212
-0.002889
-0.002715
-0.002559
-0.002784
-0.003938
-0.004453
-0.002964
0.000200
0.002489
0.003659
0.004452
0.005631
0.005491
0.005463
0.005781
0.004520
-0.001448
-0.008499
-0.013069
-0.012788
-0.009657
-0.007443
-0.006635
-0.006308
-0.004976
-0.002468
-0.000557
0.000198
0.001000
0.003127
0.005240
0.006822
0.009200
0.012263
0.012269
0.010029
0.008231
0.007192
0.006783
0.006284
0.003812
0.000709
-0.001438
-0.004651
-0.006440
-0.006507
-0.005719
-0.005280
-0.005704
-0.006545
-0.007345
-0.007290
-0.005347
-0.002056
0.000446
0.002113
0.003338
0.002585
0.001017
-0.000564
-0.002205
-0.002395
-0.003605
-0.006425
-0.009162
-0.013187
-0.013829
-0.010693
-0.008984
-0.009886
-0.011926
-0.012690
-0.011969
-0.011127
-0.009226
-0.007542
-0.007397
-0.008119
-0.008788
-0.008720
-0.008025
-0.006863
-0.005470
-0.004026
-0.002538
-0.001784
-0.003360
-0.005361
-0.005245
-0.003993
-0.003530
-0.004699
-0.006583
-0.009781
-0.011735
-0.011451
-0.010291
-0.008122
-0.005278
-0.001419
0.002411
0.003023
-0.000506
-0.005078
-0.008485
-0.009016
-0.007015
-0.004972
-0.003369
-0.000582
0.002185
0.004003
0.002038
-0.002301
-0.004007
-0.006309
-0.005517
-0.000854
0.003427
0.004708
0.003547
0.002479
0.002114
0.002274
0.002925
0.004699
0.008366
0.010917
0.010106
0.006403
0.002295
-0.000580
-0.000958
0.003330
0.008954
0.012459
0.014432
0.013556
0.009541
0.003597
0.000768
0.002180
0.005100
0.009092
0.010858
0.012292
0.011938
0.009868
0.007999
0.008612
0.011095
0.013034
0.014325
0.015358
0.013143
0.009737
0.007890
0.006221
0.002911
0.001226
-0.000326
-0.003092
-0.007615
-0.010961
-0.010830
-0.008532
-0.004793
-0.001560
0.000604
0.000312
-0.000763
-0.000387
0.000135
0.000348
0.001036
0.001415
-0.000065
-0.001770
-0.001574
-0.000368
0.000699
0.000232
-0.001426
-0.000973
0.001485
0.004159
0.007048
0.007015
0.003890
-0.000178
-0.003320
-0.003903
-0.001838
0.001101
0.003454
0.004698
0.004554
0.002251
-0.000511
-0.001947
-0.001448
0.000822
0.001505
0.001628
0.003631
0.006639
0.009636
0.011366
0.011321
0.008644
0.002957
-0.003447
-0.008145
-0.010447
-0.010294
-0.008961
-0.006065
-0.003988
-0.001981
0.001038
0.003894
0.006179
0.007276
0.006746
0.006252
0.007021
0.008271
0.008756
0.007887
0.006404
0.003276
-0.000741
-0.003051
-0.002817
-0.001715
-0.001665
-0.002650
-0.003736
-0.003825
-0.004068
-0.004051
-0.002736
-0.000515
0.001454
0.003568
0.005586
0.005443
0.003135
0.000678
-0.000093
0.000753
0.002038
0.002892
0.004118
0.006156
0.006577
0.005491
0.002446
-0.000767
-0.004330
-0.006834
-0.007427
-0.006808
-0.005658
-0.003970
-0.003034
-0.003170
-0.003779
-0.004192
-0.002787
-0.000691
0.000565
0.000099
-0.000648
-0.001422
-0.002002
-0.002839
-0.004100
-0.005958
-0.007865
-0.008621
-0.008194
-0.006755
-0.004268
-0.002027
-0.000857
-0.000796
-0.001326
-0.002240
-0.002465
-0.002284
-0.001567
-0.000256
0.000602
0.000789
0.000977
0.000789
-0.000044
-0.001795
-0.003365
-0.004344
-0.004042
-0.003341
-0.003722
-0.005106
-0.005759
-0.005534
-0.003833
-0.002267
-0.000850
0.000720
0.002077
0.003172
0.003005
0.001992
0.000871
0.001034
0.002291
0.002397
0.001032
-0.000692
-0.001700
-0.001367
-0.001304
-0.001918
-0.002845
-0.003149
-0.002935
-0.002576
-0.002692
-0.002694
-0.001802
0.000021
0.001738
0.002663
0.002569
0.002284
0.001810
0.000596
-0.000518
-0.001054
-0.000590
0.000967
0.001973
0.001469
0.000402
-0.000649
-0.001317
-0.001443
-0.001321
-0.001220
-0.000678
0.000109
0.000746
0.001150
0.001496
0.001825
0.002180
0.002302
0.002299
0.002415
0.002653
0.002993
0.003294
0.002900
0.001588
-0.000209
-0.000810
-0.000280
-0.000105
-0.000225
-0.000039
0.000088
0.000018
-0.000101
0.000047
0.000685
0.001742
0.002820
0.002969
0.002486
0.002162
0.002114
0.002009
0.001691
0.001343
0.001064
0.000619
0.000319
0.000362
0.000402
0.000467
0.000515
0.000587
0.000666
0.000777
0.000810
0.000748
0.000634
0.000582
0.000803
0.001134
0.001336
0.001116
0.000759
0.000528
0.000391
0.000293
0.000159
-0.000033
-0.000224
-0.000289
-0.000200
-0.000202
-0.000272
-0.000327
-0.000409
-0.000464
-0.000511
-0.000520
-0.000484
-0.000456
-0.000398
-0.000343
-0.000319
-0.000319
-0.000340
-0.000340
-0.000350
-0.000372
-0.000448
-0.000520
-0.000544
-0.000507
-0.000449
-0.000431
-0.000446
-0.000448
-0.000449
-0.000448
-0.000435
-0.000427
-0.000423
-0.000408
-0.000380
-0.000341
-0.000305
-0.000282
-0.000279
-0.000285
-0.000287
-0.000289
-0.000292
-0.000292
-0.000271
-0.000246
-0.000224
-0.000210
-0.000206
-0.000202
-0.000196
-0.000185
-0.000173
-0.000166
-0.000158
-0.000149
-0.000140
-0.000130
-0.000122
-0.000111
-0.000097
-0.000086
-0.000077
-0.000070
-0.000066
-0.000062
-0.000055
-0.000050
-0.000043
-0.000037
-0.000030
-0.000025
-0.000019
-0.000015
-0.000011
-0.000006
-0.000001
0.000003
0.000006
0.000010
0.000012
0.000017
0.000019
0.000022
0.000025
0.000029
0.000030
0.000033
0.000036
0.000039
0.000040
0.000041
0.000043
0.000046
0.000047
