0.000526
0.000556
0.000099
-0.000539
-0.000505
-0.000486
-0.000484
-0.000513
-0.000551
-0.000545
-0.000444
-0.000275
-0.000148
-0.000129
-0.000190
-0.000268
-0.000340
-0.000389
-0.000418
-0.000446
-0.000482
-0.000507
-0.000482
-0.000401
-0.000298
-0.000213
-0.000165
-0.000175
-0.000247
-0.000349
-0.000454
-0.000539
-0.000611
-0.000670
-0.000699
-0.000664
-0.000566
-0.000439
-0.000334
-0.000254
-0.000173
-0.000091
-0.000038
-0.000025
-0.000028
-0.000034
-0.000049
-0.000084
-0.000131
-0.000177
-0.000213
-0.000252
-0.000298
-0.000325
-0.000298
-0.000230
-0.000180
-0.000194
-0.000273
-0.000393
-0.000505
-0.000552
-0.000535
-0.000501
-0.000499
-0.000549
-0.000632
-0.000706
-0.000731
-0.000695
-0.000634
-0.000594
-0.000598
-0.000630
-0.000674
-0.000708
-0.000723
-0.000720
-0.000716
-0.000737
-0.000824
-0.000995
-0.001211
-0.001399
-0.001517
-0.001583
-0.001612
-0.001524
-0.001247
-0.000854
-0.000459
-0.000055
0.000461
0.001069
0.001524
0.001532
0.000964
0.000006
-0.000993
-0.001862
-0.002667
-0.003504
-0.004376
-0.005152
-0.005619
-0.005564
-0.004904
-0.003727
-0.002147
-0.000273
0.001726
0.003765
0.005883
0.008006
0.009691
0.010457
0.010286
0.009492
0.008311
0.006861
0.005185
0.003279
0.001181
-0.001023
-0.003187
-0.005143
-0.006720
-0.007512
-0.006933
-0.004858
-0.001878
0.000962
0.002599
0.002838
0.002567
0.002626
0.003000
0.003237
0.003142
0.002831
0.002337
0.001606
0.000720
-0.000163
-0.001000
-0.001849
-0.002738
-0.003641
-0.004543
-0.005473
-0.006466
-0.007535
-0.008645
-0.009557
-0.009672
-0.008421
-0.005729
-0.001893
0.002542
0.006504
0.008868
0.009069
0.007299
0.004615
0.002062
-0.000294
-0.002929
-0.006026
-0.009346
-0.012607
-0.015491
-0.017365
-0.017312
-0.014555
-0.009262
-0.002700
0.003560
0.008326
0.011163
0.012378
0.012437
0.011632
0.010371
0.008818
0.006637
0.003751
0.000587
-0.002542
-0.005726
-0.008959
-0.011493
-0.012463
-0.011814
-0.009942
-0.007436
-0.004919
-0.002489
0.000148
0.002908
0.004983
0.005796
0.005821
0.005555
0.004852
0.003698
0.002377
0.001056
-0.000287
-0.001697
-0.003151
-0.004607
-0.005965
-0.007051
-0.007861
-0.008594
-0.009342
-0.009834
-0.009714
-0.009027
-0.007835
-0.005915
-0.003330
-0.000560
0.001895
0.003774
0.004962
0.005293
0.004752
0.003641
0.002172
0.000319
-0.001811
-0.004017
-0.006236
-0.008492
-0.010842
-0.013505
-0.016554
-0.018963
-0.018703
-0.015130
-0.010204
-0.005919
-0.002052
0.002758
0.008537
0.013336
0.014933
0.012843
0.009018
0.005995
0.004556
0.003905
0.003326
0.002730
0.002229
0.001893
0.001785
0.001995
0.002477
0.003018
0.003484
0.003922
0.004420
0.004993
0.005579
0.006122
0.006464
0.006261
0.005443
0.004408
0.003520
0.002715
0.001545
-0.000575
-0.003315
-0.004930
-0.004009
-0.000564
0.004446
0.009952
0.015861
0.022044
0.026489
0.026551
0.022136
0.015854
0.009570
0.003146
-0.003856
-0.010924
-0.016355
-0.019110
-0.020381
-0.020926
-0.019480
-0.015782
-0.011485
-0.007700
-0.004146
-0.000254
0.004027
0.008533
0.013270
0.018229
0.022997
0.026794
0.028875
0.028776
0.026286
0.021133
0.013061
0.002439
-0.009378
-0.020828
-0.030838
-0.038620
-0.043383
-0.044750
-0.043227
-0.039618
-0.034487
-0.027886
-0.019504
-0.009399
0.001938
0.013895
0.025896
0.036573
0.041883
0.037811
0.026155
0.012841
0.001150
-0.008953
-0.017401
-0.023658
-0.027461
-0.028735
-0.027381
-0.022903
-0.014732
-0.002458
0.014534
0.036433
0.061397
0.084368
0.098847
0.100981
0.090934
0.071189
0.045251
0.016435
-0.013634
-0.043170
-0.067016
-0.077830
-0.073497
-0.061832
-0.051909
-0.044765
-0.036636
-0.025760
-0.013536
-0.001731
0.009388
0.020623
0.032433
0.043772
0.051305
0.051751
0.045082
0.033545
0.020186
0.006939
-0.006679
-0.019761
-0.027918
-0.028867
-0.025710
-0.022156
-0.019035
-0.015613
-0.011347
-0.006345
-0.000645
0.005864
0.012765
0.019480
0.025788
0.030800
0.032700
0.030935
0.027100
0.023130
0.019597
0.015793
0.010540
0.003372
-0.004771
-0.012672
-0.020116
-0.027842
-0.036161
-0.043630
-0.047176
-0.041995
-0.024376
0.002694
0.031808
0.057877
0.077663
0.087521
0.086447
0.076727
0.060159
0.037517
0.009993
-0.020885
-0.050762
-0.071421
-0.078659
-0.076275
-0.069025
-0.057311
-0.040298
-0.020131
0.000366
0.020357
0.037625
0.045976
0.041095
0.027463
0.013657
0.002700
-0.008101
-0.021046
-0.035721
-0.050513
-0.063284
-0.070200
-0.067204
-0.054580
-0.036266
-0.015009
0.007867
0.031339
0.054618
0.073860
0.081047
0.073689
0.061450
0.055056
0.054828
0.054536
0.051235
0.045910
0.037691
0.024615
0.007964
-0.009120
-0.025232
-0.040565
-0.055105
-0.068104
-0.078741
-0.085672
-0.085883
-0.076093
-0.056537
-0.031656
-0.005739
0.019639
0.043238
0.060911
0.068472
0.067310
0.061619
0.052886
0.040144
0.021972
-0.001251
-0.025177
-0.042284
-0.045448
-0.034762
-0.018948
-0.005849
0.001910
0.004442
0.004759
0.006206
0.008864
0.010994
0.011856
0.012085
0.012509
0.013319
0.014219
0.015001
0.015713
0.016531
0.018113
0.022048
0.028900
0.036799
0.042557
0.041632
0.030295
0.010857
-0.009634
-0.023789
-0.026136
-0.019016
-0.011362
-0.008277
-0.009517
-0.014215
-0.021695
-0.031259
-0.042046
-0.053148
-0.064476
-0.075751
-0.082790
-0.076341
-0.050132
-0.010394
0.030082
0.066200
0.101776
0.138900
0.170427
0.184701
0.171541
0.124333
0.049845
-0.029984
-0.090724
-0.118488
-0.119086
-0.110697
-0.106340
-0.107846
-0.110534
-0.109552
-0.102350
-0.083248
-0.043795
0.013268
0.070435
0.106887
0.112341
0.095973
0.075291
0.058071
0.042061
0.024689
0.006851
-0.009724
-0.024239
-0.035242
-0.040303
-0.038500
-0.031396
-0.021847
-0.012425
-0.004809
-0.000727
-0.001505
-0.006589
-0.015372
-0.028368
-0.044476
-0.061017
-0.076609
-0.090181
-0.098122
-0.092609
-0.065156
-0.017936
0.036154
0.086050
0.122596
0.135204
0.121558
0.092596
0.063136
0.042001
0.028490
0.016419
0.002094
-0.013181
-0.027005
-0.039104
-0.049177
-0.054075
-0.051014
-0.041465
-0.029078
-0.016378
-0.003987
0.008345
0.020438
0.031189
0.039176
0.043607
0.044404
0.041566
0.034781
0.023937
0.009012
-0.010033
-0.031370
-0.050876
-0.064839
-0.071739
-0.072579
-0.069987
-0.065837
-0.060252
-0.053114
-0.044854
-0.035778
-0.026219
-0.016795
-0.008053
-0.000359
0.005257
0.006774
0.002726
-0.006282
-0.018094
-0.030785
-0.043738
-0.056461
-0.067510
-0.075829
-0.081252
-0.083301
-0.081027
-0.074355
-0.064503
-0.052848
-0.040546
-0.028212
-0.015749
-0.002984
0.009942
0.022265
0.032947
0.041949
0.049556
0.054794
0.056112
0.052358
0.042840
0.026849
0.004906
-0.019506
-0.041758
-0.058591
-0.069304
-0.075470
-0.078162
-0.076098
-0.068425
-0.057771
-0.047493
-0.038025
-0.028178
-0.017241
-0.005952
0.002128
0.003580
0.000625
-0.001745
-0.001971
-0.000604
0.003415
0.011899
0.024854
0.040376
0.056636
0.072446
0.085235
0.090815
0.087293
0.078211
0.069435
0.064036
0.061374
0.059149
0.055195
0.047502
0.033260
0.010671
-0.017410
-0.043519
-0.059284
-0.062006
-0.058042
-0.055185
-0.054276
-0.051517
-0.044370
-0.032347
-0.014641
0.010424
0.040093
0.061471
0.059808
0.037215
0.015738
0.016704
0.039208
0.063502
0.071202
0.057488
0.032930
0.015307
0.018164
0.043988
0.080846
0.108434
0.110025
0.080856
0.032387
-0.013967
-0.044241
-0.061944
-0.079690
-0.103567
-0.129582
-0.151335
-0.161318
-0.145964
-0.098663
-0.036696
0.013655
0.036013
0.029027
0.008826
-0.003634
0.003315
0.028816
0.059614
0.078976
0.075339
0.047098
0.008270
-0.017984
-0.020503
-0.010783
-0.005843
-0.009851
-0.016820
-0.021156
-0.020000
-0.005483
0.033287
0.087534
0.126657
0.127253
0.083229
0.005927
-0.077256
-0.142989
-0.185254
-0.213217
-0.236602
-0.253519
-0.256346
-0.239710
-0.202338
-0.145094
-0.069494
0.015457
0.092611
0.149533
0.181565
0.185294
0.159978
0.115574
0.071777
0.047897
0.050557
0.067085
0.080858
0.088846
0.097970
0.112364
0.127918
0.137575
0.135940
0.117638
0.080087
0.030939
-0.016959
-0.055624
-0.079707
-0.083065
-0.064355
-0.036905
-0.025388
-0.041668
-0.070993
-0.086707
-0.074593
-0.042166
-0.006663
0.016216
0.016987
0.001866
-0.010586
-0.004623
0.030301
0.095874
0.168593
0.206850
0.187936
0.122211
0.042041
-0.006906
0.005817
0.068691
0.147889
0.211896
0.232887
0.200268
0.142651
0.110063
0.118251
0.137524
0.139352
0.117190
0.071392
0.006519
-0.062731
-0.121410
-0.160703
-0.176777
-0.177366
-0.175858
-0.176599
-0.171141
-0.136381
-0.046925
0.083958
0.193852
0.229614
0.193235
0.125818
0.071620
0.043085
0.016311
-0.032685
-0.096463
-0.140726
-0.138987
-0.095373
-0.032790
0.026923
0.067276
0.083791
0.089881
0.101966
0.123900
0.148301
0.168341
0.180039
0.175595
0.144650
0.083817
0.004837
-0.072250
-0.131804
-0.161527
-0.152407
-0.108250
-0.046967
0.011664
0.060053
0.101038
0.133482
0.146672
0.131270
0.093273
0.050498
0.014639
-0.016845
-0.051724
-0.094333
-0.145736
-0.200166
-0.240042
-0.245660
-0.206476
-0.118985
0.000776
0.111348
0.180762
0.206495
0.206199
0.202150
0.202626
0.199118
0.175118
0.112886
0.006177
-0.120633
-0.218205
-0.255431
-0.241713
-0.200312
-0.149848
-0.109596
-0.095428
-0.106509
-0.123760
-0.121340
-0.073338
0.034361
0.169113
0.259936
0.270779
0.226337
0.162940
0.089919
0.009999
-0.051876
-0.076789
-0.083122
-0.098164
-0.127395
-0.160937
-0.180929
-0.171315
-0.136984
-0.099069
-0.069919
-0.044740
-0.010743
0.042578
0.112854
0.181675
0.223482
0.224297
0.197947
0.174687
0.172496
0.183811
0.185969
0.160394
0.106663
0.047723
0.014464
0.013933
0.024717
0.026572
0.016888
0.000813
-0.019193
-0.040419
-0.051688
-0.042961
-0.022880
-0.014830
-0.040015
-0.093237
-0.138456
-0.144179
-0.106991
-0.046572
0.004801
0.021179
-0.003784
-0.061334
-0.123893
-0.152648
-0.134363
-0.086173
-0.037974
-0.017652
-0.022341
-0.025281
-0.010069
0.025433
0.075358
0.117546
0.119434
0.066859
-0.018990
-0.091280
-0.113894
-0.091884
-0.058551
-0.049856
-0.079901
-0.127935
-0.163653
-0.168631
-0.135739
-0.072579
0.000095
0.064617
0.116597
0.158469
0.191190
0.210955
0.211342
0.185540
0.134530
0.076713
0.034356
0.014257
0.006206
-0.003339
-0.021207
-0.050855
-0.088563
-0.117007
-0.118733
-0.093362
-0.057158
-0.029150
-0.015288
-0.006734
0.005361
0.020144
0.032209
0.038227
0.036146
0.020438
-0.016224
-0.065964
-0.096542
-0.080299
-0.027518
0.027696
0.062424
0.073757
0.070523
0.062980
0.055713
0.047742
0.036341
0.019913
-0.003990
-0.037805
-0.077399
-0.112307
-0.133254
-0.137702
-0.131935
-0.124825
-0.119018
-0.111555
-0.099325
-0.081668
-0.059274
-0.032169
0.001824
0.045539
0.094255
0.129079
0.130460
0.100258
0.059229
0.024030
-0.005931
-0.041401
-0.089566
-0.140504
-0.166998
-0.148914
-0.094817
-0.040110
-0.015404
-0.013756
-0.007117
0.017625
0.053450
0.086147
0.103050
0.098276
0.069784
0.017538
-0.046128
-0.095381
-0.110786
-0.097742
-0.075508
-0.054439
-0.031451
-0.000184
0.039136
0.078703
0.108254
0.118655
0.104757
0.071559
0.034902
0.008849
-0.008258
-0.032989
-0.076506
-0.128683
-0.166738
-0.171391
-0.139018
-0.084846
-0.030819
0.008983
0.031216
0.040556
0.045116
0.049741
0.054295
0.056345
0.053946
0.047639
0.039115
0.029329
0.018546
0.007332
-0.003110
-0.011364
-0.017310
-0.021371
-0.022183
-0.020028
-0.017397
-0.013957
-0.007167
0.003639
0.017412
0.033247
0.049750
0.063962
0.074251
0.081279
0.086374
0.091447
0.094984
0.092563
0.077786
0.042781
-0.009369
-0.061847
-0.101182
-0.128612
-0.152388
-0.177265
-0.202334
-0.224980
-0.242079
-0.246687
-0.229234
-0.187695
-0.132601
-0.075215
-0.017040
0.046166
0.110306
0.158552
0.175959
0.165476
0.139925
0.103096
0.052875
-0.006107
-0.063111
-0.110164
-0.145036
-0.164688
-0.163410
-0.138646
-0.096447
-0.055290
-0.030033
-0.014798
0.004532
0.037264
0.085934
0.135581
0.153077
0.113928
0.025978
-0.079345
-0.170554
-0.228380
-0.251653
-0.257472
-0.264167
-0.273599
-0.277080
-0.266717
-0.235528
-0.176709
-0.092028
0.006172
0.106088
0.192012
0.242899
0.252034
0.230558
0.189867
0.136028
0.078390
0.034301
0.017405
0.018077
0.013716
-0.008516
-0.047197
-0.089898
-0.125829
-0.148555
-0.148944
-0.125579
-0.089197
-0.051715
-0.021230
0.000028
0.016621
0.034760
0.055176
0.074646
0.091846
0.104178
0.102310
0.076592
0.030696
-0.020011
-0.065535
-0.106705
-0.142663
-0.165520
-0.169971
-0.159188
-0.139228
-0.113412
-0.081190
-0.040345
0.006994
0.054959
0.098752
0.132833
0.149975
0.146382
0.125459
0.096387
0.070469
0.057585
0.060345
0.070847
0.079196
0.083100
0.083308
0.073953
0.047738
0.011055
-0.018975
-0.032095
-0.032778
-0.032755
-0.037386
-0.041968
-0.041076
-0.034639
-0.025822
-0.017955
-0.011637
-0.006726
-0.006458
-0.016482
-0.037520
-0.059931
-0.069659
-0.059189
-0.034191
-0.008575
0.007709
0.014213
0.018052
0.025600
0.035992
0.045237
0.052038
0.058061
0.064683
0.071971
0.079696
0.087724
0.096370
0.106651
0.119409
0.132591
0.139919
0.132343
0.102733
0.054426
0.000737
-0.046175
-0.076943
-0.086691
-0.084115
-0.082228
-0.083586
-0.081486
-0.068117
-0.043628
-0.016368
0.007144
0.025650
0.039020
0.048774
0.057904
0.067132
0.075481
0.082428
0.087407
0.087195
0.076793
0.056510
0.032567
0.009147
-0.014094
-0.037900
-0.058923
-0.070524
-0.069809
-0.056924
-0.030473
0.009156
0.056844
0.104307
0.143310
0.169259
0.179135
0.169945
0.146913
0.121526
0.099523
0.082524
0.071276
0.063039
0.053797
0.041228
0.025156
0.007165
-0.009942
-0.021913
-0.024976
-0.021680
-0.018075
-0.016271
-0.014806
-0.011280
-0.005076
0.003132
0.012569
0.022177
0.031411
0.040374
0.048594
0.050663
0.036324
0.004444
-0.027764
-0.042211
-0.040040
-0.035835
-0.038394
-0.043717
-0.045837
-0.044180
-0.037896
-0.023335
-0.000085
0.024055
0.038274
0.041367
0.042130
0.046938
0.054937
0.062433
0.064205
0.052590
0.025836
-0.006107
-0.031102
-0.039804
-0.023932
0.015504
0.061446
0.091453
0.097716
0.092550
0.090792
0.094181
0.094777
0.085385
0.066109
0.043381
0.022658
0.003918
-0.015592
-0.036795
-0.058694
-0.080941
-0.104979
-0.133036
-0.163790
-0.190495
-0.205134
-0.205168
-0.195194
-0.178474
-0.153060
-0.119130
-0.081361
-0.043443
-0.005661
0.032292
0.068531
0.099745
0.121698
0.131699
0.133110
0.131874
0.128109
0.112859
0.077632
0.028843
-0.014437
-0.039423
-0.051324
-0.062887
-0.079191
-0.096053
-0.104248
-0.093053
-0.060734
-0.019673
0.016867
0.041462
0.047259
0.031170
0.002191
-0.023512
-0.035189
-0.033517
-0.028224
-0.026523
-0.027136
-0.025317
-0.019193
-0.009927
0.002140
0.018308
0.039426
0.061524
0.073887
0.066610
0.042948
0.015746
-0.007708
-0.027070
-0.040497
-0.044083
-0.039026
-0.030872
-0.022798
-0.015047
-0.005927
0.004980
0.015804
0.024978
0.030878
0.032708
0.030716
0.025640
0.018827
0.010464
-0.000989
-0.017420
-0.038893
-0.062076
-0.080370
-0.084937
-0.073123
-0.054213
-0.037828
-0.024011
-0.008926
0.008700
0.027256
0.044283
0.059459
0.072284
0.077702
0.065712
0.031419
-0.014344
-0.052070
-0.069754
-0.073589
-0.079434
-0.093604
-0.110167
-0.123371
-0.132060
-0.133805
-0.124356
-0.101444
-0.069803
-0.044615
-0.035804
-0.034925
-0.028053
-0.005762
0.034295
0.082467
0.124352
0.150349
0.156310
0.145588
0.128751
0.113943
0.100719
0.085699
0.068322
0.050635
0.033847
0.017724
0.002853
-0.006690
-0.004936
0.009452
0.030320
0.050042
0.067607
0.085118
0.101666
0.113226
0.116459
0.111789
0.100343
0.081909
0.055552
0.021669
-0.015656
-0.049448
-0.072186
-0.082169
-0.085522
-0.087301
-0.086726
-0.081292
-0.069634
-0.051020
-0.025651
0.005086
0.039565
0.074196
0.103466
0.125089
0.141195
0.154571
0.165506
0.171894
0.170964
0.159709
0.135213
0.096979
0.048970
0.000283
-0.037298
-0.055373
-0.054671
-0.045830
-0.040913
-0.043559
-0.048920
-0.051647
-0.051333
-0.050695
-0.050876
-0.051018
-0.050756
-0.050274
-0.049672
-0.048539
-0.043197
-0.026361
0.001524
0.027070
0.037239
0.030136
0.013914
-0.002419
-0.016961
-0.031871
-0.047164
-0.055267
-0.045473
-0.019628
0.009439
0.033978
0.054160
0.069292
0.075559
0.070646
0.055734
0.031552
-0.004158
-0.050107
-0.096119
-0.129275
-0.142537
-0.134142
-0.106828
-0.071440
-0.040640
-0.021091
-0.016150
-0.023595
-0.034551
-0.043182
-0.050861
-0.061038
-0.073089
-0.080683
-0.078118
-0.067508
-0.055726
-0.046020
-0.036818
-0.026286
-0.014379
-0.002288
0.009530
0.020875
0.029843
0.032068
0.023715
0.007692
-0.008765
-0.021665
-0.031214
-0.038103
-0.042090
-0.043049
-0.042058
-0.040226
-0.037192
-0.033078
-0.028693
-0.024353
-0.020040
-0.015607
-0.010718
-0.005568
-0.001697
-0.000706
-0.003453
-0.010390
-0.021147
-0.033412
-0.044865
-0.054454
-0.060307
-0.060002
-0.052387
-0.040277
-0.028186
-0.017464
-0.008545
-0.002092
0.003632
0.010160
0.016843
0.023244
0.029283
0.035014
0.040552
0.044845
0.045782
0.042337
0.035176
0.024731
0.011747
-0.001965
-0.015859
-0.031121
-0.047639
-0.062283
-0.072537
-0.078876
-0.082581
-0.083948
-0.082382
-0.076692
-0.063104
-0.037574
-0.002276
0.034606
0.065296
0.086188
0.098118
0.103910
0.103610
0.095527
0.080353
0.060829
0.039789
0.020670
0.006681
-0.002692
-0.009908
-0.016442
-0.021646
-0.022587
-0.014859
0.005984
0.036921
0.068408
0.095434
0.118587
0.135409
0.139644
0.130754
0.115094
0.098581
0.082137
0.064347
0.045108
0.025627
0.007666
-0.008167
-0.021670
-0.032535
-0.040381
-0.044351
-0.043812
-0.038766
-0.029600
-0.016220
0.002018
0.024571
0.049467
0.075857
0.102198
0.123633
0.135147
0.137693
0.136994
0.135280
0.130461
0.121341
0.110209
0.099426
0.089207
0.079065
0.068203
0.056937
0.045963
0.035159
0.024619
0.014517
0.005773
0.001380
0.005204
0.017300
0.031740
0.040677
0.040518
0.036116
0.034701
0.037298
0.040229
0.040748
0.040030
0.040250
0.041665
0.043280
0.043595
0.041500
0.036212
0.027442
0.016119
0.004494
-0.005283
-0.012852
-0.018984
-0.024230
-0.028780
-0.031935
-0.032262
-0.029490
-0.023539
-0.014432
-0.003784
0.007455
0.019233
0.029879
0.036695
0.037919
0.033913
0.028258
0.024137
0.020685
0.016252
0.010849
0.005323
0.000097
-0.004697
-0.008581
-0.011307
-0.011886
-0.009264
-0.004615
0.000133
0.004072
0.006652
0.005745
-0.001120
-0.012083
-0.022954
-0.033422
-0.045866
-0.059301
-0.068322
-0.069735
-0.065634
-0.059009
-0.051603
-0.043825
-0.035106
-0.025312
-0.015034
-0.005363
0.001836
0.003903
-0.001069
-0.011956
-0.023664
-0.031237
-0.034758
-0.036283
-0.037055
-0.037820
-0.038227
-0.037482
-0.035106
-0.031402
-0.026753
-0.021648
-0.016995
-0.014113
-0.014597
-0.019030
-0.026730
-0.035586
-0.043396
-0.048689
-0.050559
-0.048839
-0.042899
-0.031808
-0.016619
-0.000672
0.014274
0.028636
0.041982
0.051140
0.050428
0.039276
0.024624
0.013367
0.007964
0.006973
0.008273
0.010413
0.013139
0.016082
0.017145
0.015068
0.010794
0.006009
0.001895
-0.001758
-0.006107
-0.012594
-0.021615
-0.030918
-0.038168
-0.042544
-0.043331
-0.040421
-0.035373
-0.030549
-0.027658
-0.026716
-0.026160
-0.024617
-0.022139
-0.020298
-0.021792
-0.028233
-0.038726
-0.049150
-0.053676
-0.049435
-0.036072
-0.015349
0.005991
0.020680
0.028159
0.032683
0.037359
0.042341
0.046147
0.047645
0.045921
0.039483
0.028030
0.014762
0.003882
-0.003729
-0.009435
-0.014823
-0.022054
-0.031599
-0.042202
-0.053433
-0.064548
-0.073575
-0.078699
-0.079050
-0.074143
-0.063715
-0.047225
-0.023438
0.005883
0.031449
0.042572
0.038749
0.029192
0.022430
0.021215
0.023979
0.027922
0.030126
0.027599
0.019685
0.008630
-0.002665
-0.012662
-0.022724
-0.036305
-0.054405
-0.075278
-0.096569
-0.115764
-0.132358
-0.146761
-0.158116
-0.165034
-0.166573
-0.163128
-0.156130
-0.146503
-0.134556
-0.120138
-0.100132
-0.071197
-0.036372
-0.001807
0.028753
0.052841
0.069627
0.081611
0.092062
0.101668
0.108197
0.107895
0.096850
0.073957
0.042644
0.009128
-0.019499
-0.040641
-0.057750
-0.072315
-0.082145
-0.085353
-0.081178
-0.070319
-0.054217
-0.034762
-0.015060
0.002895
0.021228
0.042086
0.063650
0.082399
0.093095
0.090033
0.072649
0.046627
0.020909
0.002455
-0.007529
-0.011072
-0.009919
-0.005147
0.002318
0.011586
0.021832
0.031510
0.037853
0.040252
0.041040
0.042511
0.045158
0.045190
0.038508
0.024328
0.003968
-0.018358
-0.037479
-0.050380
-0.057370
-0.059686
-0.058435
-0.055791
-0.053535
-0.051037
-0.046198
-0.038443
-0.029283
-0.020568
-0.013927
-0.010587
-0.011026
-0.013697
-0.014728
-0.010487
-0.000254
0.012518
0.022544
0.025961
0.023214
0.018090
0.014582
0.016311
0.023744
0.033053
0.038920
0.037858
0.031531
0.025053
0.021376
0.018876
0.013809
0.003867
-0.010861
-0.027478
-0.040108
-0.044349
-0.039937
-0.029847
-0.020697
-0.017614
-0.020343
-0.025093
-0.026925
-0.022475
-0.010014
0.008429
0.026202
0.036864
0.038893
0.035753
0.030996
0.024976
0.016991
0.008437
0.001376
-0.003789
-0.008232
-0.013069
-0.018236
-0.023102
-0.027140
-0.030553
-0.034726
-0.040700
-0.047326
-0.051656
-0.051130
-0.044653
-0.031969
-0.013813
0.006673
0.024317
0.035605
0.040854
0.043356
0.045659
0.048605
0.052919
0.058663
0.064415
0.067312
0.064150
0.053143
0.036013
0.018897
0.007662
0.002274
-0.000019
-0.001874
-0.003273
-0.001431
0.003916
0.010810
0.017073
0.020655
0.020345
0.015987
0.008571
0.000059
-0.006857
-0.009765
-0.008300
-0.002996
0.005348
0.016053
0.029403
0.043759
0.055413
0.062813
0.067329
0.071388
0.077264
0.085363
0.093123
0.097512
0.097307
0.092690
0.083481
0.069947
0.055326
0.043121
0.033748
0.025124
0.015115
0.003875
-0.005788
-0.011804
-0.015115
-0.017885
-0.021978
-0.027778
-0.033667
-0.037537
-0.038012
-0.035153
-0.030342
-0.026134
-0.025234
-0.027550
-0.030005
-0.028324
-0.020810
-0.010001
-0.000427
0.004587
0.005095
0.002151
-0.003654
-0.011315
-0.019288
-0.026024
-0.030341
-0.032416
-0.033818
-0.035943
-0.039229
-0.042832
-0.045401
-0.047295
-0.049659
-0.051903
-0.052662
-0.050373
-0.043478
-0.032233
-0.018815
-0.005312
0.007191
0.017574
0.023772
0.024266
0.020034
0.013786
0.007499
0.001682
-0.002851
-0.004875
-0.004590
-0.003385
-0.003058
-0.005549
-0.011852
-0.021249
-0.032195
-0.042973
-0.051354
-0.055867
-0.056926
-0.055540
-0.052463
-0.048890
-0.045211
-0.040907
-0.036098
-0.031138
-0.027096
-0.024826
-0.023816
-0.023671
-0.025784
-0.032023
-0.042135
-0.053283
-0.061526
-0.065505
-0.066758
-0.066788
-0.065520
-0.061399
-0.052924
-0.040150
-0.026175
-0.015512
-0.010534
-0.010696
-0.013116
-0.014305
-0.012837
-0.009855
-0.007024
-0.006474
-0.009338
-0.014804
-0.022466
-0.032670
-0.045401
-0.058804
-0.069042
-0.073099
-0.070412
-0.062016
-0.050849
-0.040668
-0.033038
-0.026289
-0.017469
-0.005948
0.005876
0.014794
0.019470
0.020226
0.017615
0.012638
0.005411
-0.004794
-0.017327
-0.030126
-0.041021
-0.048805
-0.053382
-0.054162
-0.050553
-0.043852
-0.036028
-0.028979
-0.023001
-0.017031
-0.010227
-0.001684
0.007649
0.015307
0.019053
0.017316
0.011370
0.004890
0.000792
0.000721
0.004731
0.011482
0.019223
0.026517
0.032909
0.037953
0.041323
0.043231
0.042473
0.035669
0.020911
0.000270
-0.022327
-0.042265
-0.055333
-0.060992
-0.062648
-0.062547
-0.060907
-0.057997
-0.052915
-0.045405
-0.035855
-0.024201
-0.011239
0.001559
0.012771
0.021604
0.028410
0.034278
0.039151
0.042113
0.041961
0.038246
0.032807
0.028064
0.025572
0.025158
0.025277
0.024524
0.022568
0.020915
0.021429
0.024319
0.028252
0.032114
0.034756
0.035085
0.033545
0.031411
0.030037
0.030354
0.032360
0.035345
0.038718
0.041862
0.044239
0.046346
0.048455
0.050650
0.053203
0.055635
0.057528
0.058426
0.057368
0.052543
0.041968
0.026379
0.009545
-0.003404
-0.009063
-0.008097
-0.004304
-0.001513
-0.001054
-0.001593
-0.000279
0.004478
0.011552
0.018405
0.023483
0.027229
0.031001
0.035518
0.039905
0.042318
0.041046
0.035339
0.026126
0.016051
0.007499
0.001114
-0.003309
-0.007077
-0.011036
-0.014048
-0.013714
-0.008190
0.001821
0.013809
0.025650
0.036214
0.044478
0.050570
0.054918
0.057678
0.058695
0.056974
0.051664
0.042384
0.029304
0.013790
-0.001164
-0.012579
-0.018688
-0.019092
-0.013915
-0.004596
0.004712
0.010327
0.011801
0.012167
0.014217
0.018020
0.023326
0.028900
0.032330
0.032670
0.030745
0.027571
0.023696
0.020013
0.017147
0.014849
0.012419
0.009171
0.005217
0.001481
-0.000626
-0.000397
0.001619
0.004159
0.005826
0.005822
0.004871
0.003624
0.002102
0.001014
0.000849
0.001805
0.004490
0.008761
0.013767
0.018996
0.024076
0.028736
0.030787
0.026734
0.017268
0.006943
-0.000260
-0.002495
-0.001490
-0.000640
-0.001226
-0.001807
0.000363
0.005999
0.013131
0.019848
0.025112
0.027711
0.027180
0.025329
0.024083
0.023440
0.022591
0.021217
0.018648
0.014084
0.008444
0.003303
-0.001335
-0.005646
-0.008974
-0.010829
-0.011605
-0.012433
-0.012961
-0.012144
-0.009376
-0.004693
0.000856
0.006233
0.011075
0.015155
0.017264
0.016571
0.014783
0.013631
0.013118
0.012839
0.012326
0.011324
0.007111
-0.002586
-0.013488
-0.018696
-0.016258
-0.009190
-0.000809
0.005621
0.007970
0.006407
0.001688
-0.004562
-0.010694
-0.016497
-0.022263
-0.027867
-0.032558
-0.034897
-0.033763
-0.029099
-0.021515
-0.012571
-0.003210
0.006495
0.015434
0.022466
0.026584
0.026975
0.022967
0.015180
0.007672
0.003320
0.000399
-0.004044
-0.011282
-0.019808
-0.027172
-0.031510
-0.032448
-0.031440
-0.029348
-0.026553
-0.022848
-0.017095
-0.008807
0.001190
0.010278
0.016512
0.020036
0.021458
0.020864
0.017498
0.011835
0.005709
0.000017
-0.005010
-0.008630
-0.010821
-0.011565
-0.010770
-0.009304
-0.006924
-0.003975
-0.001811
0.000133
0.001779
0.002988
0.005750
0.009906
0.013179
0.014950
0.015248
0.014145
0.011647
0.008207
0.004520
0.000966
-0.000522
0.000852
0.005084
0.011886
0.019241
0.025885
0.031844
0.038001
0.044172
0.048552
0.049796
0.046589
0.038479
0.028186
0.018413
0.010136
0.003979
-0.000387
-0.002244
-0.001654
-0.000245
0.001570
0.002732
0.003030
0.003795
0.005855
0.009078
0.012905
0.017276
0.021503
0.024788
0.027123
0.028727
0.030320
0.031366
0.030006
0.025824
0.020833
0.017693
0.015964
0.012180
0.004190
-0.006128
-0.016490
-0.025099
-0.029407
-0.029891
-0.028522
-0.026436
-0.024321
-0.020450
-0.012681
-0.001513
0.009860
0.018067
0.021803
0.021380
0.018904
0.016847
0.016505
0.018174
0.020474
0.020784
0.017540
0.011539
0.005219
0.000794
-0.001469
-0.003037
-0.006217
-0.011242
-0.015108
-0.015391
-0.011499
-0.004693
0.001908
0.007104
0.011056
0.014229
0.017883
0.022134
0.026415
0.029619
0.030642
0.029412
0.026912
0.023694
0.019558
0.014367
0.007907
0.000816
-0.006495
-0.013602
-0.019368
-0.023041
-0.024436
-0.024397
-0.024311
-0.024486
-0.023328
-0.018885
-0.010255
0.001023
0.011558
0.019692
0.025259
0.028457
0.030056
0.030088
0.027406
0.020140
0.007442
-0.008543
-0.024359
-0.038430
-0.050471
-0.059559
-0.064053
-0.062530
-0.055603
-0.045410
-0.033532
-0.021103
-0.009695
-0.000845
0.005633
0.011556
0.018373
0.026494
0.034944
0.042033
0.046354
0.046513
0.043020
0.036417
0.025942
0.012685
-0.001855
-0.014568
-0.020991
-0.019783
-0.013788
-0.007990
-0.007288
-0.013915
-0.022739
-0.024672
-0.012693
0.013893
0.044693
0.064620
0.065771
0.050916
0.029289
0.009211
-0.007827
-0.023622
-0.035907
-0.041152
-0.039757
-0.034405
-0.027003
-0.017665
-0.006654
0.002939
0.007865
0.011394
0.022037
0.042623
0.063265
0.069342
0.057598
0.038365
0.019561
-0.000125
-0.020292
-0.034042
-0.035945
-0.030549
-0.027159
-0.028013
-0.027825
-0.020763
-0.006339
0.011687
0.027833
0.037370
0.039328
0.034073
0.024300
0.016721
0.017464
0.024871
0.028467
0.018293
-0.004063
-0.024512
-0.030409
-0.022479
-0.012188
-0.009566
-0.012334
-0.011446
-0.002682
0.011148
0.023104
0.029107
0.030918
0.030344
0.024886
0.012199
-0.005137
-0.020909
-0.028266
-0.022800
-0.006876
0.008746
0.011947
-0.001205
-0.022760
-0.039182
-0.042175
-0.032782
-0.016681
0.000363
0.011389
0.011952
0.005929
0.000589
-0.001426
-0.001517
-0.000032
0.003444
0.007873
0.010639
0.008357
0.001135
-0.004137
-0.000429
0.009756
0.017095
0.014624
0.004875
-0.002369
-0.001756
0.004727
0.012156
0.017486
0.020347
0.018177
0.006181
-0.015237
-0.034874
-0.039840
-0.030286
-0.017148
-0.010532
-0.014618
-0.025944
-0.037363
-0.043001
-0.040345
-0.031480
-0.019985
-0.009255
-0.003599
-0.004906
-0.008192
-0.006443
0.002105
0.012989
0.018043
0.014411
0.008552
0.007495
0.011370
0.013855
0.008342
-0.005745
-0.021241
-0.030791
-0.034599
-0.036962
-0.039166
-0.038868
-0.034686
-0.027797
-0.022291
-0.021881
-0.024292
-0.024847
-0.021228
-0.014550
-0.007476
-0.001788
0.001515
0.002031
0.001523
0.004065
0.011167
0.019459
0.023054
0.019191
0.011155
0.004981
0.003649
0.005348
0.007174
0.007958
0.008494
0.009008
0.008999
0.007660
0.003284
-0.004790
-0.014310
-0.020307
-0.019840
-0.014808
-0.008767
-0.004495
-0.001821
0.000735
0.002396
0.002337
0.001202
0.000340
-0.000188
-0.001826
-0.003343
-0.002419
-0.000123
-0.001093
-0.010157
-0.023415
-0.027557
-0.013285
0.013965
0.037475
0.043356
0.031658
0.014288
0.001460
-0.005747
-0.008771
-0.004913
0.007704
0.021648
0.023913
0.007795
-0.019390
-0.039628
-0.041150
-0.030470
-0.022606
-0.022699
-0.024211
-0.020414
-0.009128
0.006929
0.022472
0.033059
0.036300
0.032772
0.024949
0.016199
0.009234
0.004989
0.003463
0.003438
0.004543
0.006563
0.004359
-0.008222
-0.030035
-0.050439
-0.057236
-0.047170
-0.026756
-0.008668
-0.003609
-0.010335
-0.016131
-0.008078
0.015402
0.043969
0.065558
0.074663
0.071272
0.057879
0.038312
0.017029
-0.004368
-0.031187
-0.066111
-0.098532
-0.111337
-0.093645
-0.049866
0.000957
0.037638
0.049526
0.038202
0.015709
0.000653
0.001310
0.008883
0.012078
0.008888
0.004653
0.003233
0.004323
0.006458
0.007861
0.007383
0.005923
0.006261
0.011123
0.022160
0.036953
0.046035
0.041211
0.024342
0.005300
-0.006658
-0.009388
-0.007531
-0.007649
-0.012938
-0.022183
-0.031392
-0.035087
-0.030164
-0.018980
-0.006056
0.003404
0.006117
0.004571
0.003691
0.006259
0.010994
0.014022
0.012759
0.006865
-0.002521
-0.013111
-0.022337
-0.028668
-0.032053
-0.031430
-0.025492
-0.016074
-0.008526
-0.008450
-0.012911
-0.011313
0.000778
0.015871
0.021672
0.014400
0.004152
0.002282
0.009215
0.017224
0.019810
0.015174
0.004476
-0.008632
-0.018119
-0.016957
-0.000649
0.028114
0.055628
0.064599
0.049854
0.022601
-0.000782
-0.011165
-0.009511
-0.004175
-0.004505
-0.012752
-0.022255
-0.021946
-0.005185
0.020474
0.034834
0.022610
-0.008700
-0.033148
-0.032824
-0.016442
-0.003679
-0.000763
-0.001654
0.000645
0.009019
0.021583
0.034927
0.045262
0.047789
0.040057
0.026707
0.016685
0.015542
0.022210
0.030022
0.032271
0.026544
0.012106
-0.012482
-0.043434
-0.067963
-0.073602
-0.059441
-0.036351
-0.018749
-0.014373
-0.018158
-0.020321
-0.016503
-0.007973
0.000983
0.004359
-0.001781
-0.012044
-0.015068
-0.006624
0.005373
0.010586
0.006694
-0.000630
-0.005729
-0.009112
-0.013240
-0.018155
-0.023637
-0.029023
-0.032372
-0.033192
-0.032165
-0.029678
-0.025858
-0.019311
-0.009365
0.000087
0.006050
0.010975
0.018848
0.030494
0.041471
0.044057
0.033651
0.013179
-0.010823
-0.031859
-0.045534
-0.051516
-0.051379
-0.046880
-0.040024
-0.033251
-0.028940
-0.027352
-0.026502
-0.023037
-0.013876
-0.001099
0.007098
0.004213
-0.006217
-0.015108
-0.017336
-0.014120
-0.011309
-0.012710
-0.016685
-0.019353
-0.018739
-0.016904
-0.016632
-0.018643
-0.021999
-0.024854
-0.026827
-0.030342
-0.036725
-0.043666
-0.047823
-0.046762
-0.038815
-0.024068
-0.007056
0.004226
0.003810
-0.005971
-0.014699
-0.013314
-0.002846
0.007567
0.011402
0.008775
0.004080
0.000032
-0.003577
-0.005557
-0.003882
0.000746
0.003539
-0.001737
-0.019580
-0.043797
-0.059574
-0.060305
-0.050726
-0.038333
-0.027349
-0.018844
-0.012488
-0.005712
0.002510
0.008457
0.008423
0.001739
-0.008805
-0.017893
-0.022310
-0.020926
-0.013701
-0.004383
0.001811
0.002910
0.000494
-0.002629
-0.004742
-0.006916
-0.009836
-0.010360
-0.006601
-0.000203
0.006037
0.008962
0.006781
0.000486
-0.006688
-0.012042
-0.015280
-0.017813
-0.020129
-0.020611
-0.017503
-0.011559
-0.006529
-0.006589
-0.013433
-0.023521
-0.028938
-0.025012
-0.013316
0.001895
0.014079
0.017238
0.012543
0.007091
0.006812
0.013016
0.022122
0.028421
0.027328
0.018396
0.007075
-0.000061
-0.001931
-0.001496
-0.001627
-0.004533
-0.010377
-0.017957
-0.025099
-0.028383
-0.024881
-0.015296
-0.005340
-0.000951
-0.003246
-0.007846
-0.009016
-0.005023
0.002329
0.009765
0.014177
0.013847
0.007326
-0.002570
-0.008017
-0.004025
0.007261
0.019715
0.028137
0.026887
0.013722
-0.005946
-0.024338
-0.031698
-0.024300
-0.011058
-0.001933
-0.001380
-0.008137
-0.015017
-0.015461
-0.010299
-0.004757
-0.002726
-0.005925
-0.012406
-0.018299
-0.022510
-0.025207
-0.026407
-0.026899
-0.026489
-0.023592
-0.017847
-0.010682
-0.004049
0.001587
0.006722
0.011415
0.015457
0.019436
0.025221
0.031867
0.035087
0.030781
0.019003
0.004904
-0.005545
-0.009790
-0.009046
-0.005458
0.000355
0.007628
0.013363
0.015673
0.014504
0.009944
0.002405
-0.006375
-0.011742
-0.009883
-0.002806
0.004647
0.008875
0.008171
0.003588
-0.001566
-0.005063
-0.006174
-0.004046
0.000104
0.003339
0.003263
-0.000621
-0.005616
-0.007924
-0.004607
0.003692
0.011776
0.015601
0.014620
0.009452
0.001826
-0.006115
-0.013754
-0.020082
-0.021488
-0.016867
-0.010538
-0.007637
-0.009021
-0.010730
-0.009185
-0.006633
-0.008321
-0.014662
-0.020326
-0.018551
-0.007905
0.004361
0.010240
0.007421
-0.001310
-0.009879
-0.013982
-0.012292
-0.005807
0.001921
0.006018
0.002848
-0.006248
-0.017917
-0.028917
-0.036089
-0.038735
-0.037167
-0.032702
-0.027333
-0.022071
-0.017088
-0.010984
-0.001815
0.010386
0.022439
0.029948
0.029659
0.022014
0.011110
0.002749
0.000528
0.002610
0.005122
0.003789
-0.003267
-0.014430
-0.025456
-0.030825
-0.030386
-0.027926
-0.024928
-0.020864
-0.014109
-0.004027
0.006739
0.014288
0.016106
0.013614
0.010815
0.009416
0.009268
0.009600
0.007541
0.002432
-0.003896
-0.010796
-0.017073
-0.021048
-0.022474
-0.022215
-0.021048
-0.019956
-0.018259
-0.014020
-0.007592
-0.001483
0.001477
0.000167
-0.003584
-0.006158
-0.005612
-0.003795
-0.002775
-0.003518
-0.006804
-0.011444
-0.015742
-0.017777
-0.016759
-0.014392
-0.012131
-0.010599
-0.009672
-0.008158
-0.004666
0.001086
0.008241
0.015613
0.021948
0.026122
0.028087
0.028567
0.028195
0.027721
0.027199
0.025849
0.023605
0.020793
0.016805
0.010679
0.002041
-0.008425
-0.017855
-0.023305
-0.024235
-0.021948
-0.018741
-0.015681
-0.012429
-0.009111
-0.005606
-0.000852
0.006417
0.017091
0.029283
0.037993
0.040036
0.036514
0.030692
0.024941
0.019121
0.012030
0.003512
-0.005238
-0.012482
-0.017297
-0.019952
-0.020452
-0.018977
-0.017006
-0.015252
-0.013534
-0.011223
-0.007782
-0.003618
0.001082
0.005999
0.011049
0.016938
0.024638
0.033760
0.042042
0.047855
0.050648
0.050331
0.047417
0.042680
0.037393
0.031776
0.024826
0.016987
0.009629
0.003953
0.000492
-0.000670
0.000366
0.002722
0.004919
0.005644
0.005625
0.006513
0.008807
0.012239
0.014787
0.014855
0.012721
0.009460
0.007732
0.008659
0.010870
0.013456
0.015858
0.017602
0.017663
0.014384
0.007468
-0.001578
-0.008888
-0.011599
-0.009581
-0.003992
0.002394
0.007721
0.010502
0.010134
0.010126
0.014362
0.022356
0.029353
0.030323
0.024305
0.014766
0.007504
0.006248
0.010067
0.014963
0.016057
0.011193
0.003051
-0.003700
-0.006447
-0.006411
-0.005750
-0.004587
-0.001578
0.003928
0.009967
0.015039
0.018360
0.018819
0.017363
0.015415
0.013883
0.013386
0.013325
0.012345
0.009562
0.005682
0.002838
0.002159
0.002948
0.003730
0.003782
0.003749
0.003186
0.001473
-0.000363
-0.000934
0.000123
0.001293
0.000678
-0.001519
-0.003311
-0.003611
-0.003216
-0.003347
-0.005044
-0.008442
-0.011299
-0.010608
-0.005245
0.003186
0.010785
0.014734
0.014870
0.012095
0.008729
0.007140
0.007330
0.008775
0.010160
0.010003
0.009357
0.009114
0.009743
0.011218
0.012175
0.012577
0.011635
0.008370
0.004404
0.001103
-0.000604
0.000180
0.002960
0.006124
0.008839
0.010544
0.011279
0.013388
0.017147
0.020752
0.022362
0.021513
0.020824
0.021726
0.023565
0.023776
0.019502
0.011364
0.003199
-0.001760
-0.003098
-0.001988
-0.000110
0.001813
0.003174
0.003058
0.002050
0.003119
0.007996
0.014775
0.020315
0.022100
0.019886
0.015611
0.010570
0.004953
-0.001175
-0.008786
-0.017469
-0.026105
-0.032922
-0.035142
-0.032985
-0.027071
-0.018853
-0.010014
-0.000877
0.007218
0.013156
0.017612
0.021688
0.025560
0.028588
0.030413
0.032372
0.034005
0.033773
0.031622
0.027776
0.022887
0.018618
0.016247
0.015668
0.016860
0.018815
0.019983
0.019273
0.017319
0.016152
0.015184
0.013648
0.011411
0.006265
-0.001467
-0.008543
-0.012953
-0.014139
-0.013257
-0.012592
-0.013931
-0.017481
-0.020987
-0.021145
-0.017826
-0.012596
-0.005967
-0.000177
0.003951
0.007495
0.009502
0.009242
0.006705
0.003036
0.000213
-0.000262
0.002181
0.007180
0.014164
0.020102
0.023007
0.023341
0.020524
0.016442
0.013226
0.010409
0.007387
0.004556
0.003220
0.003440
0.004433
0.005069
0.004888
0.004885
0.006024
0.008771
0.012080
0.013858
0.014147
0.015142
0.017549
0.020560
0.022722
0.023128
0.022265
0.019506
0.013843
0.006320
-0.000364
-0.004655
-0.006770
-0.007201
-0.005906
-0.003013
0.000784
0.005200
0.009652
0.012380
0.013285
0.013391
0.012704
0.012995
0.015028
0.017167
0.018373
0.017397
0.015628
0.014891
0.014092
0.013416
0.012235
0.008862
0.003174
-0.004034
-0.011501
-0.016755
-0.018595
-0.018130
-0.015970
-0.012556
-0.008738
-0.005460
-0.002206
0.001029
0.003882
0.006756
0.009600
0.012511
0.015222
0.017234
0.018050
0.017866
0.017433
0.016668
0.014823
0.011708
0.007689
0.003801
0.001424
0.000913
0.001707
0.003303
0.005234
0.006768
0.007423
0.008425
0.010069
0.011478
0.013074
0.014699
0.015432
0.015157
0.013972
0.012085
0.010724
0.009350
0.007358
0.004830
0.002191
0.001454
0.003138
0.006170
0.008672
0.009010
0.006946
0.002935
-0.000980
-0.001942
-0.000070
0.003362
0.006622
0.007358
0.005878
0.003719
0.002663
0.003681
0.006003
0.008175
0.008615
0.006861
0.003248
-0.001008
-0.004378
-0.005435
-0.003440
-0.000621
0.001699
0.003687
0.005194
0.006863
0.008437
0.009775
0.011223
0.012687
0.013623
0.013205
0.011692
0.009974
0.007899
0.005392
0.003330
0.001948
0.000156
-0.002445
-0.005469
-0.008152
-0.009479
-0.009794
-0.009078
-0.007176
-0.004868
-0.002278
0.000587
0.003404
0.005642
0.006618
0.005934
0.003685
0.001359
-0.000167
-0.001564
-0.003231
-0.005853
-0.009181
-0.011738
-0.013042
-0.013604
-0.013481
-0.012321
-0.010455
-0.008594
-0.007053
-0.005173
-0.002941
-0.001090
0.000666
0.002356
0.003351
0.003216
0.001211
-0.002546
-0.006914
-0.010849
-0.013395
-0.014793
-0.015339
-0.015036
-0.014426
-0.013889
-0.013822
-0.013709
-0.012883
-0.011447
-0.009061
-0.006172
-0.003675
-0.001619
-0.000089
0.000596
0.000289
-0.000962
-0.002331
-0.002757
-0.002426
-0.002259
-0.003613
-0.007565
-0.012983
-0.017828
-0.020812
-0.021025
-0.018899
-0.016712
-0.015694
-0.015370
-0.015871
-0.015968
-0.014117
-0.011092
-0.007897
-0.005111
-0.003508
-0.003427
-0.004357
-0.005836
-0.007723
-0.010153
-0.012738
-0.015129
-0.017310
-0.018768
-0.019267
-0.018656
-0.017781
-0.018149
-0.019856
-0.021855
-0.022699
-0.021171
-0.017777
-0.014722
-0.012323
-0.009657
-0.006891
-0.004382
-0.002551
-0.001718
-0.002151
-0.003089
-0.004556
-0.006927
-0.009467
-0.011759
-0.012695
-0.011888
-0.009849
-0.006933
-0.003689
-0.000983
0.000161
-0.000701
-0.003351
-0.006703
-0.009251
-0.010631
-0.011417
-0.012148
-0.012860
-0.013025
-0.012163
-0.009900
-0.006772
-0.003487
-0.000640
0.000850
0.000495
-0.001866
-0.005388
-0.008239
-0.009342
-0.008896
-0.007459
-0.005342
-0.002946
-0.001112
-0.000628
-0.002045
-0.005338
-0.008921
-0.010952
-0.010996
-0.009940
-0.009069
-0.008828
-0.008824
-0.008247
-0.006920
-0.005401
-0.004028
-0.002320
-0.000315
0.000909
0.001156
0.000794
0.000290
-0.000002
-0.000344
-0.000727
-0.001473
-0.003508
-0.007070
-0.011072
-0.014177
-0.015930
-0.016317
-0.016080
-0.015994
-0.016302
-0.016913
-0.016786
-0.015203
-0.012507
-0.008657
-0.003823
0.001101
0.005559
0.009116
0.011379
0.012526
0.012974
0.012636
0.011487
0.009959
0.008395
0.007320
0.007343
0.007844
0.008121
0.008042
0.007651
0.007081
0.006200
0.005686
0.005724
0.006215
0.007148
0.007956
0.008268
0.007880
0.007055
0.005834
0.004532
0.003286
0.001821
0.000061
-0.002238
-0.004976
-0.007332
-0.007736
-0.005805
-0.003079
-0.000947
-0.000095
-0.000757
-0.002214
-0.003168
-0.002872
-0.001373
0.000693
0.002403
0.003417
0.003613
0.002882
0.002020
0.001397
0.000623
-0.000486
-0.002147
-0.003491
-0.003579
-0.003001
-0.002677
-0.003518
-0.005416
-0.007286
-0.008750
-0.009409
-0.008978
-0.008326
-0.008243
-0.008706
-0.009240
-0.009344
-0.008503
-0.006527
-0.004137
-0.002229
-0.001251
-0.000482
0.000748
0.002141
0.003645
0.004839
0.004275
0.002105
0.000137
-0.001075
-0.001832
-0.001885
-0.001120
-0.000773
-0.001469
-0.003332
-0.005940
-0.007611
-0.008412
-0.008849
-0.008330
-0.007214
-0.005521
-0.003552
-0.003000
-0.003749
-0.004887
-0.005944
-0.006067
-0.005280
-0.004142
-0.003206
-0.002745
-0.002388
-0.001515
0.001120
0.005990
0.011239
0.014941
0.017139
0.018811
0.019878
0.019865
0.018675
0.017006
0.015825
0.014255
0.011423
0.007466
0.003127
-0.000114
-0.001857
-0.003201
-0.005405
-0.008275
-0.010314
-0.010622
-0.008811
-0.004953
-0.000395
0.003901
0.007761
0.010941
0.013743
0.016349
0.018834
0.020915
0.021522
0.020404
0.018324
0.016273
0.015372
0.015603
0.015651
0.015459
0.015130
0.014827
0.015130
0.015611
0.016266
0.016583
0.015814
0.014333
0.011949
0.008420
0.004721
0.001991
0.000710
0.000568
0.000364
-0.000577
-0.001450
-0.001783
-0.001669
-0.001187
-0.000966
-0.001209
-0.001868
-0.002415
-0.002785
-0.003611
-0.004486
-0.005437
-0.006269
-0.007015
-0.008116
-0.008854
-0.008955
-0.008239
-0.006821
-0.005297
-0.003499
-0.001779
-0.000518
0.000547
0.000887
0.000552
0.000347
0.000554
0.001219
0.001807
0.001885
0.001352
0.000294
-0.000653
-0.001477
-0.002485
-0.003605
-0.005107
-0.007055
-0.008082
-0.007127
-0.004964
-0.002536
-0.000256
0.001724
0.003689
0.005568
0.006532
0.006625
0.006658
0.006853
0.007223
0.007227
0.006362
0.004433
0.001984
0.000304
-0.000442
-0.000822
-0.001367
-0.001532
-0.001253
-0.001340
-0.001684
-0.002599
-0.003535
-0.003430
-0.002496
-0.001781
-0.002043
-0.003037
-0.004425
-0.005688
-0.006510
-0.007026
-0.007296
-0.007305
-0.006829
-0.005507
-0.003381
-0.001040
0.000847
0.002419
0.004004
0.005192
0.005876
0.006196
0.005703
0.004161
0.001614
-0.001697
-0.005012
-0.007704
-0.009784
-0.011277
-0.012135
-0.012774
-0.013460
-0.013950
-0.013925
-0.013038
-0.010787
-0.007066
-0.002420
0.001528
0.003844
0.005059
0.005534
0.005443
0.004985
0.004551
0.003990
0.002819
0.001131
-0.001056
-0.003670
-0.006352
-0.008575
-0.009843
-0.010363
-0.010793
-0.011474
-0.012118
-0.012514
-0.013065
-0.013745
-0.014358
-0.014830
-0.014688
-0.013950
-0.012860
-0.011706
-0.010908
-0.010326
-0.009969
-0.009621
-0.008949
-0.008328
-0.007954
-0.007423
-0.006303
-0.004761
-0.003470
-0.003146
-0.004116
-0.005870
-0.007681
-0.009035
-0.009648
-0.009528
-0.009111
-0.009403
-0.010234
-0.010457
-0.010139
-0.009593
-0.008816
-0.008027
-0.007129
-0.005929
-0.004651
-0.003829
-0.003123
-0.002255
-0.001534
-0.000704
0.000114
0.000277
-0.000951
-0.003615
-0.006485
-0.008235
-0.008465
-0.007869
-0.007554
-0.007529
-0.007203
-0.006438
-0.005067
-0.002969
-0.000522
0.001532
0.002656
0.002719
0.002103
0.001420
0.000983
0.000714
0.000378
0.000121
0.000289
0.001033
0.002365
0.003916
0.004888
0.004881
0.004391
0.003772
0.003130
0.002669
0.002140
0.001247
0.000013
-0.001433
-0.002610
-0.003079
-0.003066
-0.002850
-0.002365
-0.001602
-0.001076
-0.000959
-0.001200
-0.001997
-0.003225
-0.004771
-0.006377
-0.007875
-0.009103
-0.009938
-0.010650
-0.011129
-0.010956
-0.010033
-0.008750
-0.007717
-0.007085
-0.006591
-0.006103
-0.005407
-0.004254
-0.002948
-0.001931
-0.001357
-0.000718
0.000215
0.001143
0.002386
0.003643
0.003987
0.002703
-0.000175
-0.003358
-0.005559
-0.006466
-0.007119
-0.008731
-0.011134
-0.013361
-0.014403
-0.014297
-0.013991
-0.013667
-0.012875
-0.011453
-0.009568
-0.007706
-0.006153
-0.004744
-0.003077
-0.000944
0.001268
0.003520
0.005859
0.007915
0.009796
0.011639
0.012847
0.013416
0.013769
0.013750
0.013219
0.011875
0.009500
0.006808
0.004535
0.002455
0.000469
-0.001403
-0.002935
-0.003525
-0.003191
-0.002544
-0.002172
-0.002162
-0.002381
-0.002090
-0.001168
-0.000359
0.000467
0.001437
0.002356
0.002994
0.003605
0.004592
0.005553
0.006086
0.005866
0.004871
0.003246
0.000894
-0.001466
-0.003020
-0.003973
-0.004738
-0.005695
-0.007083
-0.008611
-0.009786
-0.010012
-0.009410
-0.008541
-0.007218
-0.005786
-0.004708
-0.004328
-0.004816
-0.005342
-0.005135
-0.003799
-0.001363
0.001832
0.005232
0.008197
0.010284
0.011163
0.010540
0.008778
0.006751
0.005025
0.003689
0.002084
-0.000308
-0.003362
-0.006445
-0.008239
-0.008044
-0.007081
-0.006969
-0.007577
-0.008146
-0.008666
-0.009538
-0.010546
-0.010519
-0.009505
-0.008345
-0.007691
-0.008363
-0.009388
-0.008824
-0.006457
-0.003746
-0.002540
-0.003299
-0.004985
-0.006430
-0.006641
-0.005371
-0.003121
-0.000830
0.000420
0.000258
-0.000549
-0.000513
0.001458
0.004457
0.006377
0.006502
0.005327
0.003911
0.003199
0.002872
0.002589
0.002246
0.001602
0.000340
-0.001519
-0.003146
-0.004118
-0.004934
-0.006257
-0.007759
-0.008298
-0.007060
-0.005124
-0.004203
-0.003985
-0.003747
-0.003218
-0.002460
-0.002041
-0.002060
-0.002426
-0.002739
-0.002538
-0.001976
-0.001175
-0.000215
0.000712
0.001595
0.002734
0.004402
0.006086
0.006777
0.006607
0.006439
0.006234
0.005967
0.005828
0.005779
0.005906
0.005821
0.005050
0.003837
0.003051
0.003309
0.004232
0.004940
0.004953
0.004596
0.004281
0.004044
0.003787
0.003451
0.003413
0.004220
0.005902
0.007778
0.009120
0.009895
0.010705
0.011597
0.011992
0.011746
0.011070
0.009955
0.008568
0.007457
0.006730
0.006430
0.006495
0.006534
0.006280
0.005859
0.005691
0.006145
0.007189
0.008290
0.009416
0.011149
0.013308
0.014933
0.015679
0.015992
0.016214
0.016298
0.016275
0.015867
0.014291
0.011542
0.008700
0.006813
0.006181
0.006698
0.008199
0.010512
0.013025
0.015037
0.016412
0.017101
0.017251
0.017390
0.017570
0.017898
0.018567
0.019265
0.019994
0.020055
0.018464
0.015297
0.011960
0.009693
0.008097
0.007292
0.007449
0.007924
0.007711
0.006073
0.004078
0.002703
0.001885
0.001369
0.000995
0.000794
0.000687
0.000159
-0.001348
-0.003577
-0.005538
-0.006263
-0.005604
-0.004152
-0.002791
-0.002037
-0.001902
-0.002147
-0.002796
-0.004002
-0.005080
-0.005302
-0.004906
-0.004355
-0.003692
-0.002682
-0.001018
0.001380
0.004222
0.007364
0.010445
0.012831
0.014358
0.014977
0.014643
0.013733
0.012822
0.012228
0.011859
0.011335
0.010327
0.008632
0.006286
0.004068
0.003206
0.003871
0.004968
0.005357
0.004590
0.002927
0.001124
0.000046
-0.000137
-0.000287
-0.001141
-0.002607
-0.004285
-0.005276
-0.004919
-0.003875
-0.002927
-0.002641
-0.003503
-0.004847
-0.005346
-0.004539
-0.003075
-0.002092
-0.001952
-0.002117
-0.002405
-0.002705
-0.002663
-0.001868
-0.000311
0.001509
0.003182
0.004133
0.004528
0.004814
0.004604
0.004028
0.003654
0.003163
0.002567
0.002496
0.002551
0.002132
0.000858
-0.000850
-0.001745
-0.001504
-0.000283
0.001374
0.002460
0.002470
0.001507
0.000072
-0.000723
-0.000319
0.000816
0.001971
0.002479
0.002098
0.001004
-0.000454
-0.001859
-0.002743
-0.003372
-0.004120
-0.004729
-0.004885
-0.004294
-0.003180
-0.002028
-0.001090
-0.000346
0.000032
-0.000121
-0.000742
-0.001798
-0.003032
-0.004456
-0.005887
-0.006999
-0.007791
-0.008197
-0.008266
-0.008042
-0.007666
-0.007290
-0.006804
-0.006316
-0.005758
-0.005278
-0.005454
-0.005986
-0.006274
-0.005912
-0.004727
-0.003203
-0.001716
-0.000429
0.000414
0.000718
0.000718
0.000600
0.000344
-0.000103
-0.000775
-0.001331
-0.001534
-0.001412
-0.000803
-0.000101
-0.000008
-0.000366
-0.000687
-0.000659
-0.000216
0.000144
0.000028
-0.000564
-0.001418
-0.002271
-0.002918
-0.003193
-0.003195
-0.002825
-0.001855
-0.000655
0.000076
0.000180
0.000235
0.000647
0.001224
0.001929
0.003041
0.004617
0.006227
0.006943
0.006364
0.005067
0.003567
0.001758
-0.000490
-0.002694
-0.004387
-0.005786
-0.007322
-0.009088
-0.010901
-0.012300
-0.012754
-0.012080
-0.010684
-0.009617
-0.009578
-0.010261
-0.011037
-0.011385
-0.011539
-0.012268
-0.013528
-0.015026
-0.016659
-0.017777
-0.018132
-0.017811
-0.016907
-0.015943
-0.015176
-0.014682
-0.014517
-0.014474
-0.014365
-0.014362
-0.014246
-0.013834
-0.013331
-0.012668
-0.011977
-0.011254
-0.010426
-0.009545
-0.008664
-0.007970
-0.007411
-0.006772
-0.005606
-0.003740
-0.001359
0.001038
0.003146
0.005240
0.007174
0.008887
0.010491
0.012383
0.014933
0.017896
0.020579
0.022324
0.023337
0.023926
0.024106
0.023556
0.022267
0.021120
0.020473
0.019892
0.019102
0.018225
0.017693
0.017448
0.017344
0.017707
0.018291
0.018213
0.017059
0.015516
0.014037
0.012262
0.009895
0.007377
0.005450
0.004144
0.003353
0.002701
0.001758
0.000731
-0.000575
-0.002314
-0.003981
-0.005128
-0.005720
-0.006162
-0.006616
-0.007081
-0.007556
-0.008112
-0.009006
-0.009877
-0.010232
-0.010337
-0.010523
-0.010878
-0.011311
-0.011504
-0.011100
-0.009950
-0.008467
-0.006910
-0.005287
-0.003784
-0.002506
-0.001312
0.000180
0.002157
0.004425
0.006681
0.009000
0.011345
0.013241
0.014513
0.015066
0.014679
0.013477
0.011973
0.010796
0.010360
0.010654
0.011121
0.010741
0.009158
0.007256
0.006817
0.008490
0.010724
0.011370
0.008949
0.004182
-0.000264
-0.001879
-0.000063
0.003926
0.008528
0.012862
0.017372
0.023239
0.029298
0.031964
0.028900
0.021249
0.013822
0.011134
0.013137
0.015649
0.013934
0.006555
-0.003370
-0.009891
-0.008985
-0.001688
0.007785
0.014510
0.015582
0.011275
0.004182
-0.001215
-0.000752
0.006255
0.015909
0.022584
0.023802
0.021405
0.018781
0.017691
0.016640
0.013448
0.008469
0.004156
0.002367
0.002432
0.002842
0.003037
0.002918
0.002551
0.002054
0.001384
0.001131
0.002542
0.005836
0.009792
0.012484
0.012475
0.010206
0.007290
0.004873
0.002766
0.000215
-0.002447
-0.004046
-0.004108
-0.003467
-0.003444
-0.004651
-0.006379
-0.006924
-0.005403
-0.002709
-0.000511
0.000101
-0.000066
0.000575
0.002588
0.005101
0.006698
0.007138
0.007425
0.008243
0.009116
0.008904
0.006889
0.003884
0.001648
0.001004
0.001124
0.000786
0.000220
0.000869
0.003174
0.005498
0.005669
0.003370
0.000524
-0.000486
0.000832
0.002656
0.002884
0.001040
-0.001369
-0.002671
-0.002489
-0.001426
-0.000478
-0.000613
-0.002067
-0.004027
-0.005211
-0.005031
-0.003894
-0.002747
-0.002646
-0.004110
-0.006988
-0.010451
-0.013257
-0.014420
-0.013786
-0.011821
-0.008790
-0.005035
-0.001555
0.000837
0.001676
0.000816
-0.000718
-0.001657
-0.001564
-0.000909
-0.001133
-0.003184
-0.005931
-0.007261
-0.005948
-0.002789
0.000165
0.001646
0.001092
-0.001481
-0.005149
-0.008623
-0.011039
-0.012425
-0.013054
-0.013357
-0.013386
-0.012962
-0.012473
-0.012319
-0.012995
-0.014003
-0.013743
-0.011840
-0.009433
-0.007804
-0.007210
-0.006908
-0.006257
-0.005574
-0.005464
-0.005933
-0.006424
-0.006098
-0.004716
-0.002794
-0.000883
0.000598
0.001181
0.000833
-0.000116
-0.001295
-0.002510
-0.004112
-0.006045
-0.007837
-0.008776
-0.008410
-0.007757
-0.007888
-0.008558
-0.008812
-0.007987
-0.006318
-0.005052
-0.005617
-0.008009
-0.011083
-0.013642
-0.015013
-0.015062
-0.014103
-0.012998
-0.012545
-0.012966
-0.013359
-0.012410
-0.009722
-0.006100
-0.003290
-0.002223
-0.002208
-0.002574
-0.002739
-0.002345
-0.001581
-0.000670
-0.000059
0.000055
-0.000435
-0.001355
-0.002181
-0.002707
-0.002796
-0.002662
-0.002671
-0.003237
-0.004541
-0.005876
-0.006474
-0.006284
-0.005976
-0.005967
-0.006308
-0.006832
-0.006943
-0.006834
-0.007662
-0.010012
-0.013424
-0.016860
-0.018857
-0.018403
-0.016437
-0.014663
-0.014084
-0.015315
-0.018172
-0.021422
-0.023425
-0.023315
-0.021574
-0.019550
-0.018785
-0.020009
-0.022631
-0.025530
-0.027415
-0.027043
-0.024142
-0.019660
-0.015531
-0.013092
-0.011873
-0.010728
-0.008932
-0.006326
-0.003279
-0.001065
-0.000697
-0.001868
-0.003992
-0.006434
-0.008169
-0.008590
-0.008205
-0.007793
-0.007552
-0.007736
-0.008302
-0.008746
-0.008904
-0.008568
-0.007662
-0.006517
-0.005553
-0.005204
-0.005355
-0.005597
-0.005346
-0.003565
-0.000532
0.002263
0.003520
0.003261
0.003123
0.003901
0.004465
0.003607
0.001374
-0.001295
-0.003324
-0.004653
-0.006065
-0.007765
-0.009278
-0.010103
-0.010204
-0.010139
-0.009948
-0.008539
-0.005386
-0.001388
0.001509
0.001255
-0.002293
-0.007318
-0.011282
-0.012325
-0.010836
-0.008440
-0.006538
-0.006045
-0.007081
-0.008653
-0.009109
-0.007358
-0.003899
-0.000792
0.000516
0.000480
0.000765
0.002316
0.004049
0.004890
0.005232
0.005786
0.006650
0.006963
0.005672
0.003489
0.001574
0.000093
-0.001130
-0.002474
-0.003744
-0.004482
-0.004659
-0.004494
-0.004266
-0.003886
-0.003552
-0.004120
-0.005257
-0.005788
-0.005585
-0.004898
-0.003753
-0.002062
0.000346
0.003142
0.005756
0.008004
0.009636
0.010198
0.009781
0.009023
0.008687
0.008737
0.008378
0.007504
0.006800
0.006701
0.007360
0.008617
0.009597
0.009665
0.008987
0.007966
0.006637
0.004811
0.003140
0.002629
0.003503
0.005164
0.006538
0.007091
0.006977
0.006886
0.007290
0.007871
0.008602
0.009401
0.009771
0.009574
0.008727
0.007466
0.006607
0.006540
0.007117
0.007793
0.008230
0.008693
0.009490
0.010943
0.013204
0.015675
0.017192
0.016997
0.015446
0.013710
0.012577
0.011721
0.010453
0.008549
0.006286
0.004101
0.002713
0.002544
0.002935
0.002956
0.002449
0.001955
0.001898
0.002707
0.004607
0.007113
0.009862
0.012473
0.014447
0.015814
0.016264
0.015110
0.012653
0.009925
0.007417
0.004835
0.002193
0.000044
-0.001325
-0.002132
-0.002569
-0.002377
-0.001695
-0.001205
-0.000989
-0.000370
0.000869
0.002107
0.002641
0.002147
0.001023
0.000009
-0.000623
-0.000839
-0.000461
0.000723
0.002310
0.003170
0.002641
0.001450
0.000970
0.001813
0.003586
0.005686
0.007848
0.009965
0.011656
0.012623
0.012923
0.012643
0.011958
0.011212
0.010709
0.010417
0.010035
0.009359
0.008437
0.007588
0.007334
0.007757
0.008727
0.009929
0.010519
0.010043
0.008571
0.006400
0.004264
0.002889
0.002333
0.001927
0.000725
-0.001316
-0.003110
-0.003729
-0.003159
-0.002134
-0.001355
-0.000866
-0.000159
0.001228
0.003176
0.004765
0.005262
0.004845
0.004146
0.003943
0.004811
0.006460
0.007964
0.008594
0.007681
0.005380
0.002772
0.000993
0.000797
0.001904
0.003212
0.003571
0.002441
0.000116
-0.002174
-0.003075
-0.002757
-0.002458
-0.002996
-0.003804
-0.003567
-0.002246
-0.000822
-0.000080
-0.000391
-0.001291
-0.002208
-0.002939
-0.003446
-0.003799
-0.004004
-0.004243
-0.004636
-0.004697
-0.003711
-0.001728
0.000598
0.002813
0.005046
0.007419
0.009224
0.010346
0.011210
0.011349
0.010086
0.007199
0.003413
0.000167
-0.001940
-0.003275
-0.004118
-0.004689
-0.005321
-0.005997
-0.006515
-0.006650
-0.005802
-0.003920
-0.001598
0.000733
0.002597
0.004152
0.005857
0.007345
0.008158
0.008207
0.007588
0.006464
0.005141
0.003858
0.002426
0.001090
0.000306
-0.000061
-0.000177
-0.000161
-0.000084
0.000076
0.000402
0.000930
0.001636
0.002128
0.001819
0.001044
0.000699
0.001439
0.003151
0.005247
0.007324
0.009086
0.010086
0.010065
0.009245
0.008095
0.007079
0.006350
0.005803
0.005152
0.004408
0.003981
0.004342
0.005684
0.007616
0.009669
0.011260
0.011943
0.011757
0.010696
0.008571
0.005779
0.003780
0.003231
0.003408
0.003635
0.003708
0.003850
0.004118
0.004296
0.004378
0.004101
0.003343
0.002062
0.000325
-0.001321
-0.002551
-0.002682
-0.001245
0.001044
0.003176
0.004759
0.005705
0.005587
0.004412
0.002567
0.000505
-0.001420
-0.003199
-0.004833
-0.005872
-0.005828
-0.004670
-0.002551
0.000042
0.002855
0.005822
0.008473
0.010307
0.011201
0.011168
0.010525
0.010064
0.010071
0.010443
0.011170
0.012047
0.012708
0.012716
0.011763
0.009923
0.007634
0.005348
0.003064
0.000682
-0.001479
-0.003096
-0.004177
-0.004718
-0.004342
-0.002700
-0.000196
0.002058
0.002996
0.002627
0.001972
0.001828
0.002257
0.002819
0.003096
0.002958
0.002246
0.000894
-0.000530
-0.001232
-0.001314
-0.001439
-0.001817
-0.002428
-0.003081
-0.003161
-0.002293
-0.000357
0.002481
0.005467
0.007647
0.008492
0.008273
0.007508
0.006658
0.006157
0.006183
0.006384
0.005788
0.003732
0.000676
-0.001838
-0.002314
-0.000714
0.001572
0.003102
0.003616
0.003673
0.003884
0.004345
0.004980
0.005709
0.006295
0.006736
0.006986
0.007222
0.007719
0.008448
0.009033
0.008968
0.008180
0.006975
0.005477
0.003647
0.001570
-0.000832
-0.003449
-0.005991
-0.008074
-0.009272
-0.009857
-0.010308
-0.010540
-0.010386
-0.009693
-0.008569
-0.007149
-0.005211
-0.002810
-0.000180
0.002240
0.003886
0.004699
0.004970
0.004754
0.003706
0.001781
-0.000395
-0.002244
-0.003480
-0.004129
-0.004545
-0.005169
-0.006409
-0.008158
-0.009919
-0.010943
-0.010337
-0.007907
-0.004296
-0.000852
0.001211
0.002075
0.002582
0.003178
0.003949
0.004731
0.005035
0.004440
0.003060
0.001139
-0.001033
-0.003178
-0.005251
-0.007389
-0.009498
-0.011098
-0.011571
-0.010980
-0.010307
-0.010411
-0.011571
-0.012856
-0.013010
-0.012085
-0.010986
-0.010445
-0.010718
-0.011531
-0.012156
-0.011952
-0.010705
-0.009046
-0.008076
-0.007966
-0.008266
-0.008569
-0.008433
-0.007970
-0.007411
-0.006715
-0.006046
-0.005775
-0.006033
-0.006551
-0.007094
-0.007286
-0.007117
-0.007051
-0.007442
-0.008243
-0.008799
-0.008623
-0.007727
-0.006483
-0.005631
-0.005560
-0.005961
-0.006331
-0.006360
-0.006242
-0.006084
-0.006003
-0.006282
-0.006868
-0.007821
-0.009112
-0.010529
-0.011962
-0.012966
-0.012890
-0.011675
-0.009838
-0.008207
-0.007394
-0.007252
-0.006920
-0.005938
-0.004900
-0.004545
-0.005280
-0.007005
-0.008757
-0.009572
-0.009636
-0.009817
-0.010751
-0.011886
-0.012733
-0.013405
-0.013970
-0.014314
-0.013853
-0.012795
-0.011706
-0.010696
-0.009997
-0.009369
-0.008532
-0.007846
-0.007744
-0.008421
-0.009186
-0.009262
-0.008651
-0.007751
-0.007148
-0.006774
-0.006326
-0.005803
-0.005188
-0.004495
-0.003670
-0.003193
-0.003182
-0.002979
-0.002707
-0.002749
-0.003385
-0.004571
-0.005800
-0.006705
-0.007189
-0.007324
-0.007055
-0.006686
-0.006806
-0.007565
-0.008761
-0.010308
-0.012019
-0.013809
-0.015377
-0.016165
-0.016307
-0.016262
-0.016752
-0.017154
-0.015670
-0.012932
-0.010458
-0.008729
-0.007615
-0.006831
-0.007096
-0.008437
-0.010014
-0.011055
-0.011113
-0.010565
-0.009701
-0.008581
-0.007013
-0.005145
-0.003263
-0.001496
-0.000378
0.000066
-0.000038
-0.000642
-0.000993
-0.001057
-0.001536
-0.002514
-0.003956
-0.005699
-0.007485
-0.009040
-0.009623
-0.008809
-0.006851
-0.004587
-0.003032
-0.002656
-0.003168
-0.003941
-0.004013
-0.003091
-0.002455
-0.002829
-0.004171
-0.006227
-0.008066
-0.008873
-0.008461
-0.007392
-0.006538
-0.006286
-0.006369
-0.006479
-0.006415
-0.006219
-0.005919
-0.005392
-0.004847
-0.004182
-0.003269
-0.002333
-0.001433
-0.001000
-0.001741
-0.002979
-0.003533
-0.003186
-0.002130
-0.001166
-0.001075
-0.001891
-0.003239
-0.004501
-0.004940
-0.004351
-0.003356
-0.002682
-0.002781
-0.003484
-0.004298
-0.004678
-0.004165
-0.003125
-0.002227
-0.001500
-0.000746
0.000047
0.000701
0.000966
0.000856
0.000659
0.000788
0.001276
0.002130
0.003077
0.003561
0.003683
0.003512
0.002762
0.001627
0.000575
0.000036
0.000235
0.000925
0.001800
0.002481
0.002831
0.002988
0.003093
0.003271
0.003415
0.003153
0.002221
0.000820
-0.000888
-0.002785
-0.004437
-0.005822
-0.007193
-0.008120
-0.008036
-0.007142
-0.006136
-0.005642
-0.006064
-0.007115
-0.007637
-0.006730
-0.004476
-0.001790
0.000406
0.002012
0.003387
0.004852
0.006373
0.007485
0.007689
0.007123
0.006631
0.006741
0.007332
0.007736
0.007516
0.006979
0.006333
0.005600
0.004900
0.004482
0.004923
0.006354
0.007780
0.008140
0.007108
0.005424
0.004389
0.004376
0.004581
0.004391
0.003987
0.003869
0.004385
0.005099
0.005695
0.006419
0.007167
0.007588
0.007626
0.007683
0.007821
0.007429
0.006054
0.003628
0.000644
-0.001933
-0.003529
-0.004057
-0.003662
-0.002675
-0.001393
0.000220
0.002335
0.004598
0.006495
0.007753
0.008070
0.007892
0.008089
0.009084
0.011036
0.013245
0.014878
0.015689
0.015763
0.015493
0.014905
0.013946
0.012924
0.011987
0.011092
0.010187
0.009297
0.008879
0.009511
0.011206
0.013061
0.014012
0.014007
0.013667
0.013380
0.013109
0.012824
0.012332
0.011510
0.010409
0.008934
0.007146
0.005395
0.004275
0.004154
0.004461
0.004628
0.004425
0.003472
0.002094
0.000778
-0.000205
-0.000205
0.001050
0.003130
0.005257
0.006572
0.006819
0.006629
0.006867
0.007890
0.009359
0.010532
0.011151
0.011140
0.010519
0.009509
0.008139
0.006762
0.005830
0.005369
0.005344
0.006020
0.007269
0.008325
0.008691
0.008345
0.007558
0.006601
0.005887
0.005773
0.006147
0.006709
0.006956
0.006960
0.007303
0.007998
0.008767
0.009224
0.009057
0.008440
0.007909
0.007765
0.008068
0.008818
0.010031
0.010971
0.010557
0.009082
0.007541
0.006827
0.007387
0.008719
0.009752
0.009866
0.009458
0.009156
0.009308
0.009927
0.010326
0.010003
0.009061
0.008097
0.007867
0.008374
0.009316
0.010054
0.010134
0.009733
0.009080
0.008549
0.008619
0.009145
0.009289
0.008860
0.008068
0.007622
0.008228
0.009124
0.009587
0.009634
0.009283
0.008554
0.007626
0.006550
0.005441
0.004727
0.004638
0.005156
0.006029
0.007191
0.008389
0.009185
0.009625
0.009690
0.009466
0.009164
0.008469
0.007055
0.005031
0.002787
0.001257
0.000797
0.000813
0.001192
0.001673
0.001872
0.001948
0.002031
0.002629
0.003990
0.005245
0.005399
0.004387
0.002766
0.001505
0.001232
0.001821
0.002626
0.002407
0.000841
-0.001390
-0.003161
-0.003535
-0.002897
-0.001953
-0.001232
-0.001204
-0.001638
-0.002081
-0.002527
-0.002914
-0.002901
-0.002519
-0.002115
-0.002050
-0.002667
-0.003719
-0.004634
-0.004831
-0.004121
-0.002933
-0.001826
-0.001268
-0.001302
-0.001855
-0.002603
-0.002166
0.000211
0.003149
0.004995
0.005302
0.004499
0.003379
0.002597
0.002622
0.003603
0.004879
0.005411
0.004987
0.004099
0.003254
0.003001
0.003463
0.004395
0.004843
0.004205
0.003187
0.002403
0.002276
0.002781
0.003487
0.004063
0.004097
0.003801
0.003598
0.003751
0.004406
0.005095
0.005418
0.005331
0.004919
0.004376
0.003983
0.004065
0.004306
0.004309
0.003983
0.003391
0.002965
0.002990
0.002996
0.002272
0.000909
-0.000583
-0.001929
-0.003394
-0.005166
-0.006922
-0.007890
-0.007692
-0.006789
-0.005350
-0.003687
-0.002428
-0.001561
-0.000868
-0.000649
-0.000759
-0.000856
-0.001152
-0.001828
-0.002758
-0.003776
-0.004700
-0.005369
-0.005838
-0.006024
-0.005860
-0.005526
-0.005363
-0.005568
-0.005896
-0.005978
-0.005898
-0.005665
-0.005000
-0.004258
-0.003776
-0.003299
-0.002724
-0.002614
-0.003127
-0.003837
-0.004328
-0.004330
-0.004522
-0.005517
-0.006753
-0.007582
-0.007803
-0.007518
-0.007106
-0.006728
-0.006272
-0.005784
-0.005268
-0.004921
-0.004934
-0.004997
-0.005196
-0.005910
-0.006988
-0.007867
-0.008082
-0.007761
-0.007429
-0.007332
-0.007094
-0.006409
-0.005541
-0.004689
-0.003810
-0.002758
-0.001682
-0.001111
-0.001071
-0.001010
-0.000619
-0.000437
-0.000871
-0.001466
-0.001914
-0.002103
-0.002067
-0.002035
-0.001836
-0.001448
-0.001194
-0.001262
-0.001636
-0.002092
-0.002514
-0.002804
-0.002903
-0.002876
-0.002603
-0.001919
-0.001150
-0.000691
-0.000594
-0.000678
-0.000395
0.000456
0.001519
0.002396
0.002893
0.003157
0.003303
0.003085
0.002468
0.002086
0.002259
0.002627
0.002637
0.002234
0.001853
0.001636
0.001661
0.001697
0.001331
0.000528
-0.000748
-0.002272
-0.003639
-0.004689
-0.005435
-0.006022
-0.006335
-0.006650
-0.007402
-0.008290
-0.008737
-0.008289
-0.007053
-0.005718
-0.004936
-0.004955
-0.005811
-0.006990
-0.007709
-0.007947
-0.007875
-0.007654
-0.007696
-0.008163
-0.009204
-0.010477
-0.010827
-0.009817
-0.008110
-0.006584
-0.005889
-0.005946
-0.006204
-0.006229
-0.005741
-0.004714
-0.003579
-0.002920
-0.002943
-0.003533
-0.004382
-0.004906
-0.004875
-0.004776
-0.004746
-0.004271
-0.003296
-0.002390
-0.001921
-0.001718
-0.001433
-0.000805
-0.000038
0.000497
0.000716
0.000615
0.000412
0.000243
0.000087
0.000089
0.000304
0.000444
0.000222
-0.000427
-0.001511
-0.002584
-0.003157
-0.003523
-0.003981
-0.004524
-0.005014
-0.005149
-0.004981
-0.004716
-0.004461
-0.004328
-0.004144
-0.003896
-0.003668
-0.003292
-0.002536
-0.001378
-0.000013
0.000850
0.000461
-0.000702
-0.001767
-0.002354
-0.002496
-0.002546
-0.002700
-0.003104
-0.003985
-0.005120
-0.005794
-0.005925
-0.005986
-0.006206
-0.006846
-0.008074
-0.009447
-0.010217
-0.009991
-0.008890
-0.007256
-0.005475
-0.004224
-0.003727
-0.003598
-0.003569
-0.003782
-0.004437
-0.005232
-0.005627
-0.005490
-0.005312
-0.005433
-0.005697
-0.005862
-0.005893
-0.005963
-0.006303
-0.006690
-0.006749
-0.006707
-0.006905
-0.007518
-0.008300
-0.008573
-0.008063
-0.007043
-0.005885
-0.004913
-0.004590
-0.004816
-0.004788
-0.004347
-0.004009
-0.004065
-0.004184
-0.003742
-0.002738
-0.001887
-0.001693
-0.002014
-0.002451
-0.002952
-0.003645
-0.004344
-0.004689
-0.004735
-0.004640
-0.004353
-0.004027
-0.003785
-0.003575
-0.003045
-0.002348
-0.001988
-0.002132
-0.002760
-0.003493
-0.004216
-0.005082
-0.006202
-0.007495
-0.008501
-0.009016
-0.009162
-0.009033
-0.008814
-0.008495
-0.007951
-0.007298
-0.006633
-0.006111
-0.005821
-0.005735
-0.005574
-0.004731
-0.003296
-0.001860
-0.000778
0.000103
0.001173
0.002286
0.002798
0.002244
0.000909
-0.000309
-0.000757
-0.000757
-0.000437
0.000247
0.000668
0.000404
-0.000682
-0.002240
-0.003647
-0.004621
-0.005232
-0.005458
-0.004985
-0.003996
-0.002990
-0.001893
-0.000594
0.000856
0.002419
0.003389
0.003186
0.002138
0.001188
0.001008
0.001207
0.000909
-0.000000
-0.000723
-0.000852
-0.000402
0.000547
0.001393
0.001790
0.001889
0.001709
0.001566
0.001617
0.001659
0.001800
0.002071
0.002341
0.002521
0.002413
0.002217
0.002016
0.001538
0.001109
0.000871
0.000864
0.001067
0.001190
0.001158
0.001035
0.001168
0.001566
0.001921
0.002191
0.002648
0.003320
0.003865
0.004118
0.003867
0.003392
0.003180
0.002760
0.001762
0.000495
-0.000816
-0.001906
-0.002534
-0.002570
-0.001824
-0.000898
-0.000554
-0.000615
-0.000830
-0.000981
-0.000623
0.000224
0.000879
0.000645
-0.000592
-0.002214
-0.003286
-0.003298
-0.002637
-0.002043
-0.001739
-0.001794
-0.001976
-0.001767
-0.000993
0.000211
0.001650
0.003138
0.004237
0.004718
0.004467
0.003522
0.002477
0.002058
0.002236
0.002348
0.002428
0.002593
0.002796
0.002922
0.002781
0.002908
0.003662
0.004921
0.006172
0.006601
0.006276
0.006010
0.006145
0.006531
0.007015
0.007548
0.008146
0.008856
0.009435
0.009765
0.010073
0.010212
0.009982
0.009572
0.009202
0.009093
0.009259
0.009386
0.009329
0.009128
0.009033
0.009105
0.009088
0.009002
0.008687
0.007867
0.006599
0.005190
0.004131
0.003427
0.003167
0.003565
0.004334
0.005316
0.006320
0.006796
0.006527
0.005921
0.005597
0.006122
0.006477
0.006555
0.006267
0.005748
0.005065
0.004338
0.003651
0.003119
0.002692
0.002098
0.001054
-0.000385
-0.001454
-0.001416
-0.000420
0.000630
0.001093
0.000907
0.000539
0.000744
0.001633
0.002992
0.004473
0.005572
0.006280
0.006857
0.007527
0.008146
0.008076
0.007362
0.006612
0.006064
0.005743
0.005502
0.005481
0.005950
0.006447
0.006495
0.006301
0.006151
0.005887
0.005276
0.004480
0.003729
0.003022
0.002147
0.001008
-0.000013
-0.000469
-0.000389
0.000099
0.000932
0.002028
0.003108
0.003765
0.004222
0.005071
0.006026
0.006369
0.005864
0.004809
0.003903
0.003501
0.003556
0.003964
0.004585
0.005037
0.005008
0.004607
0.004414
0.005090
0.006384
0.007353
0.007383
0.006534
0.005348
0.004279
0.003550
0.003451
0.003939
0.004607
0.004866
0.004406
0.003582
0.002815
0.002286
0.001953
0.001879
0.002117
0.002578
0.002840
0.002593
0.002039
0.001604
0.001519
0.001559
0.001492
0.001149
0.000549
-0.000347
-0.001564
-0.002794
-0.003884
-0.004792
-0.005570
-0.006491
-0.007658
-0.008981
-0.010637
-0.012292
-0.013467
-0.014265
-0.013815
-0.011113
-0.006703
-0.001931
0.002529
0.006523
0.009469
0.011018
0.011434
0.011017
0.009507
0.006419
0.002026
-0.003017
-0.008363
-0.013631
-0.018352
-0.021989
-0.023793
-0.023053
-0.019802
-0.014946
-0.009574
-0.004279
0.001405
0.007882
0.014174
0.018194
0.018451
0.015427
0.010675
0.005750
0.001766
-0.000915
-0.002589
-0.004032
-0.005775
-0.007831
-0.009767
-0.010872
-0.010462
-0.008294
-0.005133
-0.002155
-0.000118
0.000944
0.001796
0.003275
0.005486
0.007550
0.008064
0.006326
0.003241
0.000459
-0.001276
-0.002326
-0.003387
-0.004714
-0.006045
-0.006933
-0.006971
-0.006265
-0.005019
-0.003366
-0.001673
-0.000458
0.000025
0.000296
0.001046
0.002377
0.003404
0.003036
0.001268
-0.001147
-0.003222
-0.004142
-0.003907
-0.003427
-0.003594
-0.004551
-0.005724
-0.006177
-0.005553
-0.004279
-0.002901
-0.001976
-0.001826
-0.002060
-0.002202
-0.002022
-0.001547
-0.001137
-0.001280
-0.002143
-0.003191
-0.003770
-0.003653
-0.002971
-0.002138
-0.001490
-0.000936
-0.000285
0.000349
0.000704
0.000672
0.000442
0.000397
0.000661
0.001097
0.001650
0.002090
0.002122
0.001955
0.001982
0.002396
0.003237
0.004353
0.005447
0.006124
0.006132
0.005460
0.004243
0.003018
0.002371
0.002229
0.002170
0.001838
0.001158
0.000393
-0.000066
0.000158
0.001050
0.002132
0.003068
0.003913
0.004617
0.004875
0.004706
0.004700
0.005082
0.005374
0.005156
0.004290
0.002943
0.001682
0.000944
0.000668
0.000674
0.000757
0.000866
0.001247
0.001952
0.002682
0.003138
0.003254
0.003225
0.003351
0.003734
0.004260
0.004712
0.004786
0.004327
0.003364
0.002043
0.000699
-0.000346
-0.000879
-0.000911
-0.000628
-0.000161
0.000433
0.001133
0.001792
0.002217
0.002383
0.002396
0.002193
0.001707
0.001135
0.000507
-0.000215
-0.000687
-0.000458
0.000440
0.001242
0.001194
0.000197
-0.001088
-0.001805
-0.001728
-0.001168
-0.000526
-0.000116
-0.000473
-0.001933
-0.003770
-0.004473
-0.003468
-0.001950
-0.001204
-0.001655
-0.002838
-0.003692
-0.003565
-0.002656
-0.001583
-0.000748
-0.000533
-0.001179
-0.002181
-0.002603
-0.002214
-0.001540
-0.001092
-0.001099
-0.001308
-0.001492
-0.001676
-0.001635
-0.001021
-0.000027
0.000592
0.000401
-0.000207
-0.000716
-0.001044
-0.001196
-0.001175
-0.001035
-0.000776
-0.000465
-0.000205
-0.000013
0.000106
0.000258
0.000530
0.000841
0.001082
0.001409
0.002035
0.002724
0.003106
0.003047
0.002597
0.002075
0.001699
0.001361
0.001057
0.001010
0.001192
0.001278
0.001173
0.001217
0.001773
0.002840
0.003985
0.004723
0.004809
0.004270
0.003533
0.003005
0.002764
0.002764
0.002709
0.002278
0.001393
0.000270
-0.000723
-0.001359
-0.001486
-0.001209
-0.000862
-0.000680
-0.000794
-0.001033
-0.000955
-0.000486
0.000112
0.000621
0.000845
0.000761
0.000560
0.000382
0.000237
0.000199
0.000323
0.000522
0.000600
0.000469
0.000197
-0.000226
-0.000716
-0.001090
-0.001205
-0.000947
-0.000402
0.000068
0.000201
0.000097
0.000002
0.000121
0.000454
0.000820
0.001037
0.001004
0.000797
0.000645
0.000687
0.000896
0.001158
0.001154
0.000721
0.000076
-0.000480
-0.000750
-0.000746
-0.000602
-0.000477
-0.000532
-0.000786
-0.001071
-0.001242
-0.001352
-0.001371
-0.001283
-0.001124
-0.000959
-0.000902
-0.000892
-0.000813
-0.000615
-0.000420
-0.000442
-0.000740
-0.001232
-0.001745
-0.002191
-0.002491
-0.002495
-0.002147
-0.001691
-0.001467
-0.001485
-0.001490
-0.001331
-0.001063
-0.000790
-0.000647
-0.000735
-0.000989
-0.001240
-0.001371
-0.001430
-0.001504
-0.001682
-0.002001
-0.002253
-0.002227
-0.001972
-0.001654
-0.001393
-0.001200
-0.001044
-0.000883
-0.000714
-0.000583
-0.000533
-0.000539
-0.000420
-0.000144
0.000146
0.000389
0.000482
0.000308
-0.000101
-0.000585
-0.001025
-0.001401
-0.001769
-0.002145
-0.002455
-0.002662
-0.002798
-0.002874
-0.002851
-0.002745
-0.002555
-0.002320
-0.002189
-0.002225
-0.002345
-0.002365
-0.002195
-0.001849
-0.001447
-0.001177
-0.001078
-0.001090
-0.001149
-0.001187
-0.001194
-0.001190
-0.001217
-0.001348
-0.001549
-0.001731
-0.001796
-0.001686
-0.001477
-0.001272
-0.001154
-0.001154
-0.001224
-0.001257
-0.001149
-0.000890
-0.000592
-0.000393
-0.000349
-0.000463
-0.000720
-0.000970
-0.001046
-0.000930
-0.000763
-0.000720
-0.000830
-0.001004
-0.001131
-0.001164
-0.001137
-0.001073
-0.000957
-0.000826
-0.000727
-0.000670
-0.000657
-0.000657
-0.000602
-0.000480
-0.000342
-0.000241
-0.000197
-0.000180
-0.000148
-0.000127
-0.000139
-0.000140
-0.000099
-0.000032
-0.000030
-0.000129
-0.000254
-0.000327
-0.000325
-0.000266
-0.000182
-0.000118
-0.000104
-0.000167
-0.000258
-0.000302
-0.000292
-0.000256
-0.000213
-0.000169
-0.000131
-0.000118
-0.000104
-0.000080
-0.000084
-0.000127
-0.000197
-0.000262
-0.000290
-0.000279
-0.000256
-0.000247
-0.000260
-0.000296
-0.000338
-0.000380
-0.000383
-0.000325
-0.000247
-0.000184
-0.000144
-0.000114
-0.000082
-0.000036
0.000006
0.000032
0.000047
0.000055
0.000049
0.000025
-0.000006
-0.000030
-0.000038
-0.000028
-0.000013
-0.000002
0.000006
0.000004
-0.000009
-0.000015
-0.000006
0.000019
0.000055
0.000093
0.000116
0.000118
0.000110
0.000110
0.000112
0.000103
0.000080
0.000063
0.000049
0.000034
0.000025
0.000028
0.000044
0.000065
0.000084
0.000093
0.000084
0.000074
0.000070
0.000072
0.000080
0.000089
0.000091
0.000087
0.000087
0.000093
0.000101
0.000112
0.000123
0.000131
0.000131
0.000123
0.000112
0.000103
0.000095
0.000091
0.000089
0.000091
0.000097
0.000103
0.000110
0.000120
0.000125
0.000133
0.000140
0.000146
0.000154
0.000158
0.000159
0.000159
0.000158
0.000154
0.000148
0.000144
0.000140
0.000135
0.000131
0.000127
0.000125
0.000123
0.000125
0.000125
0.000125
0.000127
0.000129
0.000131
0.000131
0.000131
0.000131
0.000129
0.000129
0.000129
0.000129
0.000129
0.000127
0.000123
0.000121
0.000121
0.000120
0.000120
0.000118
0.000118
0.000118
0.000118
0.000116
0.000116
0.000114
0.000114
0.000114
0.000114
0.000114
0.000114
0.000112
0.000112
0.000112
0.000112
0.000110
0.000110
0.000110
0.000110
0.000110
0.000110
0.000108
0.000108
0.000108
0.000108
0.000106
0.000106
0.000106
0.000104
0.000104
0.000104
0.000104
0.000104
0.000103
0.000103
0.000103
0.000103
0.000103
0.000101
0.000101
0.000101
0.000101
0.000101
0.000101
0.000099
0.000099
0.000099
0.000099
0.000099
0.000099
0.000099
0.000099
