0.000375
0.000373
0.000375
0.000381
0.000393
0.000410
0.000433
0.000459
0.000489
0.000523
0.000558
0.000571
0.000535
0.000419
0.000245
0.000075
-0.000066
-0.000190
-0.000286
-0.000340
-0.000349
-0.000340
-0.000346
-0.000386
-0.000458
-0.000564
-0.000689
-0.000812
-0.000942
-0.001084
-0.001187
-0.001208
-0.001107
-0.000832
-0.000335
0.000419
0.001309
0.002074
0.002615
0.002941
0.003009
0.002799
0.002321
0.001684
0.000995
0.000241
-0.000621
-0.001568
-0.002510
-0.003339
-0.004022
-0.004570
-0.004954
-0.005228
-0.005508
-0.005874
-0.006276
-0.006524
-0.006534
-0.006322
-0.005887
-0.005215
-0.004397
-0.003544
-0.002665
-0.001730
-0.000729
0.000326
0.001410
0.002424
0.003214
0.003563
0.003390
0.002749
0.001679
0.000408
-0.000571
-0.000744
0.000060
0.001484
0.002987
0.004154
0.004832
0.004895
0.004160
0.002663
0.000508
-0.002151
-0.005083
-0.007874
-0.010132
-0.011599
-0.012378
-0.012675
-0.012642
-0.012720
-0.013809
-0.016063
-0.018840
-0.021503
-0.023289
-0.022832
-0.019661
-0.013771
-0.004755
0.007197
0.019208
0.028621
0.034454
0.037180
0.036865
0.033947
0.028821
0.020433
0.008281
-0.006425
-0.019954
-0.028402
-0.029623
-0.023881
-0.011552
0.004181
0.017884
0.025141
0.024483
0.014004
-0.006942
-0.034789
-0.058997
-0.072619
-0.075942
-0.073127
-0.065747
-0.052549
-0.034820
-0.017422
-0.004380
0.002119
0.002464
-0.001324
-0.007069
-0.012797
-0.016707
-0.017637
-0.015405
-0.011043
-0.006562
-0.004195
-0.004405
-0.006288
-0.008455
-0.009519
-0.007615
-0.001336
0.010702
0.028992
0.049827
0.064411
0.069113
0.064458
0.051477
0.029627
-0.003246
-0.042548
-0.077483
-0.101430
-0.112994
-0.113442
-0.103557
-0.079982
-0.044653
-0.006378
0.022931
0.038195
0.041797
0.040230
0.038830
0.039620
0.044936
0.059249
0.080937
0.101874
0.114307
0.114033
0.100276
0.066169
-0.002285
-0.083093
-0.138163
-0.159433
-0.162460
-0.154660
-0.134783
-0.100178
-0.046621
0.017239
0.065348
0.088729
0.095233
0.090466
0.075825
0.054047
0.031660
0.014293
0.000495
-0.014289
-0.032579
-0.051175
-0.063212
-0.067452
-0.067276
-0.065484
-0.063397
-0.061664
-0.060160
-0.057525
-0.051911
-0.041684
-0.024519
-0.000498
0.028223
0.057142
0.081211
0.096247
0.102557
0.101001
0.091199
0.072684
0.045713
0.015642
-0.008414
-0.022157
-0.026657
-0.025678
-0.023645
-0.024338
-0.028184
-0.034030
-0.041610
-0.050078
-0.056343
-0.058149
-0.053891
-0.043052
-0.025037
0.002171
0.033541
0.056970
0.065715
0.057478
0.028098
-0.019667
-0.075674
-0.121995
-0.143312
-0.142188
-0.127373
-0.095865
-0.047955
0.008927
0.067928
0.120168
0.149364
0.153863
0.142666
0.121515
0.092839
0.060513
0.031919
0.015149
0.009696
0.009551
0.010035
0.008699
0.002792
-0.010234
-0.030585
-0.053431
-0.072367
-0.081691
-0.081471
-0.073761
-0.060724
-0.044516
-0.026483
-0.005760
0.020090
0.051557
0.083614
0.105831
0.113843
0.107393
0.084525
0.044673
-0.005507
-0.051047
-0.074228
-0.078028
-0.077814
-0.082705
-0.092812
-0.105375
-0.116366
-0.120806
-0.117265
-0.107180
-0.091055
-0.067912
-0.037202
-0.006797
0.014218
0.025236
0.030969
0.033388
0.032437
0.028647
0.022590
0.015844
0.011506
0.013550
0.024125
0.039873
0.054067
0.060368
0.058062
0.049809
0.039545
0.032009
0.032136
0.042573
0.065458
0.100206
0.138520
0.163673
0.167431
0.149530
0.111819
0.061930
0.022285
0.006450
0.010474
0.024410
0.042270
0.058035
0.064703
0.055581
0.026777
-0.021778
-0.071394
-0.102951
-0.116040
-0.119603
-0.114654
-0.098064
-0.070633
-0.037512
-0.005121
0.020036
0.035898
0.040667
0.030083
0.001484
-0.046319
-0.092971
-0.109464
-0.093425
-0.057303
-0.002177
0.056874
0.090122
0.093795
0.081679
0.056487
0.021167
-0.011187
-0.029256
-0.026036
0.006846
0.062316
0.117796
0.154065
0.161253
0.140390
0.095371
0.021053
-0.072319
-0.159193
-0.216053
-0.236337
-0.224746
-0.193492
-0.150876
-0.098446
-0.041504
0.006468
0.037065
0.048599
0.045863
0.035910
0.024099
0.016801
0.025359
0.064684
0.138930
0.222922
0.284138
0.299578
0.275939
0.225972
0.148314
0.054126
-0.018229
-0.056653
-0.079799
-0.102485
-0.124879
-0.142989
-0.156731
-0.165700
-0.166897
-0.156942
-0.135038
-0.103777
-0.064578
-0.022494
0.018499
0.065466
0.118020
0.155618
0.168415
0.156624
0.112597
0.036868
-0.048604
-0.116549
-0.148337
-0.151807
-0.140659
-0.113313
-0.057953
0.034079
0.121729
0.155594
0.146238
0.120090
0.065777
-0.015798
-0.095443
-0.148115
-0.171890
-0.172498
-0.146934
-0.086452
-0.005552
0.072746
0.142944
0.197144
0.210895
0.177636
0.115905
0.049852
-0.000361
-0.015306
0.004745
0.045225
0.092138
0.132702
0.150721
0.143016
0.113403
0.060145
-0.006005
-0.053149
-0.071011
-0.070938
-0.059781
-0.035763
0.003297
0.044762
0.067306
0.066026
0.049078
0.022927
-0.004153
-0.018204
-0.015266
0.002177
0.035759
0.084646
0.141783
0.190018
0.212073
0.211130
0.196893
0.165001
0.111143
0.042542
-0.013991
-0.038121
-0.034535
-0.016623
0.012437
0.047240
0.077090
0.096359
0.105411
0.101637
0.082789
0.048269
-0.002469
-0.060012
-0.103403
-0.124634
-0.127488
-0.116920
-0.096488
-0.068111
-0.037590
-0.012838
0.002462
0.009862
0.012917
0.013929
0.012848
0.011375
0.010854
0.008507
-0.000032
-0.018675
-0.044431
-0.070043
-0.089463
-0.100379
-0.100871
-0.091200
-0.072726
-0.049423
-0.026772
-0.009078
0.004971
0.019766
0.037525
0.057813
0.079502
0.100214
0.115460
0.121775
0.118258
0.106652
0.090613
0.072718
0.055218
0.039529
0.024712
0.008439
-0.011433
-0.034382
-0.056736
-0.072097
-0.075346
-0.063425
-0.037386
0.000659
0.041563
0.074618
0.095957
0.108229
0.111850
0.104842
0.086592
0.060569
0.031436
0.000554
-0.033520
-0.071324
-0.109746
-0.143314
-0.165071
-0.174934
-0.175834
-0.169247
-0.155636
-0.134447
-0.108350
-0.079156
-0.040482
0.011860
0.068843
0.116277
0.142086
0.148736
0.143194
0.126556
0.096749
0.050532
-0.001310
-0.040568
-0.059827
-0.062380
-0.050268
-0.027124
0.001118
0.027203
0.045515
0.053628
0.052580
0.040928
0.011745
-0.034507
-0.080702
-0.110013
-0.112826
-0.088062
-0.040142
0.019198
0.071667
0.096329
0.093631
0.073582
0.034544
-0.015808
-0.046035
-0.046686
-0.028308
0.016378
0.094515
0.186330
0.256148
0.271352
0.232258
0.159913
0.074749
-0.001940
-0.044353
-0.053952
-0.046410
-0.024080
0.013579
0.058297
0.094088
0.106588
0.095650
0.067340
0.020456
-0.042368
-0.110081
-0.163607
-0.190315
-0.192412
-0.179332
-0.153735
-0.115662
-0.071074
-0.032780
-0.008101
0.002114
0.001048
-0.008927
-0.026815
-0.048195
-0.065252
-0.072995
-0.070374
-0.061291
-0.051611
-0.045526
-0.043099
-0.042804
-0.044231
-0.047216
-0.050779
-0.053008
-0.051225
-0.043545
-0.029032
-0.007137
0.018353
0.040231
0.055680
0.067170
0.079830
0.095613
0.111560
0.124173
0.131703
0.135659
0.137157
0.133655
0.122860
0.103016
0.074097
0.039194
0.004367
-0.028451
-0.061731
-0.091793
-0.112052
-0.123110
-0.129578
-0.131164
-0.126529
-0.114548
-0.092978
-0.062354
-0.026790
0.008181
0.036770
0.054022
0.058228
0.050610
0.031337
-0.004062
-0.055549
-0.111493
-0.150448
-0.164668
-0.154666
-0.106074
-0.014577
0.070233
0.114434
0.138800
0.168103
0.195811
0.199014
0.166276
0.094839
0.012712
-0.040325
-0.060467
-0.067292
-0.071215
-0.072896
-0.072994
-0.072997
-0.071810
-0.065500
-0.053531
-0.039220
-0.027145
-0.020269
-0.018162
-0.018480
-0.019309
-0.019018
-0.015919
-0.009560
-0.001293
0.006556
0.012673
0.016580
0.018718
0.019683
0.019701
0.016873
0.007694
-0.007002
-0.021470
-0.028457
-0.024790
-0.009041
0.016927
0.047828
0.074870
0.092839
0.101100
0.100912
0.091183
0.070792
0.042726
0.012416
-0.014047
-0.030805
-0.036541
-0.033516
-0.023611
-0.010867
-0.000771
0.004756
0.007277
0.009135
0.011037
0.011397
0.008336
-0.000266
-0.016539
-0.040298
-0.069724
-0.097244
-0.113669
-0.119239
-0.119478
-0.116190
-0.108872
-0.096729
-0.079037
-0.056782
-0.033511
-0.012002
0.007682
0.027308
0.050040
0.081130
0.118049
0.148630
0.166375
0.171479
0.165433
0.149653
0.124062
0.093290
0.062986
0.031092
-0.002111
-0.024960
-0.032926
-0.031857
-0.028306
-0.026607
-0.032006
-0.046618
-0.068547
-0.089559
-0.101994
-0.106661
-0.108330
-0.108582
-0.106813
-0.102793
-0.097076
-0.090541
-0.083950
-0.077803
-0.072501
-0.068475
-0.064991
-0.059373
-0.049750
-0.034790
-0.013969
0.011876
0.040275
0.067764
0.090238
0.105478
0.112494
0.111660
0.102998
0.082491
0.051211
0.015009
-0.020194
-0.050246
-0.071103
-0.082827
-0.087284
-0.086908
-0.083182
-0.074920
-0.062013
-0.045762
-0.028644
-0.013025
-0.000314
0.009669
0.017214
0.022345
0.024634
0.023418
0.019973
0.017385
0.016623
0.016856
0.017879
0.020192
0.024104
0.028670
0.032332
0.034523
0.034751
0.031316
0.024811
0.018236
0.013938
0.012456
0.012928
0.014954
0.019434
0.025718
0.031697
0.036184
0.038807
0.038221
0.032038
0.019034
0.003539
-0.008227
-0.012461
-0.009230
0.000102
0.011113
0.017598
0.014469
-0.000786
-0.030854
-0.069388
-0.105182
-0.131851
-0.149687
-0.158960
-0.161755
-0.159876
-0.151506
-0.135669
-0.113869
-0.091096
-0.073405
-0.064569
-0.064880
-0.073128
-0.084438
-0.092572
-0.095607
-0.094161
-0.087524
-0.075483
-0.058523
-0.038924
-0.019924
-0.004506
0.007889
0.020539
0.033120
0.042379
0.046940
0.049288
0.053446
0.060885
0.070587
0.080298
0.087248
0.088014
0.082421
0.071532
0.055309
0.033951
0.009238
-0.015713
-0.038240
-0.058315
-0.077093
-0.095129
-0.111007
-0.120239
-0.120806
-0.111938
-0.092497
-0.063253
-0.025969
0.012988
0.045035
0.066027
0.077222
0.081496
0.082242
0.081958
0.081849
0.082633
0.084743
0.087692
0.089358
0.086453
0.074663
0.050038
0.013309
-0.032706
-0.080866
-0.122181
-0.151222
-0.167694
-0.171498
-0.165514
-0.151710
-0.128633
-0.095127
-0.051918
-0.005217
0.036005
0.066838
0.086729
0.097007
0.099522
0.093675
0.081367
0.066007
0.048484
0.030179
0.015548
0.006925
0.003604
0.003083
0.003014
0.002072
-0.000521
-0.005786
-0.013694
-0.023319
-0.033906
-0.046902
-0.066047
-0.092953
-0.123071
-0.145031
-0.153469
-0.149312
-0.134569
-0.109689
-0.077447
-0.042408
-0.007305
0.023861
0.045556
0.057457
0.062480
0.060104
0.050057
0.033373
0.013139
-0.007316
-0.026117
-0.042567
-0.054830
-0.060225
-0.056590
-0.043493
-0.022971
0.002824
0.026632
0.040255
0.044086
0.043748
0.041866
0.038217
0.032226
0.024029
0.014111
0.002851
-0.008184
-0.016098
-0.019315
-0.017325
-0.009000
0.006115
0.028701
0.056754
0.084891
0.105619
0.115846
0.115370
0.106846
0.092141
0.071270
0.044561
0.012464
-0.019337
-0.041974
-0.052020
-0.052024
-0.044967
-0.034491
-0.024549
-0.017823
-0.015205
-0.016101
-0.019147
-0.023265
-0.027254
-0.029151
-0.026731
-0.019460
-0.008004
0.003719
0.010853
0.012467
0.010228
0.004704
-0.002950
-0.009508
-0.010344
-0.002928
0.012385
0.033664
0.059869
0.087757
0.111855
0.127003
0.132842
0.130307
0.121017
0.106107
0.085998
0.061340
0.031332
-0.005003
-0.046285
-0.084792
-0.114400
-0.134670
-0.147996
-0.153380
-0.148636
-0.133638
-0.108768
-0.078052
-0.047461
-0.021059
-0.000983
0.011256
0.016772
0.017865
0.017525
0.019050
0.025273
0.036817
0.052638
0.067869
0.076135
0.075535
0.067484
0.051753
0.030081
0.007091
-0.010692
-0.019351
-0.019496
-0.013544
-0.000636
0.022004
0.051844
0.076988
0.090828
0.095048
0.091521
0.078040
0.052714
0.019668
-0.013545
-0.040184
-0.055158
-0.058000
-0.051816
-0.038873
-0.022916
-0.009319
-0.002414
-0.003694
-0.012436
-0.025258
-0.038158
-0.047955
-0.053035
-0.054138
-0.052933
-0.049910
-0.045751
-0.041838
-0.039203
-0.038224
-0.039668
-0.044569
-0.053614
-0.064845
-0.075123
-0.082236
-0.086725
-0.089627
-0.090663
-0.088493
-0.081346
-0.068449
-0.048942
-0.025033
-0.001037
0.019744
0.035831
0.044762
0.044107
0.033463
0.017687
0.004249
0.000147
0.006388
0.021660
0.044299
0.070287
0.092674
0.106594
0.108699
0.100098
0.081540
0.048138
0.001959
-0.045632
-0.080722
-0.095261
-0.093658
-0.079992
-0.046507
0.002169
0.047725
0.074915
0.081905
0.072275
0.046945
0.003328
-0.052185
-0.104189
-0.136073
-0.147503
-0.146028
-0.135579
-0.115440
-0.083483
-0.043936
-0.005217
0.027597
0.051408
0.061711
0.057851
0.042062
0.021808
0.005525
-0.003012
-0.004370
0.000338
0.007991
0.014575
0.018687
0.020050
0.016903
0.007810
-0.007886
-0.027446
-0.045879
-0.058572
-0.064391
-0.063232
-0.055739
-0.042812
-0.025465
-0.007262
0.005781
0.012960
0.017190
0.019486
0.019689
0.018578
0.018286
0.021271
0.028870
0.040228
0.052486
0.062030
0.064540
0.057955
0.041204
0.011739
-0.025241
-0.057063
-0.077969
-0.089264
-0.092916
-0.089845
-0.079044
-0.062658
-0.044297
-0.025858
-0.007997
0.008411
0.022392
0.032367
0.036791
0.035789
0.031363
0.025317
0.017654
0.008467
-0.000669
-0.007083
-0.010010
-0.010294
-0.009045
-0.007075
-0.005675
-0.004960
-0.002680
0.002250
0.009462
0.018541
0.029479
0.042420
0.055127
0.063812
0.068458
0.070247
0.067002
0.056880
0.039089
0.014502
-0.014038
-0.041449
-0.062459
-0.071484
-0.069603
-0.060674
-0.045917
-0.026610
-0.005706
0.014026
0.030567
0.042035
0.047541
0.047187
0.043021
0.037382
0.032453
0.029640
0.028826
0.028877
0.028950
0.029608
0.030973
0.030974
0.027890
0.021420
0.012762
0.003800
-0.003037
-0.006048
-0.004172
0.001799
0.010869
0.022378
0.035495
0.049346
0.062184
0.071496
0.077020
0.079390
0.077433
0.069843
0.055054
0.034667
0.011135
-0.015689
-0.044734
-0.071324
-0.091697
-0.103579
-0.105870
-0.099391
-0.084929
-0.065275
-0.043837
-0.023252
-0.005926
0.005146
0.009402
0.006926
-0.002246
-0.016765
-0.033092
-0.047046
-0.054697
-0.055186
-0.049159
-0.037080
-0.022016
-0.009861
-0.002890
-0.000561
-0.002514
-0.009813
-0.025360
-0.046428
-0.065990
-0.079355
-0.084938
-0.081153
-0.068419
-0.047534
-0.021333
0.006047
0.031114
0.051856
0.065630
0.071453
0.068881
0.057224
0.037905
0.012851
-0.015211
-0.042417
-0.062744
-0.073385
-0.076496
-0.075347
-0.070450
-0.062478
-0.053399
-0.044620
-0.037502
-0.034450
-0.035862
-0.040961
-0.050363
-0.063001
-0.075484
-0.085720
-0.093389
-0.098489
-0.100807
-0.099096
-0.092707
-0.080774
-0.062573
-0.039712
-0.016103
0.003489
0.014453
0.017028
0.013400
0.002813
-0.013292
-0.030263
-0.043855
-0.052032
-0.054730
-0.053022
-0.046395
-0.032780
-0.010563
0.018046
0.046820
0.067762
0.079249
0.082887
0.079323
0.069075
0.053150
0.035618
0.022541
0.017920
0.022753
0.036360
0.056352
0.080648
0.105294
0.125467
0.138748
0.145310
0.143854
0.135256
0.120878
0.099478
0.071736
0.041982
0.014918
-0.006213
-0.020416
-0.028148
-0.029552
-0.025881
-0.018531
-0.009894
-0.002500
0.002454
0.005209
0.005996
0.005727
0.005519
0.005612
0.005699
0.005694
0.005655
0.005980
0.007676
0.011514
0.017792
0.025924
0.034928
0.043499
0.050224
0.053782
0.052397
0.042865
0.025102
0.003557
-0.014591
-0.026178
-0.031769
-0.033454
-0.031782
-0.025183
-0.013465
0.002297
0.019425
0.034999
0.047375
0.056061
0.060077
0.059149
0.052709
0.040920
0.024660
0.004214
-0.017898
-0.037003
-0.050593
-0.058395
-0.060390
-0.057987
-0.053133
-0.047240
-0.041263
-0.036095
-0.033061
-0.034393
-0.039904
-0.047756
-0.056687
-0.064698
-0.067506
-0.062241
-0.047232
-0.023584
0.004746
0.032707
0.055738
0.069630
0.075883
0.078015
0.075774
0.068551
0.056877
0.041911
0.024498
0.005973
-0.011327
-0.024302
-0.033507
-0.041171
-0.047678
-0.051388
-0.049459
-0.042147
-0.031888
-0.021879
-0.014612
-0.011215
-0.010921
-0.012769
-0.016168
-0.020716
-0.026124
-0.031193
-0.033615
-0.033318
-0.031286
-0.026839
-0.019142
-0.008197
0.003432
0.013146
0.022055
0.032798
0.046627
0.061068
0.071508
0.075736
0.073271
0.062687
0.045880
0.027048
0.007894
-0.011122
-0.027222
-0.037908
-0.041758
-0.039370
-0.031882
-0.021318
-0.010681
-0.003039
0.000598
0.000289
-0.002995
-0.007698
-0.012408
-0.015138
-0.013395
-0.008385
-0.002483
0.004938
0.014436
0.024146
0.031244
0.033793
0.031603
0.026193
0.019450
0.013820
0.011978
0.014751
0.021722
0.033232
0.045903
0.053644
0.054840
0.050745
0.040428
0.025135
0.009391
-0.002135
-0.006767
-0.003788
0.004099
0.013005
0.021396
0.028862
0.033499
0.034675
0.034108
0.032988
0.031138
0.028999
0.027404
0.026194
0.024681
0.022064
0.017405
0.010276
0.001296
-0.007724
-0.014395
-0.018085
-0.018090
-0.011568
0.002720
0.023802
0.045323
0.059595
0.064552
0.061963
0.050782
0.031336
0.006099
-0.021219
-0.046344
-0.064465
-0.075187
-0.079739
-0.077892
-0.068756
-0.051732
-0.028504
-0.001466
0.024497
0.044282
0.056362
0.063396
0.067865
0.069375
0.066499
0.059969
0.052324
0.045762
0.041828
0.041462
0.043105
0.044190
0.043303
0.039530
0.031612
0.021106
0.011378
0.004771
0.001497
0.002002
0.007206
0.017294
0.030740
0.044697
0.056075
0.063050
0.064742
0.061877
0.056170
0.048258
0.038329
0.026569
0.013592
0.000703
-0.010276
-0.019017
-0.026221
-0.032582
-0.038320
-0.043236
-0.046300
-0.045153
-0.039178
-0.029590
-0.018008
-0.006871
0.000025
0.001518
-0.001731
-0.008736
-0.019205
-0.034160
-0.050369
-0.061221
-0.063711
-0.058474
-0.045391
-0.025658
-0.002178
0.019065
0.033215
0.040760
0.043650
0.040473
0.032071
0.022052
0.012843
0.005591
0.002472
0.003759
0.008769
0.017907
0.031410
0.048933
0.068161
0.085747
0.098893
0.106863
0.110811
0.111783
0.108654
0.100125
0.087209
0.073403
0.062080
0.055450
0.053198
0.053383
0.053439
0.051111
0.043940
0.030541
0.010317
-0.015255
-0.041776
-0.062895
-0.075453
-0.078092
-0.071841
-0.058433
-0.037486
-0.011712
0.013329
0.034331
0.050475
0.061110
0.066823
0.068648
0.068497
0.067788
0.066263
0.062977
0.056369
0.045123
0.028949
0.011472
-0.002917
-0.011937
-0.015929
-0.014775
-0.009121
0.000013
0.012947
0.028478
0.043136
0.054068
0.059503
0.058502
0.049352
0.027760
-0.001882
-0.027988
-0.040578
-0.039106
-0.028625
-0.015558
-0.004899
0.000654
-0.000166
-0.008581
-0.023170
-0.040809
-0.056840
-0.067517
-0.072032
-0.071736
-0.066844
-0.058043
-0.046831
-0.034159
-0.021303
-0.010490
-0.002689
0.002514
0.006383
0.009137
0.008812
0.005895
0.002768
-0.000044
-0.003299
-0.006842
-0.008823
-0.006282
0.001931
0.015819
0.036319
0.059815
0.078320
0.089497
0.094874
0.093454
0.084184
0.066973
0.045269
0.023920
0.006879
-0.004635
-0.010927
-0.013687
-0.013625
-0.009634
-0.001327
0.009901
0.021118
0.028841
0.031092
0.026949
0.015551
-0.002135
-0.023773
-0.042940
-0.052585
-0.051547
-0.042036
-0.022512
0.005031
0.034808
0.062033
0.084661
0.100855
0.109157
0.107199
0.095282
0.075427
0.047522
0.014675
-0.016006
-0.038205
-0.048918
-0.048294
-0.038552
-0.019635
0.008014
0.039941
0.066392
0.081148
0.082557
0.073018
0.053364
0.022420
-0.016124
-0.052987
-0.081730
-0.099891
-0.108998
-0.110616
-0.102673
-0.084803
-0.058230
-0.027697
0.002003
0.030227
0.055976
0.073996
0.082802
0.084454
0.080081
0.070960
0.059154
0.048092
0.040738
0.036837
0.034501
0.032709
0.030987
0.028411
0.023722
0.016749
0.009031
0.002369
-0.001625
-0.001720
0.002262
0.008382
0.014989
0.022145
0.028567
0.031646
0.030892
0.027273
0.020337
0.010275
-0.001269
-0.011957
-0.019774
-0.023039
-0.021549
-0.015574
-0.006627
0.002735
0.010235
0.015019
0.017151
0.018209
0.020400
0.024791
0.031519
0.040682
0.050548
0.057226
0.057305
0.048093
0.024366
-0.012571
-0.054579
-0.088348
-0.106177
-0.110095
-0.105810
-0.094347
-0.075401
-0.051338
-0.026164
-0.001671
0.022111
0.042140
0.053924
0.056695
0.053125
0.044090
0.030746
0.015183
-0.000862
-0.015776
-0.026994
-0.032717
-0.031696
-0.024965
-0.014718
-0.001882
0.011620
0.022020
0.026754
0.025176
0.017394
0.003413
-0.018049
-0.042835
-0.063905
-0.078189
-0.087112
-0.091651
-0.092719
-0.091044
-0.086742
-0.079649
-0.068846
-0.054675
-0.037808
-0.018394
0.003291
0.026556
0.049257
0.067989
0.080780
0.087494
0.088634
0.086403
0.082879
0.077483
0.067552
0.050729
0.028732
0.006357
-0.012085
-0.023762
-0.028403
-0.027558
-0.022167
-0.014337
-0.006603
0.000491
0.006952
0.011323
0.013550
0.014782
0.013438
0.007018
-0.004394
-0.016192
-0.021489
-0.018104
-0.008478
0.002758
0.011365
0.013642
0.008950
-0.001787
-0.016351
-0.031492
-0.043798
-0.051594
-0.053933
-0.052074
-0.046589
-0.034031
-0.013202
0.013598
0.040215
0.060992
0.074709
0.083585
0.088724
0.089793
0.086327
0.079077
0.070028
0.060992
0.052917
0.046595
0.043187
0.042534
0.042591
0.040638
0.034492
0.024813
0.013614
0.001932
-0.009136
-0.017487
-0.022436
-0.024788
-0.025467
-0.025526
-0.026167
-0.027760
-0.030077
-0.033005
-0.036401
-0.039829
-0.042587
-0.043691
-0.042311
-0.038316
-0.031878
-0.023694
-0.014354
-0.004535
0.005035
0.013821
0.021593
0.027930
0.033112
0.036884
0.036993
0.032741
0.025630
0.017796
0.010496
0.003869
-0.001481
-0.003569
-0.002774
-0.001285
-0.000112
0.000490
-0.000511
-0.003061
-0.005840
-0.008245
-0.010133
-0.010512
-0.009301
-0.007673
-0.006014
-0.004385
-0.004359
-0.006727
-0.010349
-0.013402
-0.014865
-0.015150
-0.014749
-0.013016
-0.009161
-0.002455
0.007220
0.018935
0.031014
0.041514
0.048239
0.050535
0.048982
0.044273
0.037802
0.031283
0.025473
0.020939
0.019087
0.020622
0.025462
0.032162
0.038870
0.044086
0.047267
0.048580
0.048277
0.046076
0.042039
0.036958
0.031728
0.026938
0.022837
0.019163
0.015326
0.010850
0.004844
-0.004454
-0.016691
-0.029846
-0.042441
-0.053594
-0.061881
-0.067249
-0.070907
-0.074437
-0.079134
-0.085865
-0.093494
-0.099275
-0.100955
-0.097800
-0.089870
-0.078397
-0.064313
-0.048772
-0.032374
-0.014044
0.005767
0.023737
0.037732
0.046636
0.048845
0.043693
0.030611
0.011799
-0.008918
-0.027604
-0.040503
-0.043287
-0.035992
-0.020880
-0.001398
0.018330
0.034370
0.044921
0.048696
0.045839
0.037357
0.024108
0.008921
-0.004087
-0.015171
-0.027576
-0.042809
-0.059149
-0.073246
-0.082982
-0.087378
-0.087534
-0.085647
-0.082950
-0.079521
-0.074277
-0.065483
-0.051965
-0.033698
-0.013438
0.004594
0.018765
0.029039
0.034800
0.035740
0.031192
0.021828
0.009742
-0.001186
-0.008039
-0.009710
-0.007638
-0.003209
0.002801
0.011276
0.025740
0.045636
0.065572
0.079485
0.083204
0.074373
0.053962
0.023032
-0.012419
-0.044075
-0.067469
-0.083100
-0.091227
-0.093875
-0.092487
-0.084951
-0.068924
-0.043220
-0.014388
0.007679
0.020751
0.027598
0.028607
0.023573
0.012839
-0.001595
-0.016482
-0.028135
-0.035691
-0.040511
-0.043937
-0.046228
-0.047041
-0.046599
-0.045283
-0.043375
-0.041011
-0.038895
-0.036466
-0.030637
-0.021005
-0.009883
0.001111
0.011232
0.019043
0.024284
0.027331
0.026888
0.021842
0.014163
0.006860
0.001654
-0.001201
-0.001428
0.001272
0.006522
0.014054
0.023059
0.032095
0.039328
0.043603
0.044402
0.041274
0.033131
0.020949
0.008175
-0.000973
-0.005209
-0.004940
-0.001336
0.004392
0.011241
0.017831
0.022258
0.024145
0.023908
0.021745
0.017122
0.008138
-0.005537
-0.022105
-0.037339
-0.047735
-0.052146
-0.052362
-0.049676
-0.042842
-0.031933
-0.021001
-0.013499
-0.010219
-0.009803
-0.010606
-0.011268
-0.011110
-0.009986
-0.007846
-0.004399
0.000558
0.006374
0.011463
0.014067
0.012362
0.006015
-0.004320
-0.018791
-0.035945
-0.052415
-0.064554
-0.070110
-0.068521
-0.061663
-0.051362
-0.038963
-0.026130
-0.015170
-0.007677
-0.004916
-0.006348
-0.010624
-0.016342
-0.022052
-0.026334
-0.028924
-0.030250
-0.031135
-0.031680
-0.030612
-0.027902
-0.024981
-0.022446
-0.020580
-0.020780
-0.023979
-0.030180
-0.038159
-0.045724
-0.050152
-0.050148
-0.045453
-0.038047
-0.030610
-0.024434
-0.020208
-0.019398
-0.021912
-0.025866
-0.028217
-0.026519
-0.019548
-0.009562
-0.000528
0.005274
0.008084
0.009912
0.012134
0.014623
0.016984
0.019200
0.021466
0.023085
0.021861
0.016675
0.007807
-0.003002
-0.013832
-0.023720
-0.032725
-0.041286
-0.050406
-0.060490
-0.070368
-0.078058
-0.081365
-0.080270
-0.076359
-0.071271
-0.066193
-0.061651
-0.056596
-0.049555
-0.040428
-0.030899
-0.023495
-0.018811
-0.015958
-0.013698
-0.011123
-0.007796
-0.003731
0.001060
0.006977
0.013277
0.017016
0.016010
0.009474
0.000079
-0.008523
-0.014662
-0.019386
-0.024502
-0.029765
-0.033384
-0.034135
-0.032386
-0.029189
-0.026545
-0.027028
-0.031789
-0.040641
-0.053687
-0.068838
-0.082325
-0.092252
-0.098122
-0.098664
-0.094150
-0.086034
-0.076541
-0.067777
-0.060992
-0.056405
-0.053994
-0.052779
-0.051334
-0.049142
-0.045451
-0.037698
-0.024874
-0.007614
0.012230
0.032284
0.050191
0.064544
0.073234
0.073792
0.065173
0.048204
0.026895
0.006260
-0.009684
-0.018868
-0.022252
-0.022411
-0.020636
-0.017849
-0.015292
-0.013959
-0.013791
-0.014011
-0.014885
-0.017734
-0.023128
-0.029555
-0.033776
-0.034072
-0.029693
-0.020248
-0.006025
0.011777
0.029228
0.040263
0.043126
0.039377
0.030398
0.018609
0.007829
0.000273
-0.003811
-0.005712
-0.006186
-0.003999
0.001917
0.011386
0.021803
0.029705
0.032389
0.029552
0.021411
0.009513
-0.003130
-0.013074
-0.019012
-0.021018
-0.020250
-0.017650
-0.013092
-0.007348
-0.002698
-0.000335
-0.000028
-0.000839
-0.002302
-0.005041
-0.009347
-0.015175
-0.022786
-0.031398
-0.038158
-0.041329
-0.040362
-0.035117
-0.025513
-0.011837
0.003300
0.015748
0.024361
0.030047
0.033224
0.033626
0.030232
0.023942
0.016648
0.009306
0.002702
-0.001328
-0.001894
0.000890
0.005534
0.010744
0.016884
0.024290
0.032172
0.038330
0.041155
0.041417
0.040753
0.039676
0.038262
0.036558
0.033981
0.030341
0.026397
0.022958
0.020551
0.019826
0.020567
0.021223
0.020840
0.019301
0.015915
0.010636
0.005554
0.002073
-0.000002
-0.000441
0.001256
0.004091
0.006728
0.008996
0.011284
0.013590
0.015389
0.016728
0.018619
0.022031
0.027408
0.034155
0.040975
0.046410
0.049669
0.050038
0.047421
0.042391
0.035668
0.028386
0.022023
0.017766
0.016239
0.017266
0.019688
0.022210
0.024467
0.026452
0.027590
0.027298
0.025297
0.021855
0.017313
0.012252
0.007569
0.004271
0.002555
0.002320
0.003457
0.005787
0.009031
0.012887
0.017283
0.021667
0.025539
0.029475
0.033823
0.037837
0.041538
0.045395
0.048373
0.049492
0.049107
0.047325
0.043354
0.037889
0.032935
0.030179
0.029067
0.028103
0.027116
0.026675
0.026657
0.026601
0.026512
0.027156
0.028569
0.028631
0.025989
0.021175
0.015171
0.008509
0.002223
-0.002289
-0.003762
-0.003013
-0.001260
0.002477
0.008863
0.015849
0.021167
0.023873
0.024337
0.023047
0.020183
0.016171
0.011573
0.007402
0.004715
0.003743
0.003776
0.003992
0.004653
0.006280
0.007799
0.007801
0.005923
0.002899
-0.000492
-0.003632
-0.006037
-0.007537
-0.007858
-0.006320
-0.003557
-0.000870
0.001446
0.003728
0.006193
0.008975
0.012627
0.018009
0.025333
0.034187
0.043164
0.050166
0.053543
0.052699
0.047194
0.037712
0.025381
0.012530
0.001502
-0.006857
-0.013052
-0.016954
-0.017577
-0.014719
-0.010394
-0.006290
-0.002261
0.001025
0.001748
-0.000465
-0.004548
-0.009907
-0.016007
-0.021975
-0.027337
-0.030897
-0.029486
-0.022875
-0.013337
-0.002815
0.007502
0.016217
0.023072
0.028461
0.031171
0.029422
0.023547
0.016052
0.009477
0.004769
0.002071
0.001053
0.001490
0.004001
0.008512
0.014220
0.020320
0.025535
0.027534
0.024852
0.017035
0.006910
-0.002106
-0.009441
-0.015887
-0.021242
-0.025394
-0.028499
-0.029999
-0.029585
-0.027424
-0.024217
-0.020783
-0.018160
-0.016693
-0.015682
-0.014770
-0.014329
-0.014342
-0.014375
-0.014227
-0.013568
-0.011797
-0.009579
-0.007975
-0.006905
-0.005569
-0.003683
-0.002739
-0.004475
-0.008593
-0.013729
-0.019230
-0.024447
-0.027985
-0.028415
-0.025762
-0.020974
-0.013951
-0.003653
0.008001
0.018151
0.026418
0.033065
0.036597
0.036496
0.033782
0.029495
0.023859
0.016449
0.008792
0.003245
0.000051
-0.001829
-0.002449
-0.001589
0.000431
0.002483
0.003820
0.004742
0.005241
0.004641
0.003194
0.001769
0.000624
-0.000262
-0.000615
-0.000531
-0.000435
-0.000467
-0.000712
-0.001595
-0.003293
-0.005581
-0.008061
-0.010134
-0.010878
-0.010594
-0.010298
-0.010317
-0.010064
-0.008465
-0.005262
-0.000704
0.004780
0.010572
0.015849
0.020050
0.022718
0.023871
0.023796
0.022835
0.021068
0.018017
0.014071
0.010271
0.007237
0.004801
0.002542
0.000775
0.000201
0.000426
0.000587
0.000528
0.000732
0.001559
0.002405
0.002606
0.002415
0.002306
0.002401
0.002831
0.004029
0.006546
0.009932
0.012853
0.015051
0.016856
0.017444
0.016541
0.015632
0.015518
0.015831
0.016784
0.018767
0.021263
0.023624
0.025718
0.027437
0.028498
0.028716
0.028006
0.026084
0.023720
0.021869
0.020079
0.017343
0.013068
0.008242
0.003962
-0.000615
-0.006202
-0.011592
-0.015091
-0.015886
-0.015327
-0.014728
-0.013373
-0.010650
-0.007026
-0.003253
0.000096
0.002308
0.003468
0.004344
0.005086
0.005306
0.005147
0.004673
0.003048
0.000421
-0.002639
-0.007231
-0.013858
-0.020635
-0.025672
-0.028240
-0.028582
-0.027298
-0.025000
-0.022112
-0.018738
-0.015408
-0.012572
-0.009622
-0.006689
-0.005403
-0.005707
-0.005861
-0.004566
-0.002091
0.000527
0.002892
0.004984
0.006254
0.006255
0.005124
0.002828
-0.001350
-0.007464
-0.014626
-0.021821
-0.027646
-0.030081
-0.029198
-0.026543
-0.023163
-0.019467
-0.015870
-0.013353
-0.012774
-0.013662
-0.014932
-0.015891
-0.015574
-0.012890
-0.008782
-0.004546
0.000289
0.005130
0.007507
0.006743
0.003966
-0.000120
-0.005673
-0.012935
-0.019892
-0.023993
-0.024981
-0.024569
-0.024096
-0.022898
-0.019996
-0.016462
-0.013836
-0.012534
-0.012830
-0.015272
-0.018660
-0.021211
-0.022475
-0.022773
-0.021691
-0.018274
-0.012821
-0.007661
-0.003930
-0.000893
0.001388
0.001611
-0.001230
-0.005795
-0.009370
-0.011824
-0.014557
-0.017124
-0.018417
-0.018448
-0.018113
-0.018066
-0.018562
-0.019559
-0.020707
-0.021536
-0.021536
-0.020333
-0.018021
-0.015311
-0.012752
-0.010463
-0.008858
-0.008622
-0.010028
-0.012432
-0.014930
-0.017212
-0.019445
-0.021732
-0.024025
-0.026345
-0.029217
-0.033117
-0.036930
-0.039358
-0.040448
-0.040675
-0.039757
-0.037677
-0.035011
-0.032308
-0.029717
-0.027269
-0.025509
-0.024935
-0.025009
-0.024971
-0.024729
-0.024514
-0.024371
-0.024238
-0.023776
-0.022165
-0.020078
-0.018968
-0.018101
-0.016071
-0.013195
-0.009994
-0.005925
-0.001364
0.002775
0.006867
0.011304
0.015214
0.017477
0.017623
0.015980
0.013616
0.011817
0.010698
0.009619
0.008334
0.007179
0.006704
0.006782
0.006797
0.006246
0.005105
0.003778
0.002547
0.001454
0.000717
0.000547
0.000679
0.000950
0.001700
0.002604
0.002940
0.002798
0.002686
0.002685
0.002388
0.001336
-0.000532
-0.002898
-0.005309
-0.007376
-0.008618
-0.008665
-0.007321
-0.004473
-0.000474
0.004312
0.010086
0.016572
0.021994
0.024665
0.023539
0.019976
0.016068
0.012451
0.009040
0.006230
0.004537
0.004307
0.005594
0.007609
0.008723
0.008867
0.009429
0.010718
0.012199
0.013981
0.016254
0.018694
0.021032
0.023046
0.024057
0.023985
0.023463
0.022172
0.019104
0.014475
0.009571
0.005547
0.002737
0.001305
0.001331
0.002568
0.004643
0.006827
0.008440
0.009925
0.012134
0.015277
0.018450
0.020315
0.021133
0.021964
0.023124
0.023585
0.021392
0.017162
0.012901
0.008784
0.004631
0.001965
0.001243
0.001388
0.001463
0.001663
0.003040
0.005551
0.008036
0.009441
0.009598
0.009294
0.008744
0.007092
0.004434
0.001990
0.000840
0.001191
0.003020
0.005633
0.008162
0.010455
0.012735
0.015017
0.016734
0.017189
0.016846
0.016443
0.015715
0.014451
0.012946
0.011200
0.008706
0.004859
0.000376
-0.002847
-0.004177
-0.004148
-0.003365
-0.001859
0.000962
0.004450
0.007293
0.009477
0.011371
0.012239
0.011779
0.010456
0.008583
0.006395
0.004564
0.003325
0.002251
0.001041
-0.000099
-0.000660
-0.000446
0.000456
0.001375
0.001541
0.000781
-0.000310
-0.000796
-0.000664
-0.000511
-0.000544
-0.000598
-0.000528
0.000086
0.001819
0.003943
0.005435
0.006432
0.007727
0.009669
0.011300
0.011662
0.011298
0.010890
0.010095
0.008768
0.007474
0.006806
0.006913
0.007765
0.009026
0.009975
0.009490
0.007293
0.004442
0.001347
-0.002589
-0.006624
-0.009244
-0.009952
-0.009685
-0.009285
-0.008019
-0.004981
-0.000970
0.002650
0.005245
0.007043
0.008144
0.008092
0.006930
0.005420
0.003821
0.001910
0.000444
-0.000026
-0.000506
-0.001928
-0.004146
-0.006208
-0.007541
-0.008516
-0.009385
-0.009682
-0.009106
-0.008140
-0.008027
-0.009110
-0.010629
-0.012541
-0.015408
-0.018577
-0.020969
-0.022226
-0.022477
-0.021533
-0.019522
-0.016832
-0.013481
-0.008954
-0.002693
0.003958
0.009171
0.012876
0.015113
0.014395
0.011400
0.008400
0.006076
0.004004
0.002394
0.001574
0.001549
0.002213
0.003350
0.004610
0.005800
0.006851
0.007507
0.007323
0.005760
0.003199
0.000577
-0.001809
-0.003646
-0.003448
-0.001480
-0.000262
-0.000460
-0.001066
-0.002216
-0.004370
-0.006945
-0.009043
-0.010352
-0.011340
-0.012277
-0.012682
-0.012248
-0.011121
-0.009741
-0.008446
-0.007263
-0.006535
-0.007021
-0.008408
-0.009642
-0.010078
-0.009943
-0.009887
-0.010643
-0.012492
-0.014447
-0.015879
-0.017613
-0.020296
-0.023699
-0.027286
-0.030297
-0.031372
-0.030087
-0.026823
-0.022759
-0.018610
-0.013628
-0.007770
-0.002374
0.001933
0.005039
0.005984
0.004456
0.001147
-0.002727
-0.006370
-0.009849
-0.013044
-0.014993
-0.015565
-0.015552
-0.015912
-0.016781
-0.017260
-0.016823
-0.015711
-0.014770
-0.014371
-0.013767
-0.012742
-0.011945
-0.010656
-0.007918
-0.005126
-0.003599
-0.002820
-0.002458
-0.003057
-0.004410
-0.005748
-0.006738
-0.006828
-0.005270
-0.003018
-0.001428
-0.000419
0.000673
0.001803
0.002125
0.001076
-0.001043
-0.003525
-0.005919
-0.008240
-0.010333
-0.011440
-0.011070
-0.009123
-0.006385
-0.003970
-0.002747
-0.002331
-0.001028
0.001232
0.003034
0.004089
0.004944
0.005460
0.005477
0.005261
0.004760
0.003868
0.003202
0.002922
0.002291
0.001417
0.001066
0.001214
0.001346
0.001316
0.001276
0.001299
0.001321
0.001476
0.002194
0.003173
0.003490
0.002847
0.001501
-0.000475
-0.002882
-0.005411
-0.008215
-0.011550
-0.015161
-0.018094
-0.018904
-0.017592
-0.014941
-0.011096
-0.006444
-0.002185
0.001381
0.004330
0.005207
0.003147
-0.000594
-0.004426
-0.007652
-0.009617
-0.009548
-0.007055
-0.002907
0.001793
0.006218
0.009620
0.011129
0.011060
0.010532
0.009301
0.006621
0.003832
0.002288
0.001484
0.000768
0.000510
0.001129
0.002368
0.003685
0.004875
0.005947
0.006651
0.006652
0.005830
0.004539
0.003316
0.002576
0.002551
0.003297
0.004336
0.004738
0.004224
0.002787
-0.000252
-0.004567
-0.008095
-0.010286
-0.012060
-0.013341
-0.013289
-0.011467
-0.008450
-0.004910
-0.001208
0.002321
0.005220
0.007120
0.007539
0.006431
0.004102
0.000903
-0.002528
-0.005290
-0.007137
-0.008060
-0.007372
-0.005383
-0.004132
-0.004211
-0.004609
-0.005056
-0.006099
-0.008050
-0.010240
-0.011750
-0.012692
-0.013660
-0.014790
-0.015702
-0.015855
-0.015174
-0.013941
-0.012551
-0.011228
-0.009908
-0.008259
-0.005811
-0.002078
0.002247
0.004944
0.005590
0.005159
0.003563
-0.000018
-0.005985
-0.012608
-0.017089
-0.018736
-0.018427
-0.016739
-0.014201
-0.011461
-0.008543
-0.005113
-0.001331
0.002229
0.004919
0.006452
0.006806
0.006615
0.006208
0.004722
0.001886
-0.001515
-0.004158
-0.005534
-0.006395
-0.007459
-0.008461
-0.008254
-0.006101
-0.002602
0.001399
0.005799
0.010266
0.014032
0.016877
0.018516
0.017576
0.014655
0.011740
0.009403
0.007437
0.006447
0.006213
0.005624
0.004785
0.004610
0.005438
0.006525
0.007054
0.007770
0.009567
0.011586
0.012913
0.013797
0.014477
0.014700
0.014553
0.014402
0.014365
0.014339
0.014274
0.014201
0.014143
0.014118
0.014352
0.015196
0.016445
0.017789
0.019526
0.021338
0.022103
0.022207
0.022869
0.024133
0.025361
0.026378
0.027380
0.028452
0.029525
0.030564
0.031469
0.031493
0.029697
0.026787
0.023857
0.020657
0.016403
0.011072
0.006679
0.004761
0.004134
0.003622
0.004013
0.005767
0.008351
0.011438
0.014924
0.018533
0.022070
0.025419
0.028313
0.030178
0.029985
0.028306
0.026531
0.024740
0.022567
0.020617
0.019265
0.018279
0.017930
0.019051
0.022361
0.026966
0.030988
0.033840
0.035571
0.035223
0.032755
0.029612
0.026230
0.022096
0.018075
0.015522
0.014847
0.015062
0.015120
0.014932
0.014781
0.014682
0.014084
0.012219
0.009497
0.006852
0.004501
0.002578
0.001947
0.002963
0.005176
0.007729
0.010126
0.012445
0.015127
0.018219
0.020740
0.021595
0.020094
0.016932
0.013237
0.009524
0.006016
0.003121
0.001244
0.000915
0.002506
0.005632
0.008830
0.011063
0.012172
0.011919
0.010022
0.007239
0.004927
0.004169
0.004437
0.004619
0.004487
0.004510
0.005185
0.005848
0.005374
0.004361
0.003979
0.004144
0.004236
0.004141
0.004050
0.004154
0.004782
0.005931
0.007088
0.007452
0.006578
0.005085
0.003727
0.002571
0.001389
0.000147
-0.001092
-0.002146
-0.002571
-0.002206
-0.001258
-0.000446
-0.000276
-0.000451
-0.000762
-0.001583
-0.002876
-0.004189
-0.005352
-0.006488
-0.007610
-0.008407
-0.008583
-0.008416
-0.008306
-0.008226
-0.007539
-0.005611
-0.002932
-0.000506
0.001059
0.001839
0.002018
0.001928
0.001599
0.000249
-0.002182
-0.004890
-0.007715
-0.010666
-0.012448
-0.012544
-0.011977
-0.011098
-0.009019
-0.005226
-0.000189
0.005484
0.010865
0.014886
0.017629
0.019423
0.019498
0.018046
0.016303
0.014542
0.012319
0.009721
0.007381
0.005806
0.004716
0.003458
0.001561
-0.000873
-0.003385
-0.005778
-0.008113
-0.010488
-0.012554
-0.013370
-0.013120
-0.012640
-0.011582
-0.009713
-0.008431
-0.008375
-0.008657
-0.008642
-0.008478
-0.008401
-0.007967
-0.006312
-0.004043
-0.002411
-0.001389
-0.000503
-0.000144
-0.000937
-0.002903
-0.004974
-0.006183
-0.006376
-0.005889
-0.004965
-0.004191
-0.003725
-0.002467
-0.000299
0.001358
0.001525
0.000305
-0.001775
-0.004203
-0.006577
-0.008543
-0.009679
-0.009513
-0.008453
-0.007716
-0.007075
-0.005517
-0.003929
-0.003521
-0.003854
-0.004290
-0.005083
-0.006325
-0.007487
-0.007952
-0.007837
-0.007610
-0.007147
-0.006133
-0.004789
-0.003899
-0.004382
-0.005829
-0.007213
-0.008309
-0.009230
-0.009579
-0.009107
-0.008075
-0.007276
-0.006976
-0.006389
-0.005425
-0.005009
-0.005594
-0.006659
-0.007233
-0.007157
-0.006964
-0.006942
-0.006847
-0.006182
-0.004943
-0.003548
-0.001936
-0.000004
0.001354
0.001231
-0.000613
-0.003300
-0.005662
-0.006882
-0.007125
-0.007579
-0.008474
-0.008927
-0.008761
-0.008680
-0.009348
-0.010816
-0.012928
-0.015353
-0.017608
-0.019255
-0.019979
-0.019266
-0.017343
-0.014770
-0.011656
-0.008053
-0.004343
-0.001010
0.001275
0.001446
-0.000611
-0.003448
-0.005948
-0.008016
-0.009384
-0.009551
-0.008603
-0.007001
-0.004917
-0.002836
-0.001241
0.000452
0.002205
0.002327
0.000809
-0.000808
-0.001934
-0.002971
-0.004170
-0.005409
-0.006494
-0.007118
-0.007189
-0.007058
-0.007249
-0.008128
-0.009413
-0.010640
-0.011737
-0.012834
-0.013911
-0.014628
-0.014733
-0.014518
-0.014368
-0.014319
-0.014255
-0.014152
-0.014053
-0.013967
-0.013882
-0.013792
-0.013701
-0.013616
-0.013396
-0.012627
-0.011564
-0.011043
-0.011097
-0.011161
-0.011039
-0.010492
-0.008869
-0.007005
-0.006220
-0.005862
-0.005030
-0.004377
-0.004356
-0.004606
-0.005132
-0.006137
-0.007371
-0.008270
-0.008543
-0.008845
-0.009648
-0.010250
-0.010219
-0.009905
-0.009362
-0.008441
-0.007711
-0.007369
-0.006636
-0.005303
-0.003896
-0.002670
-0.001658
-0.001224
-0.001288
-0.001395
-0.001344
-0.001566
-0.003017
-0.005547
-0.007988
-0.009315
-0.009420
-0.009091
-0.008485
-0.006904
-0.005110
-0.004486
-0.004744
-0.005285
-0.006795
-0.009299
-0.011881
-0.014179
-0.016078
-0.016736
-0.015781
-0.013458
-0.010226
-0.006718
-0.003757
-0.001656
-0.000345
0.000288
0.000403
0.000330
0.000314
0.000419
0.000873
0.001893
0.003212
0.004653
0.006620
0.009091
0.011578
0.013909
0.016041
0.017520
0.017895
0.017096
0.016115
0.015667
0.015029
0.013499
0.011227
0.009102
0.007681
0.006613
0.005442
0.004225
0.003405
0.003225
0.003348
0.003391
0.003340
0.003309
0.003315
0.003316
0.003303
0.003361
0.003991
0.005835
0.008444
0.011106
0.014045
0.017022
0.018827
0.019251
0.018810
0.017327
0.014862
0.012223
0.010146
0.008885
0.008373
0.008496
0.009376
0.011012
0.013018
0.014321
0.014438
0.014090
0.013946
0.013959
0.013916
0.013675
0.012902
0.011861
0.011358
0.011418
0.011494
0.011397
0.011280
0.011224
0.011185
0.011014
0.010344
0.009129
0.007803
0.006897
0.006654
0.006744
0.006768
0.006691
0.006629
0.006606
0.006579
0.006540
0.006516
0.006733
0.007500
0.008329
0.008549
0.008348
0.008207
0.008209
0.008196
0.008137
0.008067
0.008180
0.008881
0.009794
0.010106
0.009905
0.009579
0.008829
0.007556
0.006177
0.004930
0.003877
0.003342
0.003328
0.003556
0.004414
0.006390
0.008981
0.011070
0.011684
0.011329
0.011053
0.011070
0.011080
0.010946
0.010505
0.009682
0.009382
0.010105
0.010837
0.011376
0.012738
0.014305
0.014756
0.014371
0.014091
0.014090
0.014075
0.013956
0.013835
0.013752
0.013625
0.013151
0.012283
0.012035
0.012808
0.013430
0.013319
0.012925
0.012307
0.011207
0.009795
0.008185
0.006067
0.003526
0.000992
-0.001380
-0.003292
-0.003988
-0.003755
-0.003529
-0.003577
-0.003645
-0.003569
-0.003152
-0.002275
-0.001529
-0.001385
-0.001503
-0.001237
-0.000179
0.001679
0.003740
0.004740
0.004350
0.003158
0.001828
0.000607
-0.000573
-0.001783
-0.002936
-0.003723
-0.003792
-0.003054
-0.001821
-0.000493
0.001058
0.002980
0.004360
0.004563
0.004183
0.003438
0.001658
-0.000963
-0.003571
-0.005870
-0.007651
-0.008271
-0.008035
-0.007559
-0.006286
-0.004144
-0.002308
-0.001183
-0.000083
0.001731
0.003827
0.004727
0.004444
0.004114
0.004147
0.004077
0.003282
0.001931
0.000667
-0.000016
-0.000111
-0.000029
-0.000271
-0.001186
-0.002526
-0.003573
-0.003442
-0.002216
-0.000729
0.000862
0.002747
0.004041
0.004515
0.005690
0.007501
0.008285
0.007967
0.007484
0.006760
0.005546
0.004236
0.003466
0.003090
0.001854
-0.000115
-0.000958
0.000146
0.002262
0.003555
0.003928
0.005125
0.006925
0.007644
0.007297
0.006975
0.006960
0.006670
0.005650
0.004246
0.002789
0.000935
-0.000948
-0.001696
-0.001472
-0.000994
0.000257
0.002120
0.003163
0.003792
0.005262
0.006651
0.006868
0.006435
0.005890
0.004973
0.003652
0.002456
0.001933
0.001380
-0.000218
-0.001865
-0.002294
-0.001974
-0.001829
-0.001936
-0.002012
-0.001736
-0.000402
0.001547
0.002452
0.002187
0.001969
0.002619
0.003520
0.003220
0.002088
0.001546
0.001710
0.001860
0.001776
0.001675
0.001663
0.001661
0.001632
0.001637
0.002148
0.003746
0.005414
0.005863
0.005503
0.005279
0.005323
0.005346
0.005152
0.004464
0.003261
0.001867
0.000255
-0.001888
-0.004418
-0.006608
-0.007518
-0.007921
-0.009332
-0.010972
-0.011558
-0.011845
-0.012332
-0.012014
-0.011046
-0.010562
-0.010671
-0.010778
-0.010686
-0.010579
-0.010544
-0.010521
-0.010473
-0.010416
-0.010372
-0.010237
-0.009638
-0.008624
-0.007980
-0.007690
-0.006991
-0.006138
-0.005840
-0.005974
-0.006049
-0.005984
-0.005918
-0.006145
-0.007413
-0.009363
-0.010300
-0.010029
-0.009880
-0.011084
-0.013136
-0.014088
-0.013443
-0.012102
-0.010773
-0.009712
-0.009283
-0.009880
-0.011599
-0.013189
-0.013530
-0.013154
-0.012945
-0.013108
-0.013983
-0.015693
-0.016957
-0.017016
-0.016618
-0.016463
-0.016481
-0.016421
-0.016295
-0.016228
-0.016489
-0.017343
-0.018567
-0.019598
-0.019900
-0.019411
-0.018290
-0.016892
-0.015669
-0.015055
-0.014538
-0.012980
-0.011120
-0.010442
-0.010688
-0.010838
-0.010684
-0.010539
-0.010508
-0.010483
-0.010416
-0.010342
-0.010284
-0.010315
-0.010785
-0.011675
-0.012185
-0.011817
-0.010769
-0.009856
-0.009615
-0.009718
-0.009722
-0.009552
-0.009044
-0.008109
-0.007371
-0.007231
-0.007294
-0.006915
-0.005951
-0.005144
-0.004988
-0.005124
-0.005138
-0.005135
-0.005598
-0.006670
-0.007937
-0.008852
-0.009068
-0.008883
-0.008745
-0.008713
-0.008255
-0.006621
-0.004759
-0.004117
-0.004404
-0.004249
-0.002614
-0.000606
0.000186
0.000411
0.001302
0.002751
0.004370
0.006230
0.007642
0.008212
0.009273
0.011062
0.011964
0.011692
0.011305
0.011268
0.010901
0.009264
0.007342
0.006452
0.005532
0.003396
0.000724
-0.001099
-0.001377
-0.000532
0.000699
0.001948
0.003425
0.005345
0.006847
0.007022
0.006026
0.004889
0.004430
0.004124
0.003297
0.002545
0.002418
0.002579
0.002606
0.002532
0.002482
0.002796
0.004277
0.006171
0.006966
0.007176
0.007848
0.008439
0.008151
0.007083
0.006173
0.005970
0.006072
0.005599
0.003904
0.002095
0.001429
0.001100
0.000279
-0.000273
0.000148
0.001212
0.001943
0.001983
0.001802
0.001766
0.001808
0.001807
0.001769
0.001721
0.001428
0.000521
-0.000812
-0.001979
-0.002461
-0.002395
-0.002273
-0.002286
-0.002094
-0.000833
0.001175
0.002174
0.001939
0.001602
0.001647
0.001602
0.000810
-0.000544
-0.001781
-0.002409
-0.002458
-0.002364
-0.002616
-0.003531
-0.004844
-0.005975
-0.006437
-0.006359
-0.006213
-0.006193
-0.006194
-0.006161
-0.005761
-0.004206
-0.002299
-0.001395
-0.000543
0.001184
0.002383
0.002330
0.001961
0.001931
0.002044
0.002045
0.001983
0.001886
0.001421
0.000492
-0.000181
-0.000229
-0.000127
-0.000521
-0.001476
-0.002190
-0.002424
-0.003048
-0.004320
-0.005580
-0.006177
-0.006156
-0.006000
-0.005968
-0.005811
-0.004765
-0.002695
-0.000739
0.000497
0.001557
0.003187
0.005236
0.006437
0.006424
0.005983
0.005109
0.003400
0.001951
0.001684
0.001977
0.002057
0.002122
0.003170
0.005124
0.006264
0.006118
0.005745
0.005718
0.005932
0.006553
0.007193
0.006786
0.005763
0.005314
0.005456
0.005564
0.005471
0.005378
0.005151
0.003943
0.001922
0.000910
0.001774
0.003805
0.005290
0.005611
0.006000
0.007152
0.008531
0.009693
0.010744
0.011844
0.012755
0.012950
0.012296
0.011197
0.010469
0.010176
0.009484
0.008503
0.008056
0.008142
0.008212
0.008036
0.007249
0.005507
0.003905
0.003650
0.004595
0.005373
0.004984
0.004884
0.006622
0.009399
0.011478
0.011939
0.011531
0.011294
0.011319
0.011672
0.013036
0.014414
0.014130
0.013004
0.012396
0.011744
0.010174
0.007936
0.006374
0.005824
0.004706
0.003062
0.002816
0.003374
0.003092
0.002867
0.003811
0.005313
0.006570
0.007595
0.008693
0.009516
0.009047
0.007531
0.004576
0.002786
0.000778
-0.000332
-0.000589
-0.001192
-0.002061
-0.002406
-0.002312
-0.002513
-0.003267
-0.003263
-0.001691
-0.000244
-0.000127
-0.000672
-0.001630
-0.003329
-0.004736
-0.005165
-0.005642
-0.006516
-0.006888
-0.006227
-0.005114
-0.004592
-0.004725
-0.004904
-0.004890
-0.004850
-0.004914
-0.005471
-0.007083
-0.008780
-0.009279
-0.008962
-0.008768
-0.008844
-0.008896
-0.008848
-0.008797
-0.008785
-0.008860
-0.009534
-0.011187
-0.012652
-0.012909
-0.012542
-0.012365
-0.012407
-0.012389
-0.012419
-0.013005
-0.014144
-0.015286
-0.015912
-0.015923
-0.015696
-0.015361
-0.014494
-0.013135
-0.011868
-0.011227
-0.011151
-0.011187
-0.011111
-0.010995
-0.010916
-0.010854
-0.010777
-0.010693
-0.010612
-0.010535
-0.010453
-0.010373
-0.010289
-0.010209
-0.010123
-0.010043
-0.009964
-0.010240
-0.011594
-0.013230
-0.013818
-0.013959
-0.014394
-0.014153
-0.013117
-0.012452
-0.012440
-0.012492
-0.012336
-0.012139
-0.012015
-0.011913
-0.011784
-0.011644
-0.011513
-0.011272
-0.010355
-0.008593
-0.007233
-0.007001
-0.007156
-0.006783
-0.005812
-0.005040
-0.004887
-0.005009
-0.005264
-0.005893
-0.006492
-0.006829
-0.007828
-0.009375
-0.010038
-0.009697
-0.009296
-0.009190
-0.008755
-0.007238
-0.005530
-0.004922
-0.005109
-0.005190
-0.005009
-0.004845
-0.004698
-0.004143
-0.003344
-0.003396
-0.004193
-0.004579
-0.004354
-0.004098
-0.004038
-0.004006
-0.004022
-0.004678
-0.006098
-0.007062
-0.006812
-0.005760
-0.004854
-0.004663
-0.005194
-0.005658
-0.004709
-0.003236
-0.003063
-0.003390
-0.002860
-0.002104
-0.001922
-0.001960
-0.001516
-0.000621
-0.000055
-0.000220
-0.000919
-0.001508
-0.001570
-0.001358
-0.001219
-0.001170
-0.001103
-0.001000
-0.000903
-0.000819
-0.000736
-0.000647
-0.000559
-0.000473
-0.000387
-0.000301
-0.000216
-0.000129
-0.000049
0.000132
0.000718
0.001685
0.002647
0.003226
0.003347
0.003292
0.003296
0.003356
0.003396
0.003418
0.003438
0.003579
0.004124
0.004808
0.005129
0.005409
0.005783
0.005236
0.003921
0.003158
0.002699
0.001712
0.000886
0.000857
0.001201
0.001616
0.002276
0.003165
0.003920
0.004206
0.004372
0.004874
0.005371
0.005466
0.005345
0.005293
0.005318
0.005324
0.005301
0.005298
0.005466
0.006001
0.006775
0.007434
0.007671
0.007575
0.007444
0.007393
0.007355
0.007290
0.007111
0.006608
0.006021
0.005731
0.005452
0.004931
0.004579
0.004584
0.004724
0.005004
0.005555
0.006233
0.006722
0.006851
0.006970
0.007291
0.007236
0.006671
0.006265
0.006253
0.006306
0.006239
0.006140
0.006105
0.006252
0.006681
0.007270
0.007742
0.007842
0.007677
0.007516
0.007429
0.007347
0.007238
0.007127
0.007025
0.006928
0.006769
0.006365
0.005815
0.005518
0.005497
0.005494
0.005404
0.005378
0.005642
0.005988
0.006091
0.006166
0.006429
0.006578
0.006454
0.006260
0.006140
0.006051
0.005939
0.005815
0.005726
0.005798
0.006042
0.006174
0.006059
0.005866
0.005724
0.005655
0.005752
0.006032
0.006329
0.006354
0.005956
0.005484
0.005262
0.005191
0.005078
0.004916
0.004766
0.004595
0.004249
0.003807
0.003551
0.003484
0.003425
0.003309
0.003188
0.003072
0.002862
0.002481
0.002016
0.001634
0.001475
0.001461
0.001440
0.001378
0.001316
0.001285
0.001393
0.001756
0.002099
0.002125
0.001964
0.001845
0.001775
0.001611
0.001348
0.001263
0.001365
0.001265
0.000900
0.000547
0.000390
0.000372
0.000371
0.000399
0.000537
0.000749
0.000940
0.001092
0.001231
0.001354
0.001398
0.001310
0.001090
0.000840
0.000691
0.000579
0.000399
0.000232
0.000164
0.000145
0.000106
0.000068
0.000100
0.000210
0.000328
0.000383
0.000335
0.000191
-0.000008
-0.000212
-0.000425
-0.000663
-0.000803
-0.000755
-0.000666
-0.000641
-0.000606
-0.000545
-0.000532
-0.000568
-0.000604
-0.000623
-0.000640
-0.000661
-0.000682
-0.000701
-0.000718
-0.000734
-0.000745
-0.000722
-0.000671
-0.000650
-0.000691
-0.000770
-0.000810
-0.000784
-0.000786
-0.000852
-0.000898
-0.000878
-0.000823
-0.000797
-0.000809
-0.000828
-0.000838
-0.000844
-0.000852
-0.000867
-0.000903
-0.000946
-0.000961
-0.000953
-0.000950
-0.000973
-0.001003
-0.001006
-0.000977
-0.000936
-0.000911
-0.000905
-0.000904
-0.000897
-0.000889
-0.000882
-0.000874
-0.000867
-0.000858
-0.000849
-0.000840
-0.000833
-0.000836
-0.000837
-0.000817
-0.000789
-0.000771
-0.000753
-0.000730
-0.000713
-0.000700
-0.000682
-0.000667
-0.000657
-0.000651
-0.000644
-0.000636
-0.000631
-0.000631
-0.000630
-0.000624
-0.000612
-0.000601
-0.000594
-0.000586
-0.000576
-0.000559
-0.000537
-0.000511
-0.000490
-0.000476
-0.000464
-0.000450
-0.000436
-0.000422
-0.000409
-0.000400
-0.000390
-0.000376
-0.000361
-0.000345
-0.000331
-0.000317
-0.000303
-0.000288
-0.000274
-0.000259
-0.000244
-0.000231
-0.000219
-0.000207
-0.000195
-0.000184
-0.000174
-0.000163
-0.000152
-0.000141
-0.000129
-0.000118
-0.000107
-0.000096
-0.000086
-0.000076
-0.000067
-0.000058
-0.000049
-0.000040
-0.000032
-0.000023
-0.000015
-0.000008
-0.000000
0.000007
0.000014
0.000021
0.000028
0.000034
0.000040
0.000046
0.000052
0.000057
0.000062
0.000067
0.000071
0.000076
0.000080
0.000084
0.000087
0.000091
0.000094
0.000097
