0.001229
0.001543
0.001298
0.000542
0.000650
0.000631
0.000607
0.000620
0.000653
0.000658
0.000640
0.000624
0.000618
0.000628
0.000644
0.000643
0.000627
0.000621
0.000627
0.000640
0.000667
0.000689
0.000687
0.000663
0.000634
0.000608
0.000576
0.000517
0.000432
0.000358
0.000323
0.000311
0.000331
0.000390
0.000443
0.000457
0.000413
0.000345
0.000354
0.000445
0.000545
0.000638
0.000722
0.000751
0.000694
0.000585
0.000461
0.000314
0.000202
0.000189
0.000222
0.000205
0.000134
0.000063
0.000000
-0.000063
-0.000062
0.000059
0.000242
0.000420
0.000577
0.000712
0.000848
0.000946
0.000898
0.000689
0.000440
0.000269
0.000072
-0.000196
-0.000278
-0.000083
0.000189
0.000459
0.000792
0.001185
0.001563
0.001757
0.001609
0.001352
0.001326
0.001354
0.001217
0.001137
0.001203
0.001233
0.001175
0.001113
0.001150
0.001293
0.001466
0.001616
0.001565
0.001205
0.000649
-0.000123
-0.000955
-0.001564
-0.001950
-0.002323
-0.003042
-0.003995
-0.004475
-0.004059
-0.002974
-0.001413
0.000422
0.002049
0.003208
0.003896
0.004111
0.003868
0.003445
0.002938
0.002000
0.000610
-0.001061
-0.002865
-0.004445
-0.005684
-0.006436
-0.006165
-0.004907
-0.003366
-0.001714
0.000380
0.002478
0.004038
0.005088
0.004715
0.002377
-0.000319
-0.002084
-0.002715
-0.001899
-0.000394
0.000827
0.002231
0.003580
0.003306
0.001779
0.001253
0.001795
0.001767
0.001077
0.000624
0.001189
0.002807
0.004413
0.005195
0.004761
0.003076
0.001079
0.000390
0.001793
0.003717
0.004506
0.004767
0.005513
0.006400
0.006422
0.005430
0.004260
0.003245
0.001837
-0.000333
-0.002577
-0.002897
0.000073
0.004775
0.008626
0.011193
0.013092
0.013194
0.010740
0.008272
0.007839
0.007678
0.005876
0.003105
-0.000031
-0.003967
-0.007487
-0.008769
-0.008358
-0.007175
-0.004977
-0.001905
0.001622
0.004519
0.005612
0.005652
0.005489
0.005278
0.004398
0.001022
-0.003618
-0.006540
-0.008347
-0.010331
-0.011536
-0.010282
-0.006317
-0.002315
-0.000089
0.002316
0.005154
0.006246
0.005231
0.002308
-0.001720
-0.005231
-0.007771
-0.008494
-0.006447
-0.002612
0.001681
0.005634
0.008626
0.010596
0.011054
0.009972
0.008933
0.007283
0.002715
-0.003472
-0.007576
-0.007871
-0.005976
-0.005094
-0.006164
-0.006810
-0.006185
-0.005988
-0.005744
-0.004584
-0.003943
-0.004369
-0.004246
-0.002252
0.000898
0.003756
0.005400
0.005145
0.003345
0.002233
0.003166
0.003597
0.000575
-0.005118
-0.011624
-0.018288
-0.023142
-0.025143
-0.026823
-0.028891
-0.029202
-0.026043
-0.018201
-0.005681
0.008988
0.022383
0.031963
0.036860
0.037150
0.031962
0.022327
0.012037
0.004203
0.000773
0.001326
0.001597
-0.000691
-0.002051
-0.000361
0.000474
-0.002820
-0.007038
-0.008701
-0.009355
-0.010330
-0.009723
-0.006737
-0.002343
0.001635
0.001137
-0.004867
-0.011875
-0.017191
-0.021593
-0.024483
-0.025510
-0.026532
-0.026995
-0.024828
-0.020309
-0.013573
-0.004767
0.003064
0.008047
0.012904
0.018824
0.022120
0.020297
0.016007
0.012270
0.008564
0.005590
0.006241
0.009239
0.010263
0.007968
0.004113
0.000429
-0.003362
-0.008257
-0.013860
-0.018065
-0.019180
-0.018589
-0.017776
-0.015659
-0.011636
-0.007281
-0.004767
-0.005036
-0.006491
-0.007109
-0.007689
-0.007388
-0.002691
0.003967
0.007060
0.004274
-0.004326
-0.013965
-0.020069
-0.024267
-0.027248
-0.023973
-0.013223
-0.003186
0.001653
0.005254
0.004306
-0.006592
-0.017830
-0.019262
-0.011229
0.004903
0.024337
0.036895
0.034713
0.019213
-0.000009
-0.015434
-0.025935
-0.034724
-0.042501
-0.042770
-0.030823
-0.009458
0.013640
0.033080
0.051159
0.062191
0.050017
0.019742
-0.006680
-0.025065
-0.035659
-0.033671
-0.026813
-0.020130
-0.008276
0.005699
0.013264
0.015397
0.017609
0.019518
0.018139
0.015047
0.013981
0.012927
0.007482
-0.001999
-0.012529
-0.020325
-0.022823
-0.019204
-0.007668
0.009678
0.024288
0.030031
0.027032
0.014704
-0.004408
-0.017852
-0.018770
-0.012071
-0.000740
0.013209
0.023481
0.027124
0.024486
0.015272
0.003534
-0.003613
-0.004245
-0.003054
-0.002289
-0.000232
0.002269
0.005010
0.009554
0.015043
0.021337
0.027711
0.029784
0.026061
0.018317
0.010147
0.007965
0.014166
0.024383
0.032413
0.035776
0.037077
0.038567
0.038293
0.032632
0.020195
0.000553
-0.023390
-0.042581
-0.052151
-0.052680
-0.041861
-0.020772
0.004833
0.028280
0.039618
0.035268
0.020726
0.001051
-0.019515
-0.035870
-0.041484
-0.031589
-0.011887
0.004270
0.012001
0.014898
0.012596
0.006888
0.004869
0.009349
0.017177
0.022929
0.023374
0.019195
0.012526
0.005582
0.001124
-0.000424
-0.000381
0.001592
0.003648
0.002239
-0.001408
-0.003416
-0.001255
0.005298
0.013070
0.020863
0.030949
0.041430
0.047342
0.045420
0.036154
0.023150
0.006738
-0.011383
-0.025378
-0.033633
-0.038745
-0.044089
-0.050401
-0.053796
-0.049231
-0.034488
-0.013743
0.003517
0.012669
0.017742
0.020619
0.018720
0.012804
0.005474
0.001304
0.005549
0.012300
0.011859
0.006163
-0.000566
-0.009731
-0.020459
-0.026196
-0.020980
-0.008078
0.003598
0.010722
0.013699
0.010036
-0.001553
-0.016793
-0.030272
-0.041019
-0.049204
-0.048729
-0.034072
-0.009804
0.016608
0.041631
0.061140
0.070191
0.067936
0.056476
0.038973
0.017614
-0.011552
-0.044204
-0.066000
-0.076937
-0.078466
-0.066378
-0.051797
-0.046524
-0.046561
-0.048361
-0.051381
-0.047925
-0.031431
-0.006253
0.018403
0.036622
0.044504
0.039018
0.019604
-0.009553
-0.038233
-0.056232
-0.060919
-0.054180
-0.036651
-0.010920
0.013730
0.026692
0.027570
0.021364
0.009426
-0.007776
-0.029430
-0.048788
-0.053591
-0.039626
-0.013012
0.015080
0.033914
0.040409
0.036755
0.023609
0.000451
-0.028840
-0.057714
-0.081222
-0.094209
-0.095336
-0.086462
-0.065848
-0.035221
-0.003302
0.022019
0.034749
0.033200
0.021947
0.004837
-0.014397
-0.029075
-0.037017
-0.039731
-0.036913
-0.032371
-0.032182
-0.035773
-0.035755
-0.023019
0.000823
0.018835
0.018724
0.006246
-0.009978
-0.028018
-0.043187
-0.049312
-0.047685
-0.041029
-0.029240
-0.012449
0.012888
0.046343
0.079410
0.104729
0.114746
0.106530
0.087086
0.065018
0.045255
0.030094
0.018462
0.006627
-0.004468
-0.009285
-0.006122
0.001770
0.014216
0.032429
0.048810
0.057656
0.063187
0.067792
0.071162
0.071098
0.061786
0.043232
0.024031
0.007876
-0.009989
-0.029647
-0.045858
-0.056237
-0.060526
-0.056458
-0.040395
-0.010436
0.026632
0.056916
0.069074
0.059394
0.041390
0.029953
0.018669
-0.001851
-0.025539
-0.039557
-0.037139
-0.021732
-0.002234
0.014264
0.024203
0.026716
0.023604
0.016998
0.006573
-0.007151
-0.019641
-0.027780
-0.033181
-0.036859
-0.035685
-0.029016
-0.022508
-0.019459
-0.017689
-0.013574
-0.004413
0.005264
0.004979
-0.006442
-0.017258
-0.020372
-0.018781
-0.013237
-0.004106
0.003498
0.006971
0.004654
-0.007920
-0.029007
-0.050069
-0.065412
-0.073369
-0.073876
-0.069802
-0.064560
-0.055637
-0.038096
-0.014328
0.011104
0.035000
0.046825
0.037510
0.016881
0.004494
0.005806
0.007185
-0.005562
-0.027343
-0.040753
-0.041419
-0.038524
-0.035403
-0.029069
-0.019100
-0.007030
0.008053
0.031878
0.064916
0.089832
0.086081
0.054423
0.014532
-0.015316
-0.028982
-0.029755
-0.025525
-0.021126
-0.013992
-0.003487
0.005937
0.010869
0.008784
-0.000555
-0.010745
-0.014299
-0.009751
0.002074
0.019110
0.039329
0.063049
0.084453
0.091206
0.077751
0.052088
0.031094
0.025314
0.028479
0.027560
0.020813
0.017159
0.013482
-0.002165
-0.023917
-0.032311
-0.015475
0.015222
0.032070
0.029195
0.025074
0.029746
0.037517
0.036422
0.020579
-0.007415
-0.039553
-0.062978
-0.072053
-0.070948
-0.063841
-0.050888
-0.031550
-0.011557
0.003963
0.022263
0.049439
0.072962
0.074172
0.051147
0.022919
0.006665
-0.004193
-0.021836
-0.040427
-0.044794
-0.028827
-0.004849
0.006853
0.001170
-0.012873
-0.031278
-0.052971
-0.065385
-0.048689
0.002283
0.068583
0.114182
0.109701
0.066613
0.020903
-0.013799
-0.041290
-0.056443
-0.050795
-0.028837
-0.009167
-0.009837
-0.030279
-0.049779
-0.055964
-0.054895
-0.043742
-0.016126
0.012540
0.021383
0.011704
-0.004513
-0.025579
-0.053075
-0.080926
-0.098976
-0.097539
-0.075500
-0.047802
-0.028890
-0.018816
-0.012186
0.000574
0.027981
0.059091
0.073202
0.068280
0.060229
0.058200
0.054302
0.037160
0.006009
-0.026326
-0.042272
-0.036919
-0.020576
-0.002799
0.015718
0.033152
0.042079
0.035329
0.010369
-0.018894
-0.028503
-0.014355
0.005716
0.018168
0.029197
0.051781
0.084048
0.106971
0.103586
0.079571
0.050194
0.020356
-0.004012
-0.014918
-0.009437
0.014017
0.043923
0.057375
0.042168
0.003758
-0.037357
-0.058774
-0.059724
-0.058512
-0.063003
-0.064655
-0.057338
-0.046137
-0.040674
-0.045971
-0.056486
-0.058557
-0.046667
-0.030399
-0.017724
-0.004174
0.014237
0.035403
0.056935
0.073529
0.077021
0.063157
0.041282
0.030155
0.033679
0.036999
0.027058
0.005838
-0.013517
-0.021399
-0.018289
-0.010017
-0.007719
-0.023953
-0.052979
-0.072072
-0.068306
-0.046926
-0.024592
-0.014972
-0.011831
-0.003480
0.001879
-0.007631
-0.020616
-0.015330
0.011769
0.040788
0.051291
0.042835
0.028828
0.020139
0.019774
0.023725
0.021550
0.008422
-0.007505
-0.016285
-0.015866
-0.014216
-0.021559
-0.040436
-0.064571
-0.079105
-0.073777
-0.055817
-0.036281
-0.015599
0.007247
0.019256
0.005704
-0.026158
-0.055725
-0.072618
-0.080531
-0.082976
-0.070701
-0.032892
0.022706
0.075574
0.113617
0.135815
0.138893
0.115031
0.061731
-0.008612
-0.067113
-0.092677
-0.097535
-0.098570
-0.086351
-0.052296
-0.009686
0.020483
0.024883
0.006457
-0.024585
-0.061571
-0.090031
-0.094347
-0.083541
-0.079490
-0.088773
-0.104422
-0.112927
-0.097887
-0.053217
0.016201
0.092154
0.146225
0.165335
0.144341
0.072741
-0.022645
-0.084809
-0.099140
-0.068465
0.005895
0.060512
0.037405
-0.024846
-0.069325
-0.084980
-0.071464
-0.021534
0.058071
0.133995
0.169745
0.163242
0.139024
0.112941
0.084477
0.049126
0.010434
-0.021501
-0.041095
-0.054783
-0.072172
-0.093494
-0.107046
-0.089594
-0.028434
0.046620
0.085479
0.079770
0.056136
0.020090
-0.040463
-0.107544
-0.142482
-0.144228
-0.143941
-0.152846
-0.155638
-0.138341
-0.100197
-0.054412
-0.015771
0.028651
0.090900
0.145305
0.174426
0.184236
0.171109
0.130869
0.069362
-0.013167
-0.085615
-0.113903
-0.140674
-0.176171
-0.155897
-0.080677
-0.013490
0.026755
0.055403
0.072407
0.072568
0.054083
0.015857
-0.031716
-0.063182
-0.066154
-0.057222
-0.045894
-0.012294
0.051525
0.104560
0.099742
0.046157
-0.009730
-0.036520
-0.033976
-0.023173
-0.015751
-0.005351
0.011714
0.034215
0.053890
0.058574
0.044874
0.012981
-0.028834
-0.064949
-0.079975
-0.049280
0.030049
0.107414
0.136118
0.122489
0.082935
0.016120
-0.066645
-0.144952
-0.213558
-0.276412
-0.322068
-0.313584
-0.220530
-0.076354
0.041039
0.116240
0.176774
0.211583
0.203546
0.162977
0.105018
0.035436
-0.039445
-0.106691
-0.152555
-0.167382
-0.147567
-0.085930
-0.003870
0.024902
-0.015995
-0.053395
-0.047597
-0.020818
0.003726
0.022985
0.039851
0.056543
0.076935
0.093548
0.095908
0.088216
0.073413
0.042309
-0.005539
-0.044190
-0.045934
-0.015807
0.018517
0.043301
0.064627
0.084226
0.099189
0.116978
0.138308
0.145007
0.120884
0.074140
0.036824
0.031589
0.049465
0.068362
0.074329
0.064512
0.046163
0.026628
0.005667
-0.013043
-0.009994
0.043209
0.150532
0.257924
0.287589
0.239915
0.182128
0.129215
0.064012
0.009155
-0.015105
-0.021796
-0.025996
-0.027346
-0.014280
0.026012
0.099184
0.191072
0.253790
0.254785
0.224069
0.198956
0.177989
0.144799
0.094017
0.036830
-0.008642
-0.031596
-0.033180
-0.021268
-0.001513
0.026157
0.056490
0.081495
0.098142
0.094501
0.059014
0.005025
-0.037799
-0.051990
-0.037684
0.001074
0.060135
0.126041
0.164288
0.145904
0.079111
-0.003654
-0.059329
-0.058345
-0.007543
0.071491
0.144151
0.175994
0.178076
0.171971
0.149649
0.109946
0.078792
0.075242
0.090785
0.106971
0.106175
0.081572
0.041940
-0.000462
-0.034435
-0.049265
-0.046100
-0.044809
-0.058175
-0.068344
-0.050319
-0.011938
0.005525
-0.024259
-0.073222
-0.083645
-0.028675
0.054475
0.108066
0.124370
0.136332
0.152766
0.147867
0.109214
0.050982
-0.009573
-0.063144
-0.104649
-0.122654
-0.106151
-0.067499
-0.039559
-0.039154
-0.051013
-0.058272
-0.056018
-0.027972
0.040464
0.113088
0.123501
0.066917
0.003045
-0.039763
-0.082096
-0.137395
-0.189850
-0.211473
-0.196187
-0.165378
-0.139930
-0.116544
-0.089097
-0.074200
-0.075577
-0.077957
-0.083098
-0.101835
-0.138393
-0.182858
-0.207640
-0.191956
-0.126989
-0.009586
0.111336
0.162818
0.161317
0.154901
0.133361
0.093256
0.061742
0.042644
0.016215
-0.021216
-0.056687
-0.075783
-0.069595
-0.049305
-0.034341
-0.018366
0.023939
0.089372
0.124964
0.105212
0.075173
0.059583
0.039072
0.002871
-0.037818
-0.058316
-0.048963
-0.022566
0.010249
0.042450
0.057773
0.053733
0.055365
0.085363
0.134268
0.155867
0.126123
0.086412
0.079877
0.100879
0.124732
0.129597
0.098770
0.038627
-0.016675
-0.037122
-0.035958
-0.047158
-0.071803
-0.085209
-0.070587
-0.030849
0.010599
0.028126
0.024562
0.024865
0.039798
0.055856
0.050380
0.015912
-0.031950
-0.079493
-0.122337
-0.153525
-0.174931
-0.199926
-0.212315
-0.170063
-0.071096
0.016296
0.032210
0.016320
0.013037
-0.002084
-0.032248
-0.048364
-0.049628
-0.056269
-0.072644
-0.086312
-0.089453
-0.084421
-0.078072
-0.077938
-0.084315
-0.083066
-0.057615
-0.016026
-0.001077
-0.044023
-0.111856
-0.149460
-0.144930
-0.115708
-0.080594
-0.056512
-0.044088
-0.024956
0.008233
0.036066
0.044745
0.047511
0.060934
0.084311
0.099854
0.090174
0.056824
0.017379
-0.012748
-0.033471
-0.051729
-0.069433
-0.088071
-0.107608
-0.117818
-0.103680
-0.060063
-0.003209
0.033621
0.032293
0.018718
0.025927
0.045592
0.047825
0.023895
-0.007304
-0.025409
-0.028343
-0.030336
-0.039943
-0.050350
-0.049167
-0.024461
0.022447
0.072930
0.106947
0.117762
0.105364
0.075045
0.044058
0.017071
-0.013306
-0.041012
-0.057317
-0.054391
-0.021296
0.040199
0.115922
0.187402
0.222103
0.196884
0.137944
0.087385
0.051330
0.009271
-0.049100
-0.108661
-0.142831
-0.139046
-0.101782
-0.044150
0.008653
0.044194
0.073013
0.097148
0.112819
0.127551
0.143324
0.149192
0.134277
0.094358
0.035647
-0.024562
-0.067589
-0.086729
-0.083686
-0.060857
-0.025145
0.012524
0.050304
0.094034
0.126329
0.115593
0.066363
0.009207
-0.034265
-0.056417
-0.064073
-0.057122
-0.020485
0.041032
0.093727
0.112179
0.098781
0.066576
0.023269
-0.024155
-0.060909
-0.075989
-0.068370
-0.033812
0.028284
0.083752
0.088856
0.057984
0.032156
0.016580
0.003052
-0.012007
-0.034956
-0.065180
-0.094828
-0.114622
-0.111322
-0.075000
-0.010451
0.055370
0.076455
0.040124
-0.004111
-0.020257
-0.028502
-0.053794
-0.093150
-0.124952
-0.131558
-0.119505
-0.108775
-0.108229
-0.113908
-0.120315
-0.120813
-0.112301
-0.098484
-0.078370
-0.049828
-0.020339
-0.003114
0.002856
0.011927
0.022083
0.017554
-0.001811
-0.023103
-0.041110
-0.056462
-0.072098
-0.087208
-0.088616
-0.070902
-0.052725
-0.055541
-0.079366
-0.103670
-0.109656
-0.099142
-0.089923
-0.095193
-0.104824
-0.098129
-0.074059
-0.048248
-0.031060
-0.023614
-0.022133
-0.021297
-0.020232
-0.025117
-0.039674
-0.053311
-0.051927
-0.040555
-0.032595
-0.030965
-0.031982
-0.028807
-0.014954
0.009173
0.032262
0.041095
0.037503
0.035895
0.041755
0.044547
0.035662
0.021129
0.011411
0.010786
0.015907
0.015662
0.002363
-0.016172
-0.030011
-0.043113
-0.060556
-0.075882
-0.077869
-0.060586
-0.029820
0.002381
0.027284
0.039553
0.041174
0.043352
0.056225
0.079492
0.102272
0.115174
0.112417
0.090912
0.059394
0.030531
0.012787
0.011456
0.021121
0.027050
0.021735
0.010461
0.000046
-0.002511
0.011848
0.039811
0.062359
0.064367
0.046818
0.025059
0.014638
0.016685
0.022354
0.024508
0.029041
0.051245
0.088956
0.115454
0.117137
0.103239
0.078116
0.045550
0.014855
-0.011858
-0.032510
-0.039733
-0.033984
-0.024796
-0.021842
-0.027314
-0.035508
-0.039275
-0.038246
-0.040154
-0.049140
-0.059608
-0.060159
-0.048420
-0.044009
-0.064395
-0.091851
-0.094719
-0.062430
-0.009030
0.035433
0.055477
0.065093
0.076001
0.073077
0.038216
-0.017859
-0.071676
-0.110272
-0.127835
-0.118872
-0.084453
-0.043498
-0.017627
-0.006178
0.001717
0.003338
-0.008679
-0.029877
-0.050412
-0.066815
-0.077114
-0.076343
-0.063225
-0.041455
-0.018438
0.001329
0.025527
0.052375
0.065713
0.064433
0.054697
0.038791
0.021521
0.001417
-0.020259
-0.031206
-0.026065
-0.008329
0.014859
0.031864
0.036673
0.031360
0.016446
-0.006122
-0.027674
-0.040574
-0.046662
-0.050339
-0.048825
-0.040054
-0.032437
-0.035439
-0.046207
-0.052030
-0.042188
-0.018365
0.007563
0.025958
0.036176
0.043417
0.051224
0.057909
0.058781
0.052043
0.046436
0.052031
0.065895
0.078273
0.085236
0.083803
0.069692
0.054604
0.054178
0.058743
0.049875
0.031044
0.020113
0.024000
0.032799
0.034988
0.030664
0.029411
0.036363
0.045464
0.046787
0.039946
0.038277
0.048188
0.060412
0.067456
0.070993
0.073989
0.073008
0.063791
0.046099
0.021916
-0.002636
-0.018804
-0.023146
-0.023989
-0.033032
-0.049735
-0.061056
-0.058273
-0.041744
-0.017164
0.004064
0.015146
0.019910
0.021243
0.008932
-0.018460
-0.036357
-0.032175
-0.024006
-0.030351
-0.050666
-0.069096
-0.070760
-0.055711
-0.036381
-0.020913
-0.007071
0.004992
0.015047
0.025758
0.031061
0.022965
0.004970
-0.012548
-0.024457
-0.033703
-0.042489
-0.050089
-0.058560
-0.068974
-0.077863
-0.082506
-0.080792
-0.071976
-0.062236
-0.061369
-0.068548
-0.071254
-0.066824
-0.063360
-0.061159
-0.057603
-0.054465
-0.050817
-0.044908
-0.041989
-0.045860
-0.050216
-0.050232
-0.048518
-0.049674
-0.056448
-0.064351
-0.064542
-0.059072
-0.057586
-0.062251
-0.068485
-0.072656
-0.076211
-0.081615
-0.088262
-0.093571
-0.099660
-0.105113
-0.101983
-0.094294
-0.090442
-0.091522
-0.095768
-0.098343
-0.094256
-0.083816
-0.066525
-0.036765
-0.000966
0.019291
0.020826
0.020151
0.019899
0.013172
0.001649
-0.009800
-0.019323
-0.022565
-0.017485
-0.008809
0.001704
0.009709
0.007702
-0.000667
-0.004975
-0.002543
-0.002985
-0.016610
-0.038826
-0.055048
-0.058449
-0.055237
-0.054770
-0.061059
-0.068031
-0.064722
-0.051697
-0.041296
-0.036615
-0.028028
-0.016540
-0.015853
-0.029925
-0.046605
-0.052775
-0.048215
-0.038556
-0.024236
-0.010362
-0.002853
0.004397
0.015904
0.029494
0.047149
0.065954
0.077994
0.084503
0.090058
0.096363
0.100617
0.100030
0.092260
0.074594
0.052156
0.033919
0.019241
0.005934
0.000671
0.005998
0.020189
0.039242
0.053089
0.059303
0.065596
0.071172
0.071580
0.070431
0.070050
0.068959
0.067360
0.066489
0.064859
0.058157
0.045581
0.034838
0.030155
0.029364
0.031973
0.037271
0.045493
0.052821
0.051624
0.039321
0.026539
0.027821
0.038966
0.045070
0.044575
0.046684
0.052382
0.056505
0.057554
0.055945
0.053413
0.053815
0.058349
0.063237
0.065594
0.067135
0.067398
0.063946
0.058803
0.052895
0.041532
0.025308
0.013975
0.009164
0.005411
0.004715
0.011145
0.019936
0.026148
0.032706
0.037029
0.034608
0.033281
0.041805
0.054538
0.059804
0.055044
0.043733
0.028671
0.013977
0.009085
0.020610
0.039382
0.051452
0.056994
0.062017
0.059567
0.044743
0.028436
0.021772
0.025529
0.036513
0.054757
0.074990
0.085624
0.083315
0.072331
0.056839
0.043139
0.037177
0.037593
0.037438
0.032847
0.024291
0.014543
0.008963
0.012395
0.024061
0.039069
0.052205
0.057720
0.052641
0.039857
0.027010
0.018176
0.012007
0.008165
0.003672
-0.005722
-0.019011
-0.033780
-0.046216
-0.052111
-0.052287
-0.049609
-0.047931
-0.048547
-0.047361
-0.042561
-0.038020
-0.036624
-0.036557
-0.038893
-0.045765
-0.053311
-0.057489
-0.062356
-0.071057
-0.078294
-0.084345
-0.091555
-0.094918
-0.091717
-0.085924
-0.078484
-0.065153
-0.047066
-0.030565
-0.022143
-0.022091
-0.023696
-0.024489
-0.031845
-0.051080
-0.071514
-0.083754
-0.090461
-0.088242
-0.071454
-0.049342
-0.033778
-0.025510
-0.027421
-0.040414
-0.053091
-0.058698
-0.059743
-0.058738
-0.056638
-0.053141
-0.047413
-0.038769
-0.029920
-0.025413
-0.024527
-0.024542
-0.026238
-0.028724
-0.028089
-0.022949
-0.015675
-0.008654
-0.006537
-0.012654
-0.020801
-0.025298
-0.027464
-0.030299
-0.034607
-0.039856
-0.046263
-0.053126
-0.055693
-0.049862
-0.040003
-0.034344
-0.036093
-0.039623
-0.037197
-0.028685
-0.021201
-0.020619
-0.023288
-0.024147
-0.023767
-0.023146
-0.021988
-0.018271
-0.010992
-0.003799
-0.000610
-0.000706
-0.002880
-0.007735
-0.014220
-0.019640
-0.021971
-0.020985
-0.016253
-0.007310
0.001281
0.004827
0.001783
-0.005778
-0.011281
-0.013177
-0.014884
-0.017046
-0.016725
-0.010024
0.004128
0.018964
0.027017
0.029915
0.032057
0.031731
0.023807
0.009916
-0.001507
-0.006359
-0.007551
-0.008171
-0.012223
-0.024023
-0.040874
-0.055066
-0.058460
-0.044211
-0.020760
-0.006021
0.000023
0.005921
0.008023
-0.001413
-0.016915
-0.024459
-0.019455
-0.007675
0.007013
0.022982
0.032721
0.034996
0.036679
0.034752
0.025007
0.013792
0.007099
0.004736
0.004039
0.005423
0.012704
0.027612
0.046649
0.061864
0.068298
0.066422
0.056275
0.043267
0.036304
0.033352
0.028374
0.020537
0.013439
0.011979
0.015086
0.019001
0.021369
0.019953
0.016596
0.014426
0.012257
0.006840
-0.000483
-0.005486
-0.008379
-0.009409
-0.007655
-0.002689
0.005550
0.015744
0.025881
0.032906
0.034787
0.033752
0.032746
0.032577
0.036119
0.045032
0.055815
0.061561
0.059052
0.054701
0.054079
0.053414
0.048997
0.044837
0.045870
0.050962
0.053772
0.051002
0.047114
0.045548
0.044793
0.042239
0.036655
0.027789
0.017857
0.010836
0.005948
0.002488
0.003468
0.008593
0.015665
0.024841
0.034161
0.039281
0.037843
0.032528
0.029717
0.030580
0.032056
0.033201
0.033630
0.034700
0.036730
0.035273
0.029716
0.026442
0.031423
0.042915
0.055144
0.065695
0.071312
0.068089
0.057013
0.042952
0.029277
0.015472
0.005359
0.005509
0.014104
0.025522
0.034317
0.035015
0.029032
0.021510
0.012098
-0.000625
-0.015630
-0.030528
-0.040421
-0.042118
-0.037664
-0.033702
-0.033845
-0.034655
-0.033626
-0.031647
-0.030331
-0.032539
-0.037198
-0.039209
-0.037628
-0.036176
-0.038105
-0.041831
-0.044328
-0.045544
-0.045588
-0.043545
-0.037309
-0.026046
-0.015791
-0.011322
-0.009944
-0.010034
-0.011621
-0.013569
-0.017893
-0.025524
-0.033485
-0.041482
-0.049536
-0.056969
-0.063523
-0.067331
-0.068340
-0.069371
-0.071243
-0.071569
-0.068648
-0.061412
-0.050571
-0.038465
-0.025844
-0.015536
-0.009926
-0.007156
-0.006873
-0.011512
-0.021169
-0.033289
-0.045735
-0.054278
-0.055475
-0.051481
-0.045449
-0.035932
-0.021212
-0.006039
0.004446
0.011658
0.015189
0.009249
-0.003373
-0.014541
-0.022615
-0.027267
-0.024972
-0.016652
-0.010510
-0.008913
-0.007249
-0.004414
-0.001651
0.000764
0.002393
0.002743
0.002253
0.003273
0.006353
0.008264
0.006553
0.001925
-0.001720
-0.001832
-0.000136
0.001512
0.003455
0.005143
0.004484
0.002243
0.001944
0.006319
0.015310
0.025112
0.031674
0.035873
0.041163
0.046058
0.045258
0.040298
0.037647
0.037962
0.039334
0.040235
0.036844
0.029628
0.023946
0.021306
0.020519
0.022766
0.029373
0.038386
0.047722
0.056503
0.063237
0.066769
0.065077
0.058765
0.050955
0.044261
0.039683
0.035753
0.032643
0.031478
0.031640
0.030635
0.030071
0.034052
0.040577
0.047127
0.054499
0.060837
0.063171
0.062642
0.060969
0.058856
0.058361
0.059667
0.060385
0.057616
0.051687
0.047359
0.046770
0.048743
0.050582
0.048624
0.043829
0.041063
0.042360
0.044601
0.045506
0.046663
0.048366
0.047321
0.040719
0.030845
0.022038
0.016183
0.013331
0.012812
0.012220
0.009473
0.007044
0.008724
0.013007
0.013855
0.009029
0.002239
-0.004551
-0.011389
-0.017000
-0.021119
-0.022642
-0.019985
-0.014011
-0.006424
-0.001354
-0.001263
-0.001925
0.001636
0.006794
0.005913
-0.002253
-0.011695
-0.018084
-0.022494
-0.026189
-0.026914
-0.023425
-0.018269
-0.012636
-0.006677
-0.005245
-0.010778
-0.018469
-0.024670
-0.027720
-0.026391
-0.022613
-0.020253
-0.021019
-0.022850
-0.023437
-0.023616
-0.024676
-0.025342
-0.023849
-0.020926
-0.017173
-0.010575
-0.003490
0.000261
-0.000414
-0.008427
-0.021555
-0.033928
-0.044831
-0.051847
-0.047128
-0.028402
-0.006768
0.004018
0.004366
0.001056
-0.006086
-0.014978
-0.021083
-0.025411
-0.029680
-0.032390
-0.031080
-0.026226
-0.020005
-0.013051
-0.006014
0.000047
0.005866
0.011167
0.013632
0.013649
0.012596
0.010728
0.008617
0.007407
0.007541
0.009953
0.014864
0.018500
0.019053
0.017629
0.014566
0.010987
0.008966
0.007624
0.004448
0.000058
-0.003997
-0.009106
-0.016125
-0.020535
-0.019093
-0.015579
-0.014391
-0.014460
-0.012028
-0.006439
-0.002833
-0.006376
-0.013889
-0.018669
-0.020481
-0.021752
-0.019730
-0.014916
-0.012564
-0.012543
-0.012816
-0.013293
-0.014510
-0.017642
-0.022596
-0.025858
-0.025256
-0.024189
-0.025543
-0.027249
-0.025232
-0.018682
-0.011538
-0.006346
-0.003075
-0.003962
-0.010844
-0.021357
-0.031879
-0.039842
-0.040676
-0.032719
-0.020948
-0.008406
0.001577
0.005695
0.008133
0.010285
0.008058
0.002469
-0.002282
-0.006414
-0.010793
-0.012107
-0.008701
-0.002516
0.004483
0.010894
0.014217
0.012052
0.006644
0.003535
0.002968
-0.000428
-0.007865
-0.015297
-0.019517
-0.019046
-0.012692
-0.002963
0.003713
0.004590
0.001850
-0.000458
0.001073
0.004223
0.001970
-0.004309
-0.004839
0.000157
0.004273
0.008258
0.014715
0.022746
0.030277
0.035125
0.035756
0.033865
0.033120
0.033799
0.032838
0.030608
0.030117
0.029700
0.027044
0.024018
0.020380
0.014350
0.007286
0.000939
-0.003919
-0.005346
-0.001487
0.006126
0.014867
0.023446
0.031507
0.037704
0.039743
0.037347
0.031756
0.023844
0.014784
0.007714
0.003665
0.002456
0.006846
0.015651
0.023025
0.026782
0.029290
0.033277
0.036941
0.036824
0.034464
0.033101
0.032915
0.031966
0.031146
0.029726
0.025190
0.021719
0.020397
0.016426
0.010778
0.006816
0.004490
0.004677
0.007501
0.010925
0.013573
0.015732
0.019387
0.022689
0.020384
0.012425
0.005246
0.002029
-0.000023
-0.001243
-0.000143
0.002326
0.006856
0.015838
0.024951
0.026091
0.020337
0.016313
0.017684
0.020209
0.019357
0.015480
0.011042
0.008631
0.008339
0.006279
0.003008
0.001881
0.002945
0.004963
0.006053
0.006362
0.006562
0.005025
0.001649
-0.001866
-0.004446
-0.006341
-0.008561
-0.010567
-0.010325
-0.006059
0.000838
0.006515
0.010196
0.011006
0.009028
0.007538
0.004824
-0.000429
-0.004402
-0.004981
-0.003369
-0.000400
0.004784
0.011956
0.018942
0.023310
0.023401
0.018732
0.011585
0.003316
-0.005745
-0.013753
-0.018747
-0.018605
-0.015713
-0.013247
-0.009244
-0.003930
-0.000506
0.000103
-0.000926
-0.003008
-0.005029
-0.004063
-0.001456
-0.001785
-0.006146
-0.012567
-0.019337
-0.026928
-0.034397
-0.038375
-0.037667
-0.033343
-0.028675
-0.025114
-0.019801
-0.012241
-0.004032
0.003368
0.004834
-0.003633
-0.016157
-0.023778
-0.024710
-0.023391
-0.022809
-0.021068
-0.017227
-0.015238
-0.019054
-0.026774
-0.033439
-0.036327
-0.036613
-0.034901
-0.029682
-0.022185
-0.013328
-0.004641
-0.000437
-0.000525
-0.002564
-0.007051
-0.012073
-0.014018
-0.012388
-0.010886
-0.014005
-0.018980
-0.020852
-0.020023
-0.017667
-0.014012
-0.009409
-0.004737
-0.003488
-0.008550
-0.015866
-0.018725
-0.017923
-0.017909
-0.018661
-0.018742
-0.018473
-0.018945
-0.020067
-0.022056
-0.025625
-0.029022
-0.030332
-0.029767
-0.026957
-0.020003
-0.011120
-0.005029
-0.001382
0.000745
-0.001788
-0.009155
-0.016744
-0.021804
-0.024112
-0.023102
-0.018495
-0.013003
-0.010417
-0.010244
-0.010125
-0.010940
-0.013123
-0.015405
-0.017740
-0.020056
-0.021774
-0.021057
-0.017561
-0.013982
-0.010576
-0.006732
-0.005390
-0.008371
-0.013679
-0.017451
-0.017087
-0.013641
-0.008668
-0.001739
0.005657
0.009378
0.008735
0.006232
0.003932
0.002844
0.001591
-0.003096
-0.010111
-0.014678
-0.014503
-0.010277
-0.004211
0.002514
0.009613
0.015445
0.018902
0.020530
0.019792
0.017732
0.016336
0.015558
0.016349
0.018209
0.017913
0.014007
0.008726
0.004985
0.003476
0.005722
0.013478
0.024460
0.034801
0.041948
0.044863
0.044013
0.041006
0.036016
0.028213
0.019823
0.013011
0.007853
0.005608
0.006929
0.010651
0.017245
0.025354
0.031397
0.034900
0.036357
0.036649
0.037327
0.036678
0.032998
0.028845
0.025976
0.022985
0.019136
0.015497
0.013356
0.012100
0.010376
0.010237
0.012146
0.012457
0.011340
0.011964
0.013449
0.014142
0.015836
0.016896
0.013892
0.009137
0.004945
0.000165
-0.006218
-0.012571
-0.015903
-0.016140
-0.014712
-0.011166
-0.005887
-0.001578
-0.000441
-0.003329
-0.008589
-0.013532
-0.016841
-0.018842
-0.020136
-0.019335
-0.017198
-0.015755
-0.013467
-0.010431
-0.010028
-0.012253
-0.015515
-0.020104
-0.025006
-0.030247
-0.035229
-0.035944
-0.032824
-0.029169
-0.024397
-0.018787
-0.015102
-0.013985
-0.014701
-0.016604
-0.018800
-0.022194
-0.027847
-0.032643
-0.033929
-0.033918
-0.034679
-0.035866
-0.036942
-0.038060
-0.038951
-0.037840
-0.034763
-0.030406
-0.024765
-0.019582
-0.016272
-0.015756
-0.018759
-0.024271
-0.028921
-0.031373
-0.033789
-0.036704
-0.039593
-0.041577
-0.039627
-0.033030
-0.026920
-0.024524
-0.022884
-0.020334
-0.019350
-0.020502
-0.020340
-0.019926
-0.022860
-0.026744
-0.028820
-0.028905
-0.027858
-0.025607
-0.020837
-0.015798
-0.012915
-0.010814
-0.008806
-0.007943
-0.008089
-0.008531
-0.009394
-0.009996
-0.010185
-0.010864
-0.011916
-0.013570
-0.015102
-0.014070
-0.011116
-0.008452
-0.005996
-0.003897
-0.002025
0.000058
0.001420
0.001800
0.001874
0.002539
0.004787
0.007885
0.011308
0.015978
0.020950
0.024759
0.027159
0.026804
0.023135
0.019223
0.017140
0.016450
0.018103
0.022870
0.028016
0.030763
0.032023
0.033752
0.036320
0.038423
0.038863
0.038333
0.039296
0.042270
0.043239
0.040057
0.035103
0.030556
0.026681
0.022484
0.018278
0.015886
0.016453
0.019812
0.024392
0.029256
0.034882
0.040327
0.043014
0.043682
0.043996
0.041694
0.036214
0.029494
0.023794
0.021351
0.022173
0.024640
0.027105
0.029545
0.031960
0.032972
0.031414
0.028379
0.025665
0.021992
0.016776
0.012217
0.010398
0.012090
0.015478
0.018064
0.019077
0.019277
0.019612
0.018423
0.014807
0.011789
0.010709
0.010285
0.008660
0.005476
0.004015
0.003722
0.000799
-0.002743
-0.003994
-0.001813
0.004025
0.009922
0.014832
0.020239
0.023844
0.025272
0.027205
0.026985
0.021823
0.014924
0.007996
0.000812
-0.005333
-0.009532
-0.010967
-0.008861
-0.005595
-0.003135
0.000583
0.004852
0.007208
0.008437
0.008705
0.006606
0.002100
-0.002732
-0.006058
-0.007487
-0.006216
-0.002292
0.001099
0.001976
0.001383
0.000007
-0.002024
-0.004557
-0.005441
-0.003007
0.000664
0.003614
0.004968
0.003394
-0.001148
-0.004726
-0.004525
-0.003068
-0.001502
0.001513
0.005138
0.008248
0.011333
0.013212
0.011950
0.008191
0.003118
-0.003890
-0.012572
-0.019410
-0.021225
-0.018082
-0.013519
-0.012182
-0.014784
-0.018574
-0.022916
-0.028033
-0.031333
-0.033558
-0.035413
-0.032828
-0.027277
-0.023560
-0.021356
-0.018882
-0.016686
-0.015183
-0.015097
-0.017597
-0.020865
-0.023173
-0.024611
-0.024360
-0.021472
-0.015940
-0.009842
-0.006156
-0.005165
-0.006253
-0.008780
-0.011209
-0.012854
-0.014053
-0.014181
-0.012744
-0.012591
-0.016117
-0.020497
-0.022427
-0.021670
-0.018524
-0.014040
-0.009868
-0.005402
0.000438
0.005609
0.008530
0.009721
0.008723
0.006223
0.004101
0.001934
-0.000192
-0.001438
-0.003718
-0.006663
-0.007302
-0.005657
-0.002583
0.001616
0.006461
0.011352
0.014401
0.014751
0.013531
0.010594
0.005908
0.001630
-0.000721
-0.002277
-0.004814
-0.007961
-0.009080
-0.006388
-0.003827
-0.006497
-0.011278
-0.012633
-0.011119
-0.009769
-0.010112
-0.011925
-0.013358
-0.012435
-0.009265
-0.006507
-0.005904
-0.006628
-0.008669
-0.011018
-0.011277
-0.010172
-0.008990
-0.007463
-0.004012
0.002648
0.009815
0.014480
0.017341
0.018438
0.015742
0.009995
0.005259
0.005114
0.008534
0.010872
0.011220
0.011217
0.009432
0.006152
0.005021
0.006103
0.007483
0.009767
0.012043
0.012382
0.011452
0.009667
0.006896
0.004294
0.003637
0.006648
0.012145
0.017094
0.020981
0.023400
0.023342
0.021377
0.018124
0.014212
0.011140
0.010003
0.009440
0.007587
0.004177
-0.001187
-0.007257
-0.011691
-0.014586
-0.015512
-0.014009
-0.012310
-0.011597
-0.010690
-0.009124
-0.009320
-0.011992
-0.013386
-0.011112
-0.006850
-0.003586
-0.002497
-0.002915
-0.004792
-0.008495
-0.013038
-0.016904
-0.019006
-0.019408
-0.018873
-0.017192
-0.014067
-0.009625
-0.004046
0.000903
0.002804
0.003295
0.003537
0.000813
-0.004681
-0.011059
-0.017120
-0.021224
-0.023835
-0.026409
-0.026874
-0.022666
-0.015574
-0.008711
-0.003105
0.000795
0.001523
-0.000761
-0.004647
-0.010242
-0.015316
-0.017242
-0.019187
-0.023059
-0.025515
-0.025180
-0.023593
-0.021604
-0.019450
-0.017642
-0.016521
-0.015576
-0.014383
-0.013836
-0.014803
-0.016513
-0.017949
-0.017619
-0.014876
-0.013435
-0.014626
-0.015282
-0.014999
-0.013631
-0.010557
-0.007975
-0.006371
-0.003083
0.001455
0.004234
0.004321
0.001214
-0.004154
-0.009499
-0.014214
-0.017189
-0.015973
-0.011486
-0.008235
-0.006234
-0.002693
-0.000083
0.000219
0.001893
0.006158
0.010075
0.010705
0.008413
0.005393
0.003633
0.003867
0.004384
0.004257
0.005041
0.007265
0.008454
0.007737
0.006792
0.004076
-0.001744
-0.006026
-0.005627
-0.004249
-0.004340
-0.003989
-0.002740
-0.001807
-0.001908
-0.003838
-0.006707
-0.007769
-0.006271
-0.004330
-0.002997
-0.001155
0.001490
0.004324
0.005663
0.004800
0.003962
0.003661
0.002626
0.000771
-0.000505
-0.000090
-0.000160
-0.001696
-0.002636
-0.002156
-0.000165
0.002808
0.005670
0.007817
0.009257
0.009580
0.007814
0.005600
0.005076
0.004756
0.003567
0.003561
0.005514
0.007851
0.009625
0.010228
0.009172
0.007161
0.006001
0.006192
0.006433
0.005951
0.004461
0.002852
0.002340
0.002257
0.001721
0.001991
0.003742
0.004695
0.002953
0.000329
0.000218
0.001328
-0.000483
-0.003565
-0.004163
-0.004047
-0.004916
-0.005304
-0.005680
-0.005617
-0.002274
0.002428
0.004551
0.005569
0.007277
0.007311
0.005335
0.003565
0.001982
0.000548
-0.001473
-0.005719
-0.010174
-0.012424
-0.012284
-0.009983
-0.006828
-0.003301
0.001274
0.005485
0.008065
0.010656
0.013132
0.013065
0.011739
0.011280
0.010168
0.007023
0.003736
0.001471
-0.001333
-0.004307
-0.004592
-0.001447
0.002079
0.003934
0.005040
0.005668
0.004778
0.003185
0.004020
0.006749
0.007696
0.008032
0.009834
0.010529
0.009644
0.009000
0.007971
0.007290
0.008036
0.008604
0.008679
0.008811
0.008262
0.006926
0.005684
0.005971
0.009187
0.013870
0.017637
0.020078
0.020094
0.018239
0.017025
0.015201
0.010766
0.005313
0.001329
-0.000941
-0.001962
0.000076
0.004824
0.008637
0.011569
0.014609
0.014974
0.011520
0.006720
0.002633
-0.000969
-0.004714
-0.007437
-0.008059
-0.007702
-0.006504
-0.003433
-0.000290
0.001192
0.002167
0.003680
0.004987
0.004716
0.003559
0.003125
0.003201
0.003033
0.001133
-0.002713
-0.006634
-0.008972
-0.008558
-0.007051
-0.005995
-0.003682
0.000149
0.003321
0.005605
0.007504
0.008117
0.007899
0.007670
0.006701
0.005222
0.004018
0.001770
-0.002248
-0.007241
-0.012009
-0.014786
-0.014148
-0.009560
-0.003633
-0.000160
0.000941
0.001446
0.000567
-0.002629
-0.006862
-0.010993
-0.013561
-0.013932
-0.014723
-0.016403
-0.016206
-0.015438
-0.016629
-0.017323
-0.016389
-0.015433
-0.013114
-0.008376
-0.004008
-0.002788
-0.004307
-0.007663
-0.012879
-0.017870
-0.020832
-0.023350
-0.024730
-0.021491
-0.015560
-0.011269
-0.008154
-0.005468
-0.004041
-0.004508
-0.006902
-0.008532
-0.007669
-0.005708
-0.003431
-0.000762
0.001750
0.002529
0.001117
-0.000291
-0.000680
-0.001961
-0.004102
-0.004063
-0.002315
-0.001314
-0.000885
-0.000969
-0.000340
0.001487
0.002612
0.004497
0.007880
0.009540
0.009110
0.007706
0.004547
0.000508
-0.003171
-0.004194
-0.000117
0.005106
0.007571
0.009012
0.011274
0.014296
0.016590
0.016965
0.016749
0.017248
0.017915
0.017976
0.017088
0.015465
0.014160
0.013932
0.014853
0.016316
0.017264
0.017378
0.016246
0.012951
0.009549
0.009298
0.010387
0.011002
0.011893
0.012103
0.012016
0.012411
0.013324
0.015700
0.017963
0.018089
0.016268
0.013372
0.011426
0.011534
0.012415
0.013801
0.017419
0.022032
0.025055
0.027291
0.027310
0.023864
0.021490
0.021148
0.019173
0.015333
0.011913
0.009631
0.008508
0.009912
0.013325
0.017166
0.020568
0.022472
0.023209
0.022725
0.021187
0.019611
0.017802
0.016390
0.015738
0.014351
0.013141
0.015204
0.019774
0.023277
0.024424
0.023980
0.022873
0.021742
0.020286
0.017528
0.014106
0.011556
0.009907
0.008385
0.006424
0.004523
0.003720
0.003698
0.003584
0.003098
0.002656
0.002574
0.002848
0.003943
0.005172
0.004763
0.002801
0.000222
-0.002218
-0.003073
-0.003129
-0.004578
-0.006654
-0.007606
-0.007500
-0.007018
-0.006219
-0.004701
-0.002074
0.001863
0.005121
0.005041
0.002296
-0.000819
-0.003455
-0.006440
-0.009421
-0.011455
-0.012233
-0.011375
-0.009142
-0.006725
-0.006044
-0.007017
-0.007913
-0.007214
-0.005355
-0.003919
-0.001946
0.000197
-0.000740
-0.004451
-0.007357
-0.009157
-0.011929
-0.014792
-0.015364
-0.014721
-0.015169
-0.015774
-0.014334
-0.011053
-0.007502
-0.003213
0.001562
0.004802
0.007448
0.010553
0.012013
0.010873
0.008214
0.004281
-0.000165
-0.003002
-0.004776
-0.006791
-0.006576
-0.002949
0.001739
0.005986
0.009616
0.011362
0.009301
0.004757
0.001213
-0.000918
-0.003916
-0.006809
-0.007211
-0.006713
-0.006486
-0.006307
-0.006873
-0.008098
-0.009382
-0.010186
-0.010260
-0.009790
-0.009019
-0.008134
-0.007533
-0.008009
-0.009771
-0.012067
-0.013626
-0.014281
-0.014839
-0.015138
-0.014406
-0.012131
-0.010044
-0.010008
-0.010192
-0.009579
-0.009891
-0.011957
-0.014727
-0.016499
-0.016204
-0.014851
-0.014124
-0.013425
-0.013051
-0.013123
-0.012068
-0.010755
-0.010670
-0.011626
-0.012471
-0.013065
-0.013184
-0.012372
-0.012247
-0.012110
-0.010696
-0.009325
-0.007339
-0.004368
-0.002584
-0.002548
-0.002157
-0.000732
-0.000362
-0.002220
-0.004744
-0.005633
-0.005938
-0.007720
-0.010034
-0.010828
-0.009114
-0.006566
-0.005190
-0.004097
-0.002414
-0.001741
-0.002287
-0.002230
-0.001453
-0.000654
-0.000448
-0.001856
-0.003350
-0.002123
0.000371
0.001172
0.001252
0.001967
0.002555
0.002305
0.001682
0.001923
0.002197
0.001182
0.000228
-0.000616
-0.002675
-0.004211
-0.004529
-0.005217
-0.005772
-0.005552
-0.005477
-0.006244
-0.007325
-0.007932
-0.008128
-0.007718
-0.006630
-0.004697
-0.001253
0.002034
0.003293
0.003891
0.004158
0.002999
0.001834
0.001369
0.001303
0.002519
0.003613
0.003766
0.004848
0.005585
0.004118
0.002389
0.002018
0.001935
0.000857
0.000097
0.001998
0.005408
0.008122
0.010982
0.014021
0.016142
0.017453
0.016240
0.011116
0.005239
0.001833
0.000959
0.000998
-0.001163
-0.006189
-0.009917
-0.009101
-0.004625
0.000616
0.004058
0.005040
0.003470
-0.000890
-0.006569
-0.013393
-0.021019
-0.023465
-0.018617
-0.012489
-0.007207
0.000630
0.009912
0.014941
0.013017
0.006142
-0.000133
-0.002831
-0.003622
-0.003079
-0.001741
-0.000170
0.002006
0.002293
-0.000710
-0.003786
-0.005363
-0.005370
-0.002928
0.000249
0.002981
0.006734
0.010043
0.010057
0.007441
0.003843
-0.000208
-0.004078
-0.006247
-0.005200
-0.001678
0.003600
0.010303
0.015896
0.020076
0.022397
0.019811
0.014721
0.010282
0.005378
0.000629
-0.001902
-0.001525
0.000588
0.003117
0.006056
0.009540
0.012950
0.015163
0.015885
0.014588
0.011241
0.007753
0.004733
0.002159
0.000055
-0.001246
-0.001450
-0.001604
-0.001522
0.000171
0.003956
0.007936
0.010778
0.013268
0.013980
0.011115
0.007737
0.006759
0.005618
0.003049
0.002134
0.003448
0.003979
0.002526
-0.000491
-0.004609
-0.007319
-0.006706
-0.004417
-0.003440
-0.003499
-0.002890
-0.004276
-0.008406
-0.011559
-0.012240
-0.011734
-0.011509
-0.010340
-0.006830
-0.002886
-0.000833
-0.001616
-0.004278
-0.007143
-0.009931
-0.013098
-0.014629
-0.010690
-0.002933
0.002626
0.004933
0.005319
0.001107
-0.006488
-0.012155
-0.016637
-0.022265
-0.026270
-0.025653
-0.021993
-0.018936
-0.017007
-0.014009
-0.010015
-0.006568
-0.004216
-0.003282
-0.004250
-0.006373
-0.007359
-0.006630
-0.005638
-0.004930
-0.003962
-0.003618
-0.005237
-0.007961
-0.010311
-0.011761
-0.011743
-0.009659
-0.006847
-0.005186
-0.003680
-0.000155
0.003244
0.003853
0.004913
0.007259
0.007272
0.004622
0.001448
-0.000969
-0.003750
-0.007795
-0.010595
-0.010709
-0.009881
-0.008649
-0.006261
-0.004102
-0.003900
-0.004105
-0.002334
0.000601
0.003076
0.005054
0.006306
0.005389
0.001293
-0.003019
-0.003944
-0.003048
-0.003067
-0.003986
-0.003991
-0.002233
-0.000680
0.000055
0.000666
0.001237
0.003831
0.008156
0.010770
0.011365
0.011350
0.011550
0.012615
0.013850
0.013956
0.012979
0.011659
0.009743
0.006356
0.002726
0.000880
0.000164
0.000520
0.002265
0.003411
0.003646
0.003469
0.003228
0.005274
0.009226
0.011580
0.012231
0.012588
0.012311
0.011785
0.010983
0.010246
0.011167
0.012318
0.011055
0.008616
0.007866
0.008053
0.006681
0.004318
0.003364
0.004350
0.006237
0.008540
0.010629
0.011831
0.012713
0.013458
0.011956
0.007981
0.005382
0.004940
0.005184
0.005928
0.006006
0.006784
0.009680
0.011251
0.009102
0.006758
0.007421
0.008928
0.008741
0.007782
0.008417
0.011285
0.014570
0.016231
0.016414
0.015713
0.013962
0.012017
0.011623
0.012019
0.010538
0.007755
0.004845
0.000745
-0.003478
-0.005919
-0.006741
-0.005550
-0.002779
-0.000373
0.001740
0.003571
0.003520
0.001523
-0.000820
-0.002550
-0.003354
-0.003702
-0.005611
-0.007965
-0.007577
-0.006491
-0.007673
-0.009286
-0.009665
-0.010105
-0.010701
-0.010786
-0.010162
-0.009032
-0.009227
-0.011320
-0.013581
-0.014401
-0.013846
-0.013775
-0.014942
-0.015579
-0.014907
-0.014189
-0.013213
-0.011495
-0.010546
-0.009965
-0.008837
-0.008387
-0.008813
-0.009417
-0.009899
-0.009704
-0.008389
-0.007249
-0.007137
-0.007015
-0.006959
-0.007433
-0.008471
-0.009384
-0.009039
-0.008327
-0.007969
-0.005988
-0.002903
-0.002766
-0.004559
-0.003862
-0.001225
0.000031
0.000160
0.001070
0.002037
0.002470
0.002516
0.001991
0.001683
0.001915
0.002195
0.002928
0.004020
0.005380
0.006986
0.007172
0.005624
0.003811
0.002927
0.004005
0.006433
0.008736
0.010733
0.011454
0.010215
0.008688
0.008244
0.008727
0.008706
0.007723
0.007783
0.008526
0.008131
0.008466
0.010190
0.010403
0.010210
0.011711
0.011812
0.010354
0.010834
0.013146
0.014566
0.013208
0.010745
0.009231
0.007920
0.006720
0.006252
0.006167
0.006096
0.007132
0.009939
0.012396
0.013175
0.013008
0.011667
0.010567
0.012964
0.016502
0.016357
0.014478
0.014321
0.013748
0.011479
0.010160
0.010062
0.010123
0.011003
0.011441
0.009693
0.007189
0.004964
0.003025
0.001965
0.001722
0.002450
0.003948
0.004931
0.005945
0.007455
0.007141
0.005519
0.005049
0.005239
0.005012
0.004035
0.003587
0.004462
0.004266
0.002262
0.001085
0.001695
0.002342
0.002847
0.004134
0.004326
0.002193
-0.000017
-0.001455
-0.003144
-0.004182
-0.004106
-0.004076
-0.003397
-0.001733
-0.000493
0.000682
0.001527
0.000181
-0.002334
-0.004360
-0.005802
-0.004911
-0.001604
0.000448
0.000907
0.001219
-0.000045
-0.001680
-0.001386
-0.001347
-0.002970
-0.003584
-0.002048
-0.000418
0.000686
0.001852
0.001251
-0.001444
-0.003636
-0.005007
-0.005277
-0.003881
-0.002888
-0.002337
-0.000342
0.001908
0.002633
0.002559
0.002671
0.003066
0.003554
0.003903
0.004236
0.004989
0.005677
0.005238
0.003962
0.002732
0.001423
-0.000289
-0.001573
-0.002579
-0.004125
-0.005753
-0.007674
-0.008668
-0.006899
-0.004267
-0.002228
0.000262
0.003105
0.004892
0.005234
0.005035
0.004591
0.003440
0.001755
-0.000448
-0.003785
-0.006370
-0.006988
-0.008530
-0.010524
-0.009196
-0.006772
-0.006745
-0.007483
-0.008741
-0.009722
-0.008686
-0.008959
-0.010735
-0.010082
-0.008243
-0.007142
-0.006403
-0.006329
-0.006813
-0.008349
-0.011053
-0.013640
-0.015895
-0.017287
-0.017315
-0.017646
-0.017779
-0.016535
-0.015440
-0.013083
-0.009089
-0.007129
-0.006061
-0.003979
-0.003596
-0.004920
-0.005236
-0.005776
-0.008475
-0.011223
-0.012629
-0.013687
-0.014407
-0.014742
-0.016024
-0.017707
-0.017777
-0.016754
-0.015949
-0.015469
-0.014715
-0.013756
-0.013739
-0.015025
-0.016350
-0.016738
-0.017342
-0.018979
-0.020181
-0.019877
-0.019726
-0.020590
-0.021005
-0.020520
-0.019424
-0.018426
-0.017944
-0.015981
-0.012425
-0.010365
-0.010499
-0.011437
-0.012011
-0.011523
-0.011230
-0.011360
-0.010466
-0.009600
-0.008550
-0.005912
-0.004222
-0.003946
-0.003124
-0.003108
-0.003990
-0.004738
-0.005629
-0.006491
-0.007737
-0.008542
-0.007947
-0.006704
-0.004254
-0.001029
0.000810
0.001528
0.001857
0.000843
-0.001168
-0.002830
-0.004111
-0.005086
-0.005250
-0.005077
-0.005365
-0.004987
-0.003502
-0.003748
-0.004597
-0.002675
-0.001379
-0.001772
0.000636
0.004059
0.004970
0.006001
0.007537
0.007386
0.006826
0.006281
0.005054
0.004802
0.005953
0.006366
0.005715
0.005361
0.005344
0.005215
0.004658
0.004130
0.004705
0.005218
0.005560
0.007083
0.007468
0.006056
0.005510
0.006343
0.007726
0.009829
0.012382
0.012978
0.011595
0.010705
0.009930
0.008569
0.007940
0.007216
0.005597
0.005100
0.005495
0.005099
0.003565
0.002146
0.003211
0.005682
0.007374
0.008735
0.010207
0.011897
0.012859
0.012064
0.011133
0.011051
0.010573
0.010351
0.011645
0.012471
0.011629
0.011053
0.010423
0.008603
0.007412
0.006610
0.005547
0.006244
0.008479
0.009827
0.009440
0.008562
0.007404
0.005327
0.003572
0.002733
0.001265
-0.002017
-0.004838
-0.004207
-0.001851
0.000057
0.002602
0.005086
0.004507
0.002076
0.001928
0.003044
0.002124
0.000457
-0.000109
-0.000074
0.000068
-0.000507
-0.001473
-0.001020
0.000862
0.002384
0.002585
0.002455
0.002316
0.001209
-0.000887
-0.002904
-0.004068
-0.004755
-0.004904
-0.004470
-0.004380
-0.005538
-0.006979
-0.006591
-0.005725
-0.006567
-0.007305
-0.005423
-0.001985
0.000165
0.001020
0.002370
0.004402
0.005853
0.004989
0.002773
0.002721
0.004412
0.005198
0.005244
0.005758
0.006643
0.006922
0.006815
0.007088
0.007460
0.007617
0.007440
0.006371
0.005186
0.004803
0.003440
0.000415
-0.001724
-0.001245
0.000612
0.001921
0.002260
0.001710
0.000882
0.001087
0.002454
0.004477
0.006399
0.007507
0.006965
0.004172
0.001219
-0.000577
-0.003038
-0.005999
-0.006545
-0.004990
-0.003737
-0.002285
-0.000331
0.000081
-0.001433
-0.003419
-0.005523
-0.007770
-0.008528
-0.006450
-0.003855
-0.003478
-0.003213
-0.000558
0.000454
-0.002377
-0.004946
-0.006496
-0.007625
-0.006424
-0.004257
-0.003773
-0.003904
-0.002881
-0.001759
-0.002664
-0.004665
-0.004996
-0.003951
-0.004091
-0.006309
-0.008315
-0.006827
-0.003023
-0.001201
-0.002176
-0.003131
-0.002434
-0.001575
-0.002503
-0.004709
-0.005428
-0.003896
-0.002314
-0.002093
-0.002741
-0.003060
-0.003193
-0.004244
-0.005038
-0.004488
-0.004240
-0.004695
-0.003997
-0.002150
-0.001513
-0.002233
-0.002248
-0.001819
-0.002301
-0.002231
-0.000309
0.001928
0.003786
0.005715
0.006888
0.006072
0.003826
0.002403
0.001809
-0.000024
-0.002182
-0.002608
-0.002015
-0.000935
0.000587
0.000572
-0.000630
-0.000420
0.000462
0.000937
0.001041
0.000192
-0.000322
-0.000571
-0.002405
-0.004772
-0.005183
-0.003318
-0.001395
0.000188
0.002054
0.002882
0.003508
0.004935
0.005535
0.005043
0.003522
0.001652
0.001855
0.003301
0.003233
0.002499
0.003652
0.005857
0.005918
0.003662
0.002005
0.001736
0.000967
-0.000708
-0.001959
-0.001709
0.000055
0.002176
0.003006
0.002508
0.002159
0.002005
0.000949
-0.001053
-0.003070
-0.004659
-0.006435
-0.007531
-0.007062
-0.006956
-0.007630
-0.007541
-0.006887
-0.006532
-0.006369
-0.006244
-0.006315
-0.006606
-0.006467
-0.005255
-0.003380
-0.002540
-0.004214
-0.006254
-0.006875
-0.008027
-0.010061
-0.011334
-0.010280
-0.008090
-0.008133
-0.008614
-0.007395
-0.007163
-0.007091
-0.005214
-0.005197
-0.007716
-0.008269
-0.006848
-0.006977
-0.007874
-0.006950
-0.005181
-0.004352
-0.004381
-0.004868
-0.006593
-0.008763
-0.009263
-0.008817
-0.008718
-0.007857
-0.006334
-0.005263
-0.003229
-0.001424
-0.002464
-0.003965
-0.003742
-0.003627
-0.004242
-0.002864
0.000472
0.002344
0.001855
0.000396
-0.000873
-0.002078
-0.003606
-0.004570
-0.004677
-0.004343
-0.003198
-0.002114
-0.002031
-0.001264
0.000291
0.001776
0.003509
0.004903
0.006298
0.007379
0.006539
0.004660
0.004176
0.005668
0.007965
0.009834
0.010028
0.009910
0.011220
0.011437
0.010213
0.010616
0.012101
0.013002
0.014279
0.015954
0.017310
0.018155
0.016527
0.013079
0.011260
0.010867
0.010797
0.010894
0.010481
0.010763
0.012556
0.013949
0.014569
0.014884
0.013767
0.011576
0.010234
0.009233
0.006842
0.004972
0.005653
0.006383
0.005975
0.005859
0.005446
0.005046
0.005608
0.006244
0.006165
0.005596
0.005475
0.005246
0.004284
0.003084
0.002239
0.002555
0.003100
0.002827
0.002550
0.002845
0.004162
0.005820
0.006295
0.006238
0.005899
0.005207
0.005423
0.005975
0.005653
0.004619
0.003344
0.002766
0.003372
0.004787
0.006045
0.006706
0.007493
0.007749
0.007055
0.005898
0.004793
0.003652
0.001454
-0.000081
-0.000518
-0.001426
-0.000885
0.001006
0.001061
-0.000059
0.000076
0.000698
-0.000127
-0.001785
-0.002082
-0.001245
-0.001098
-0.002081
-0.003837
-0.004740
-0.003669
-0.002282
-0.001203
0.000291
0.000906
0.000590
0.002019
0.003775
0.002895
0.001386
0.000433
-0.000678
-0.001697
-0.002360
-0.002117
-0.001563
-0.001152
-0.000837
-0.000702
-0.000366
-0.000745
-0.001208
-0.000041
0.000757
-0.000044
0.000371
0.002593
0.003278
0.002194
0.002319
0.002614
0.000261
-0.003053
-0.004658
-0.004901
-0.004451
-0.002933
-0.000944
-0.000124
0.000588
0.003330
0.005616
0.004880
0.004064
0.005133
0.005867
0.004558
0.001541
-0.000357
-0.000360
-0.000457
0.000248
0.000867
0.000185
0.001027
0.002646
0.002192
0.002261
0.004545
0.005107
0.003697
0.003806
0.004750
0.004356
0.002880
0.002087
0.002740
0.003281
0.002377
0.000577
-0.000429
0.000199
0.001693
0.002848
0.003387
0.003679
0.003202
0.002775
0.002889
0.002313
0.001360
0.000321
-0.000309
0.000732
0.002462
0.002731
0.002007
0.003221
0.006549
0.008137
0.007831
0.008251
0.007626
0.005202
0.003043
0.001181
-0.000389
-0.000292
0.000984
0.002024
0.003998
0.006747
0.007291
0.006161
0.006270
0.006452
0.005076
0.004231
0.004204
0.002737
0.000311
-0.000787
-0.001250
-0.002347
-0.002596
-0.002679
-0.003638
-0.003844
-0.004071
-0.004722
-0.003206
-0.001302
-0.002248
-0.003498
-0.003462
-0.003630
-0.003510
-0.002584
-0.002187
-0.002811
-0.003062
-0.002575
-0.002173
-0.001233
0.000254
0.000345
-0.000612
-0.000562
0.000026
-0.000280
-0.001034
-0.000790
-0.000705
-0.002260
-0.002981
-0.002071
-0.002085
-0.002894
-0.002985
-0.002790
-0.002249
-0.000742
-0.000581
-0.003008
-0.004685
-0.004560
-0.004443
-0.004499
-0.004599
-0.004810
-0.004877
-0.004891
-0.004647
-0.003860
-0.003921
-0.005308
-0.005265
-0.003343
-0.002871
-0.003950
-0.003666
-0.002136
-0.001768
-0.002440
-0.002347
-0.001801
-0.001764
-0.001929
-0.001952
-0.001528
-0.000144
0.001863
0.003109
0.002685
0.002060
0.002628
0.002747
0.001225
0.000131
0.001705
0.004058
0.004155
0.004082
0.005578
0.005988
0.005292
0.005490
0.005490
0.003938
0.002658
0.002564
0.001577
0.000204
0.000436
0.001011
0.000613
0.000306
0.000623
0.000835
0.000806
0.000818
0.000881
0.000781
0.000587
0.000409
-0.000827
-0.002482
-0.002121
-0.001047
-0.001438
-0.002076
-0.001863
-0.001732
-0.002690
-0.004187
-0.004688
-0.004122
-0.003996
-0.004503
-0.004751
-0.005375
-0.006801
-0.007381
-0.007474
-0.008751
-0.008942
-0.006888
-0.006146
-0.007337
-0.007656
-0.007764
-0.009008
-0.008832
-0.006547
-0.005100
-0.004838
-0.004831
-0.005906
-0.007302
-0.007128
-0.006300
-0.006503
-0.007054
-0.007080
-0.006998
-0.006819
-0.005754
-0.004387
-0.004353
-0.005064
-0.004910
-0.004416
-0.004518
-0.004737
-0.004703
-0.004338
-0.003133
-0.001908
-0.002057
-0.002576
-0.002947
-0.004310
-0.005071
-0.004182
-0.004025
-0.004808
-0.004898
-0.004550
-0.004518
-0.004642
-0.004600
-0.004547
-0.004130
-0.003263
-0.002781
-0.002576
-0.002003
-0.000780
0.000251
0.000021
-0.000845
-0.001763
-0.002804
-0.003332
-0.003520
-0.004288
-0.004273
-0.002439
-0.001280
-0.001973
-0.001934
-0.001151
-0.001862
-0.002575
-0.002020
-0.001871
-0.002150
-0.001013
0.000324
-0.000131
-0.000270
0.000456
0.000328
0.000447
0.001446
0.002106
0.002219
0.001606
0.000667
0.000454
0.000322
-0.000294
-0.000233
0.000609
0.000474
-0.000069
0.001366
0.003014
0.002157
0.001483
0.002942
0.003432
0.002100
0.001941
0.002863
0.002833
0.002449
0.002542
0.002648
0.002558
0.002511
0.002555
0.002562
0.002791
0.003427
0.003263
0.001932
0.000596
-0.000269
-0.001686
-0.004216
-0.005053
-0.003897
-0.003595
-0.003098
-0.001640
-0.000571
0.000141
0.000685
0.000790
0.000079
-0.000692
-0.000980
-0.001482
-0.002229
-0.002636
-0.002425
-0.001961
-0.001377
-0.001114
-0.001484
-0.001592
-0.001325
-0.001250
-0.000957
-0.000107
0.000249
-0.000254
-0.000307
0.000178
0.000311
-0.000123
-0.001312
-0.002781
-0.003426
-0.003513
-0.004254
-0.004990
-0.004786
-0.004675
-0.004972
-0.004978
-0.004829
-0.004491
-0.003349
-0.002187
-0.001465
-0.000268
0.000194
-0.000496
-0.000392
0.000276
-0.000232
-0.001966
-0.002997
-0.002478
-0.002088
-0.002550
-0.002807
-0.001628
0.000414
0.000534
0.000322
0.002455
0.002835
0.000060
-0.000989
0.000424
0.000883
0.000102
0.000382
0.001204
0.000524
0.000312
0.001899
0.001851
-0.000052
-0.000126
0.001935
0.003671
0.004344
0.004987
0.005181
0.004810
0.004491
0.003464
0.002555
0.001937
0.000588
0.000367
0.001206
0.000918
0.000284
0.000553
0.001868
0.003361
0.004281
0.006251
0.009292
0.010845
0.010121
0.008975
0.008403
0.006492
0.003032
0.000831
0.001117
0.001923
0.002573
0.004130
0.005338
0.005411
0.006340
0.008188
0.008305
0.007363
0.007586
0.007447
0.005182
0.002811
0.002697
0.002939
0.001325
0.000026
0.000588
0.001263
0.002132
0.003709
0.004833
0.005473
0.006162
0.007162
0.007044
0.005060
0.003595
0.003192
0.002121
0.000821
0.001204
0.002533
0.002907
0.002765
0.002691
0.002615
0.002746
0.002952
0.003715
0.005106
0.005568
0.005576
0.006335
0.006397
0.005363
0.004702
0.004370
0.003263
0.002379
0.002306
0.001735
0.000725
0.000328
0.001415
0.003007
0.003039
0.002171
0.002260
0.002817
0.002930
0.003429
0.004120
0.003675
0.002564
0.001947
0.000864
-0.001956
-0.004692
-0.005619
-0.006068
-0.006845
-0.006893
-0.005832
-0.004183
-0.002552
-0.002104
-0.002880
-0.002919
-0.002347
-0.003277
-0.005028
-0.005185
-0.004361
-0.004590
-0.004934
-0.003982
-0.003192
-0.003867
-0.004898
-0.005177
-0.005344
-0.006077
-0.006835
-0.007108
-0.006888
-0.006781
-0.007127
-0.007125
-0.005972
-0.004856
-0.005655
-0.007027
-0.007424
-0.008246
-0.009473
-0.009833
-0.009948
-0.009880
-0.008908
-0.007246
-0.005597
-0.004649
-0.003995
-0.003856
-0.004785
-0.005118
-0.004314
-0.004035
-0.004503
-0.004697
-0.004496
-0.004439
-0.004138
-0.003497
-0.004288
-0.006291
-0.007309
-0.007809
-0.008731
-0.008702
-0.007520
-0.007375
-0.007969
-0.007184
-0.005600
-0.004351
-0.003606
-0.003270
-0.003342
-0.004047
-0.004599
-0.005156
-0.006309
-0.006573
-0.006012
-0.006199
-0.006652
-0.006596
-0.006506
-0.006585
-0.006124
-0.004758
-0.003728
-0.003610
-0.002672
-0.001248
-0.000538
0.000608
0.001211
0.000414
-0.000132
0.000162
0.001097
0.001587
0.001030
0.000232
-0.000844
-0.001255
0.000472
0.001954
0.001036
0.000175
0.000844
0.001296
0.001008
0.000910
0.001063
0.000515
-0.000596
-0.000122
0.001521
0.001483
0.000104
-0.000054
0.001381
0.002014
0.001147
0.000751
0.001545
0.002966
0.002853
0.000509
-0.000035
0.002602
0.004640
0.004855
0.005114
0.004922
0.003920
0.003527
0.003423
0.002744
0.002370
0.002170
0.001550
0.002369
0.004049
0.003881
0.002959
0.003600
0.005350
0.006757
0.007625
0.008209
0.008299
0.007494
0.005663
0.004171
0.003341
0.001833
0.001796
0.004206
0.004823
0.003151
0.003254
0.005499
0.006486
0.005067
0.004101
0.005331
0.006728
0.006600
0.005189
0.003500
0.003329
0.004367
0.004335
0.003601
0.004285
0.006294
0.006838
0.005662
0.005477
0.006206
0.006358
0.006037
0.006534
0.008427
0.009098
0.006979
0.005278
0.006051
0.006706
0.005661
0.005191
0.005721
0.005866
0.006038
0.006062
0.005629
0.004757
0.004081
0.005596
0.007362
0.006371
0.005292
0.005959
0.006337
0.005890
0.005989
0.007172
0.008926
0.010586
0.011068
0.009950
0.008435
0.007742
0.007167
0.006252
0.006338
0.006707
0.006221
0.005986
0.005962
0.004593
0.003147
0.003757
0.003756
0.001604
0.001068
0.003574
0.005240
0.004724
0.005108
0.005518
0.003737
0.002131
0.001944
0.001903
0.002419
0.004414
0.006527
0.007607
0.008435
0.009620
0.010387
0.009086
0.007094
0.007055
0.007399
0.006443
0.005913
0.006356
0.006408
0.005158
0.003290
0.003257
0.003965
0.002366
0.000155
0.000299
0.001933
0.002144
0.001144
0.001088
0.001568
0.001535
0.001309
0.001297
0.000894
-0.000413
-0.001472
-0.001239
-0.000705
-0.001263
-0.002804
-0.004187
-0.005030
-0.005325
-0.004564
-0.004048
-0.005243
-0.006243
-0.004880
-0.003044
-0.003390
-0.004365
-0.003790
-0.002443
-0.002199
-0.003747
-0.005444
-0.006329
-0.007930
-0.009422
-0.008443
-0.007242
-0.008239
-0.008571
-0.006356
-0.004927
-0.006220
-0.007572
-0.007263
-0.006069
-0.006071
-0.007542
-0.007570
-0.005951
-0.005241
-0.005881
-0.006203
-0.005729
-0.005533
-0.005713
-0.005764
-0.005723
-0.005797
-0.005863
-0.005932
-0.007033
-0.007979
-0.006375
-0.004690
-0.004494
-0.003705
-0.003239
-0.003752
-0.003658
-0.003722
-0.004619
-0.005230
-0.005619
-0.006791
-0.008276
-0.008305
-0.008002
-0.008577
-0.008117
-0.006419
-0.005186
-0.004997
-0.004805
-0.004461
-0.004525
-0.004454
-0.004281
-0.003864
-0.003026
-0.002399
-0.001511
-0.000624
-0.000888
-0.001202
-0.000810
-0.001758
-0.004191
-0.005533
-0.006359
-0.007877
-0.008144
-0.007517
-0.007761
-0.007063
-0.005218
-0.005239
-0.006205
-0.005308
-0.004389
-0.005494
-0.006691
-0.006816
-0.007208
-0.008604
-0.009485
-0.008372
-0.005972
-0.003684
-0.002895
-0.003158
-0.002599
-0.002374
-0.003484
-0.004590
-0.005351
-0.005302
-0.004623
-0.003675
-0.002530
-0.002770
-0.003639
-0.003769
-0.004173
-0.003949
-0.002679
-0.002683
-0.003573
-0.003412
-0.002834
-0.002862
-0.003041
-0.002435
-0.000988
-0.000157
-0.000692
-0.001070
-0.000619
-0.000320
0.000602
0.002407
0.002095
-0.000367
-0.001258
-0.000148
0.000764
0.000961
0.000216
-0.001032
-0.000910
-0.000049
-0.000159
-0.000623
-0.000562
-0.000381
-0.000392
0.000570
0.002434
0.002577
0.001357
0.002200
0.004733
0.005260
0.003930
0.003214
0.002461
0.001271
-0.000058
-0.001744
-0.002495
-0.002236
-0.001780
-0.000569
0.000750
0.001586
0.002238
0.002100
0.001918
0.002472
0.002245
0.000417
-0.001132
-0.001828
-0.002182
-0.000635
0.001132
0.000941
0.001340
0.002852
0.004068
0.004503
0.004039
0.003912
0.004549
0.005298
0.005246
0.004791
0.005556
0.006658
0.005875
0.004470
0.004973
0.005895
0.005462
0.005010
0.005213
0.005268
0.005155
0.005657
0.006196
0.005397
0.003834
0.002637
0.002683
0.004312
0.005814
0.005349
0.004289
0.003822
0.002737
0.002416
0.002719
0.000944
-0.000384
0.000742
0.001190
0.000362
0.000134
0.000306
0.000956
0.002575
0.003153
0.002108
0.001980
0.002832
0.002456
0.000440
-0.000153
0.002598
0.003667
0.000518
-0.000432
0.002154
0.002279
-0.000017
-0.000845
-0.001197
-0.002641
-0.003238
-0.002551
-0.001825
-0.000802
0.000431
0.001432
0.002442
0.002581
0.001965
0.001140
-0.000051
-0.000028
0.000771
0.000360
-0.000251
-0.000111
0.000026
-0.000031
-0.000082
-0.000031
-0.000277
-0.001439
-0.002632
-0.002387
-0.001679
-0.001984
-0.002450
-0.002325
-0.002188
-0.002274
-0.002314
-0.002291
-0.002275
-0.002284
-0.002231
-0.002321
-0.003513
-0.004586
-0.003369
-0.001929
-0.002121
-0.002554
-0.002009
-0.000290
0.000403
-0.001586
-0.003093
-0.002363
-0.002405
-0.003868
-0.004303
-0.002944
-0.001743
-0.003323
-0.005975
-0.005439
-0.003353
-0.003770
-0.005069
-0.004772
-0.004239
-0.004501
-0.004656
-0.004508
-0.004474
-0.004480
-0.004438
-0.004393
-0.004373
-0.004362
-0.004377
-0.004374
-0.005336
-0.007238
-0.006476
-0.003522
-0.003609
-0.004800
-0.002731
-0.001069
-0.002258
-0.002725
-0.001832
-0.001636
-0.001970
-0.001977
-0.001815
-0.001883
-0.001722
-0.000266
0.001424
0.002120
0.002657
0.002698
0.002374
0.002151
0.001692
0.002284
0.003627
0.004027
0.004564
0.005504
0.005876
0.006449
0.006837
0.006469
0.006864
0.007612
0.006369
0.003737
0.002454
0.003192
0.003847
0.003177
0.002586
0.003779
0.005847
0.005939
0.004043
0.002523
0.002760
0.002966
0.001016
-0.000263
0.000757
0.001146
0.000318
0.000434
0.001933
0.003049
0.003457
0.004690
0.005614
0.005002
0.004433
0.003848
0.002805
0.002734
0.003306
0.003056
0.002897
0.003610
0.003382
0.002361
0.002357
0.002404
0.002171
0.002266
0.002455
0.002852
0.002745
0.002312
0.002468
0.002722
0.002452
0.001598
0.000925
0.000475
-0.000891
-0.002291
-0.002239
-0.001766
-0.002103
-0.002267
-0.000763
0.000754
0.000085
-0.000828
-0.000948
-0.001046
-0.000489
-0.000937
-0.002898
-0.003632
-0.003867
-0.004633
-0.004506
-0.004194
-0.004586
-0.004841
-0.004604
-0.003699
-0.002520
-0.002946
-0.004346
-0.004025
-0.003120
-0.003935
-0.005148
-0.004887
-0.004171
-0.004372
-0.004796
-0.004653
-0.003880
-0.002626
-0.001997
-0.002520
-0.002803
-0.002314
-0.001985
-0.001543
-0.000687
-0.000690
-0.001782
-0.002541
-0.002637
-0.002535
-0.002444
-0.002555
-0.002202
-0.001826
-0.002210
-0.002194
-0.001123
-0.000496
-0.001661
-0.002734
-0.002037
-0.001417
-0.001908
-0.002047
-0.001060
-0.000414
-0.001626
-0.002816
-0.002113
-0.001477
-0.002281
-0.003673
-0.004737
-0.004673
-0.004065
-0.004257
-0.004281
-0.002412
-0.000143
0.000542
0.001130
0.002296
0.001652
-0.000604
-0.001020
0.000394
-0.000219
-0.002599
-0.002445
0.000019
0.001012
0.000133
-0.000017
0.001678
0.003147
0.003441
0.004480
0.005115
0.003670
0.003579
0.004759
0.003293
0.000964
0.000279
0.000539
0.000845
0.000522
0.000098
0.000187
0.000805
0.001688
0.001732
0.001141
0.001280
0.002231
0.002971
0.002711
0.002282
0.002509
0.002794
0.002792
0.002750
0.002826
0.002906
0.002894
0.002861
0.002834
0.002803
0.002978
0.003608
0.003612
0.002678
0.002390
0.001681
0.000222
0.000467
0.001259
0.000732
0.000216
0.000438
0.000563
0.000400
0.000583
0.001699
0.003013
0.003466
0.004387
0.005715
0.004878
0.002598
0.002067
0.003317
0.003569
0.002705
0.002577
0.002916
0.002899
0.002770
0.003166
0.003750
0.003151
0.002327
0.002480
0.002421
0.002612
0.003239
0.002921
0.003408
0.004578
0.003040
0.001532
0.002831
0.003469
0.002658
0.002368
0.001551
0.000002
0.000065
0.000947
0.000736
0.001327
0.003262
0.004362
0.004811
0.004964
0.004567
0.003895
0.002861
0.002464
0.003041
0.003152
0.002652
0.002679
0.003749
0.005211
0.005374
0.003652
0.002191
0.002681
0.003482
0.003078
0.003038
0.004691
0.006308
0.007023
0.007590
0.007201
0.006146
0.005782
0.005638
0.005393
0.005482
0.005491
0.005240
0.005873
0.007667
0.008258
0.007627
0.007951
0.007946
0.006871
0.005827
0.005109
0.005260
0.005636
0.005302
0.005502
0.006576
0.006175
0.004543
0.004628
0.005684
0.005522
0.005014
0.005129
0.005298
0.005260
0.005198
0.005181
0.005188
0.005202
0.005200
0.005191
0.005294
0.005070
0.003564
0.002136
0.002766
0.003505
0.002819
0.002374
0.002435
0.001738
0.001126
0.001607
0.002172
0.002620
0.002994
0.002707
0.002491
0.002788
0.003273
0.004089
0.004396
0.004286
0.004391
0.003296
0.002195
0.003014
0.003563
0.002893
0.002667
0.002956
0.002978
0.002850
0.002838
0.001970
0.000661
0.001463
0.003166
0.002727
0.001721
0.002708
0.004138
0.004344
0.003886
0.003150
0.002393
0.001220
-0.000684
-0.001831
-0.001675
-0.001459
-0.001762
-0.002162
-0.001774
0.000036
0.001113
-0.000611
-0.001798
-0.000505
-0.000132
-0.001746
-0.002545
-0.001798
-0.001543
-0.002397
-0.003389
-0.003147
-0.001684
-0.001335
-0.002263
-0.001985
-0.000514
-0.000586
-0.002239
-0.002924
-0.003275
-0.004329
-0.004411
-0.003900
-0.003737
-0.002719
-0.001578
-0.001987
-0.002509
-0.001415
-0.000181
-0.000572
-0.001745
-0.002373
-0.003126
-0.004408
-0.004487
-0.003767
-0.004106
-0.004543
-0.003692
-0.002946
-0.004104
-0.005281
-0.004509
-0.003905
-0.005235
-0.006955
-0.007056
-0.006221
-0.006313
-0.006941
-0.006961
-0.006772
-0.006846
-0.006907
-0.006886
-0.006883
-0.006936
-0.007008
-0.006277
-0.004475
-0.003851
-0.004900
-0.005039
-0.004589
-0.005728
-0.007223
-0.006974
-0.006689
-0.007921
-0.008459
-0.007289
-0.006353
-0.006737
-0.006834
-0.005633
-0.004702
-0.004492
-0.004475
-0.004664
-0.005121
-0.005720
-0.005580
-0.004666
-0.004572
-0.005222
-0.004757
-0.004102
-0.004580
-0.004662
-0.003533
-0.002754
-0.003110
-0.002758
-0.001656
-0.001723
-0.002390
-0.002689
-0.002564
-0.002262
-0.002315
-0.002819
-0.003223
-0.002239
-0.001742
-0.004118
-0.005671
-0.004197
-0.003478
-0.004487
-0.005132
-0.005209
-0.004646
-0.004006
-0.003697
-0.002371
-0.001427
-0.002596
-0.004123
-0.004590
-0.004197
-0.003894
-0.003747
-0.002674
-0.001554
-0.002396
-0.003925
-0.003563
-0.002095
-0.001456
-0.001908
-0.002250
-0.000821
0.001102
0.000797
-0.000352
-0.001028
-0.002009
-0.001970
-0.001203
-0.001507
-0.002051
-0.002020
-0.001668
-0.000296
0.001104
0.000515
-0.000551
-0.001366
-0.002303
-0.001937
-0.001263
-0.001746
-0.002215
-0.001784
-0.000576
0.000710
0.000749
0.000055
0.000239
0.000053
-0.001729
-0.002593
-0.001578
-0.001309
-0.002138
-0.001613
0.000425
0.001054
-0.000070
-0.000188
0.000660
0.000270
-0.000463
-0.000526
-0.000696
0.000290
0.001271
0.000258
-0.000289
0.000902
0.002083
0.002511
0.002602
0.001514
-0.000204
0.000121
0.001290
0.000840
0.000169
0.000391
0.000587
0.000476
0.000421
0.000476
0.000478
0.000503
0.000278
-0.001198
-0.002626
-0.001963
-0.001185
-0.001884
-0.002313
-0.002049
-0.001565
-0.000065
0.001003
0.000142
-0.000294
0.000477
0.000754
0.000534
0.000150
-0.000998
-0.002219
-0.001707
-0.000590
-0.001498
-0.002820
-0.001371
0.000716
-0.000288
-0.002245
-0.002319
-0.001686
-0.001559
-0.001379
-0.000181
0.000888
0.000429
-0.000205
-0.000931
-0.002274
-0.002172
-0.001305
-0.002301
-0.003665
-0.002781
-0.001323
-0.001571
-0.001029
0.000946
0.000852
-0.000201
0.000041
-0.000769
-0.002711
-0.003730
-0.004320
-0.004000
-0.002135
-0.000996
-0.001319
-0.001533
-0.001970
-0.002439
-0.001926
-0.001563
-0.001913
-0.002076
-0.001927
-0.001900
-0.001995
-0.002021
-0.002066
-0.001429
0.000342
0.000960
-0.000060
-0.000101
-0.000220
-0.002012
-0.002449
-0.001265
-0.000414
0.000666
0.000877
0.000404
0.001904
0.003575
0.002341
0.000201
0.000095
0.001093
0.001078
0.000429
0.000337
0.000805
0.002219
0.003603
0.002914
0.001334
0.000580
0.000627
0.001042
0.000984
0.000346
-0.000553
-0.000848
0.000411
0.001286
0.000441
0.000010
0.000376
-0.000524
-0.002154
-0.002235
-0.001442
-0.001607
-0.002145
-0.002109
-0.001917
-0.001945
-0.001993
-0.001944
-0.001916
-0.001024
0.000270
-0.000023
-0.000312
0.000544
0.000146
-0.001700
-0.001602
0.000488
0.000635
-0.000214
0.000313
0.000616
-0.000317
-0.001729
-0.002296
-0.001808
-0.001422
-0.000552
0.000780
0.000443
-0.000399
0.000036
-0.000309
-0.002016
-0.002526
-0.001674
-0.001638
-0.001798
-0.000242
0.000992
0.000497
0.001511
0.003356
0.002816
0.001591
0.000759
-0.000234
-0.000890
-0.001665
-0.002140
-0.001109
0.000603
0.000840
-0.000220
-0.000270
0.000495
0.000099
-0.001589
-0.002594
-0.001027
0.001314
0.000965
-0.000567
-0.000239
0.000616
0.000431
0.000128
0.000218
-0.000323
-0.001829
-0.002524
-0.001901
-0.001380
-0.000398
0.000776
0.000553
0.001276
0.003293
0.002934
0.000842
-0.000110
0.000370
0.000909
0.000598
0.000172
0.000244
0.000385
0.000347
0.000333
0.000342
0.000340
0.000317
0.000249
0.000267
0.000309
0.000311
-0.000587
-0.002371
-0.002512
-0.001832
-0.002497
-0.002449
-0.001665
-0.002052
-0.002468
-0.002061
-0.001250
-0.000015
0.000683
0.000194
-0.000232
-0.000952
-0.002367
-0.002355
-0.001302
-0.000762
0.000069
0.000616
0.000080
0.000100
0.001174
0.001225
0.000074
0.000093
0.000834
0.000643
0.000287
0.000399
0.000459
0.000370
0.000367
0.000391
0.000420
0.000434
0.000457
0.000498
0.000160
-0.000712
-0.001061
-0.000075
0.000958
0.000599
-0.000048
0.000247
0.000601
0.000489
0.000375
0.000390
0.000406
0.000410
0.000432
0.000455
0.000464
0.000442
0.000590
0.001259
0.002029
0.002463
0.002782
0.002895
0.003699
0.005368
0.005672
0.004534
0.003800
0.003903
0.004316
0.004628
0.005113
0.005397
0.005053
0.004981
0.005310
0.005686
0.006844
0.008071
0.007731
0.007011
0.007373
0.007828
0.007644
0.007506
0.007659
0.007713
0.007670
0.007721
0.007813
0.007831
0.007769
0.007769
0.007828
0.007792
0.007781
0.007793
0.007716
0.007721
0.007780
0.007756
0.007471
0.006944
0.007252
0.008142
0.007966
0.007416
0.007631
0.007918
0.007777
0.007722
0.007852
0.007830
0.007798
0.007815
0.007809
0.007832
0.007865
0.007409
0.006015
0.005008
0.005498
0.005998
0.005515
0.005138
0.005346
0.005432
0.005310
0.005321
0.005368
0.005357
0.005364
0.005379
0.005343
0.005351
0.005371
0.005308
0.005319
0.005380
0.005145
0.004124
0.002803
0.002642
0.003293
0.003206
0.002691
0.002717
0.002930
0.002851
0.002773
0.002919
0.002306
0.000505
-0.000127
0.000960
0.000643
-0.001503
-0.002559
-0.001787
-0.001314
-0.001886
-0.002209
-0.001994
-0.001918
-0.002013
-0.001975
-0.002071
-0.003346
-0.005043
-0.004791
-0.003791
-0.004215
-0.004827
-0.003977
-0.002220
-0.001788
-0.003132
-0.003321
-0.001661
-0.001351
-0.002339
-0.002283
-0.001784
-0.001863
-0.002030
-0.001974
-0.001918
-0.001935
-0.002020
-0.001557
0.000028
0.001042
0.000167
-0.000328
-0.000019
-0.001403
-0.002790
-0.001886
-0.001286
-0.001774
-0.000835
0.000697
0.000495
-0.000223
0.000074
0.000528
0.000470
0.000340
0.000393
0.000403
0.000388
0.000432
0.000408
0.000333
0.000256
0.000243
0.000276
0.000237
0.000211
0.000218
0.000251
0.000322
0.000375
0.000424
0.000425
0.000384
0.000452
0.000525
0.000460
0.000429
0.000422
0.000377
0.000382
0.000394
0.000421
0.000436
0.000460
0.000572
0.000573
0.000376
0.000531
0.001654
0.002942
0.002911
0.002177
0.002401
0.002562
0.000936
-0.000315
0.000658
0.001215
0.000356
0.000025
0.000579
0.001453
0.001912
0.001251
0.000216
0.000069
0.000626
0.000709
0.000283
0.000184
0.000336
0.000299
0.000255
0.000312
0.000305
0.000324
0.000422
0.000408
0.000326
0.000309
0.000292
0.000237
0.000254
-0.000423
-0.002219
-0.002802
-0.001663
-0.001481
-0.002264
-0.002396
-0.001412
0.000342
0.000829
-0.000227
-0.000351
0.000399
0.000112
-0.000984
-0.001542
-0.001797
-0.002128
-0.002014
-0.001889
-0.002134
-0.002200
-0.002028
-0.001970
-0.002046
-0.002104
-0.002105
-0.002154
-0.001319
0.000537
0.000747
-0.000431
-0.000199
-0.000319
-0.002303
-0.002746
-0.001470
-0.001570
-0.002370
-0.001806
-0.000163
0.000791
0.000266
-0.000215
0.000246
0.000582
0.000413
0.000315
-0.000053
-0.001382
-0.002447
-0.001961
-0.001451
-0.001982
-0.002297
-0.002085
-0.002093
-0.002271
-0.002291
-0.002199
-0.002140
-0.002116
-0.002095
-0.002050
-0.002095
-0.002223
-0.002244
-0.002226
-0.002238
-0.002222
-0.002140
-0.002205
-0.003368
-0.004987
-0.004729
-0.003771
-0.004173
-0.004142
-0.002592
-0.001829
-0.003172
-0.004840
-0.005006
-0.004186
-0.004077
-0.004659
-0.004810
-0.004558
-0.003930
-0.003244
-0.003979
-0.005242
-0.004893
-0.004112
-0.004366
-0.004745
-0.004645
-0.004514
-0.004580
-0.004645
-0.004619
-0.004630
-0.004657
-0.004642
-0.004695
-0.004427
-0.002957
-0.001605
-0.002126
-0.003029
-0.003800
-0.004972
-0.005946
-0.006679
-0.006676
-0.006046
-0.004986
-0.003720
-0.002860
-0.002157
-0.002138
-0.002451
-0.002092
-0.001784
-0.001846
-0.002086
-0.003423
-0.004749
-0.004048
-0.003009
-0.002326
-0.001320
-0.001803
-0.003896
-0.004794
-0.003659
-0.003120
-0.003480
-0.002222
-0.000845
-0.002116
-0.004315
-0.004519
-0.003224
-0.003297
-0.004902
-0.005724
-0.005449
-0.005142
-0.005234
-0.005418
-0.005651
-0.005919
-0.004868
-0.003172
-0.003268
-0.003935
-0.003123
-0.002822
-0.003839
-0.003828
-0.003198
-0.003397
-0.003469
-0.002367
-0.000941
-0.001315
-0.003561
-0.004436
-0.003040
-0.002532
-0.003465
-0.003713
-0.002970
-0.002084
-0.002239
-0.003541
-0.003196
-0.000699
-0.000019
-0.001471
-0.002261
-0.002925
-0.003407
-0.002779
-0.002602
-0.002849
-0.001851
-0.000521
-0.000604
-0.001862
-0.003174
-0.002881
-0.001188
-0.000643
-0.000974
-0.000792
-0.000634
-0.000648
-0.000536
-0.000459
-0.000473
-0.000903
-0.002148
-0.002579
-0.001268
-0.000756
-0.001248
-0.000619
-0.000012
-0.000429
-0.000491
-0.000092
-0.000050
-0.000130
0.000009
0.000070
0.000044
0.000079
0.000220
0.001294
0.002752
0.002552
0.001694
0.002069
0.002641
0.001987
0.000559
0.000054
0.000752
0.001530
0.002301
0.002793
0.002440
0.002222
0.002672
0.002901
0.002757
0.002728
0.002848
0.002676
0.001444
0.000280
0.000849
0.001751
0.002406
0.003286
0.003695
0.004348
0.005088
0.004875
0.004422
0.003566
0.002567
0.002946
0.003555
0.003016
0.001970
0.000949
0.000816
0.002071
0.003305
0.003121
0.002799
0.004232
0.005547
0.004805
0.004216
0.004843
0.005160
0.004511
0.003090
0.002324
0.003044
0.003389
0.002752
0.002540
0.002773
0.002765
0.002658
0.002672
0.002668
0.002627
0.002644
0.002631
0.002604
0.002640
0.002517
0.001709
0.000605
0.000530
0.001064
0.001352
0.002236
0.002920
0.002277
0.001971
0.002502
0.002628
0.002402
0.002394
0.001962
0.000662
0.000187
0.000946
0.001036
0.000493
0.000457
0.000899
0.001226
0.001034
0.000850
0.000765
0.000481
0.000529
0.000740
0.000632
0.000508
0.000546
0.000585
0.000532
0.000517
0.000563
0.000542
0.000526
0.000566
0.000551
0.000502
0.000517
0.000512
0.000468
0.000796
0.001760
0.002474
0.002124
0.001714
0.002033
0.002288
0.002147
0.002075
0.001500
0.000227
0.000389
0.002157
0.002706
0.001789
0.001517
0.002042
0.002198
0.001999
0.001974
0.002042
0.002020
0.001980
0.001962
0.001955
0.001911
0.001906
0.002322
0.002793
0.002298
0.001461
0.001652
0.002148
0.001938
0.001662
0.001754
0.001826
0.001750
0.001721
0.001717
0.001698
0.001672
0.001641
0.001669
0.001654
0.001609
0.001631
0.001626
0.001630
0.001940
0.002068
0.001470
0.001221
0.001631
0.001669
0.001405
0.001400
0.001498
0.001459
0.001401
0.001390
0.001377
0.001366
0.001343
0.001312
0.001307
0.001310
0.001285
0.001264
0.001262
0.001258
0.001257
0.001284
0.001632
0.002004
0.001435
0.000741
0.001063
0.001418
0.001151
0.000958
0.001058
0.001053
0.000964
0.001022
0.001489
0.002168
0.001955
0.001103
0.000855
0.000963
0.000961
0.000945
0.000898
0.000715
-0.000024
-0.000775
-0.000398
0.000434
0.000813
0.000703
0.000180
0.000204
0.000904
0.000955
0.000524
0.000532
0.000709
0.000678
0.000496
0.000211
0.000256
0.000712
0.000742
0.000343
0.000113
0.000238
0.000393
0.000266
0.000118
-0.000154
-0.000530
-0.000673
-0.000558
-0.000496
-0.000629
-0.000670
-0.000717
-0.001094
-0.001249
-0.000679
-0.000315
-0.000680
-0.000870
-0.000644
-0.000572
-0.000658
-0.000676
-0.000629
-0.000602
-0.000622
-0.000625
-0.000618
-0.000618
-0.000620
-0.000628
-0.000637
-0.000644
-0.000661
-0.000669
-0.000660
-0.000670
-0.000671
-0.000663
-0.000661
-0.000654
-0.000649
-0.000644
-0.000650
-0.000634
-0.000629
-0.000654
-0.000505
-0.000312
-0.000534
-0.000836
-0.000677
-0.000506
-0.000643
-0.000713
-0.000634
-0.000621
-0.000666
-0.000654
-0.000525
-0.000271
-0.000173
-0.000214
-0.000079
-0.000261
-0.000797
-0.000786
-0.000467
-0.000550
-0.000751
-0.000636
-0.000208
0.000122
0.000143
0.000124
0.000026
-0.000118
-0.000020
-0.000180
-0.000812
-0.000917
-0.000539
-0.000596
-0.000826
-0.000791
-0.000725
-0.000633
-0.000409
-0.000377
-0.000530
-0.000510
-0.000414
-0.000294
-0.000083
-0.000093
-0.000247
-0.000218
-0.000156
-0.000177
-0.000211
-0.000209
-0.000203
-0.000219
-0.000343
-0.000690
-0.000912
-0.000777
-0.000681
-0.000794
-0.000859
-0.000716
-0.000503
-0.000390
-0.000207
-0.000049
-0.000356
-0.000667
-0.000500
-0.000567
-0.000927
-0.000893
-0.000721
-0.000817
-0.001118
-0.001378
-0.001288
-0.001007
-0.000820
-0.000785
-0.000863
-0.000875
-0.000797
-0.000761
-0.000802
-0.000999
-0.001251
-0.001209
-0.001037
-0.001070
-0.001151
-0.001129
-0.001089
-0.001084
-0.001080
-0.001064
-0.001057
-0.001039
-0.001013
-0.001010
-0.001109
-0.001294
-0.001330
-0.001109
-0.000864
-0.000867
-0.000979
-0.000941
-0.000856
-0.000848
-0.000853
-0.000831
-0.000816
-0.000792
-0.000707
-0.000610
-0.000545
-0.000497
-0.000507
-0.000526
-0.000492
-0.000467
-0.000478
-0.000476
-0.000463
-0.000462
-0.000451
-0.000449
-0.000451
-0.000444
-0.000450
-0.000440
-0.000371
-0.000293
-0.000256
-0.000238
-0.000237
-0.000242
-0.000227
-0.000238
-0.000290
-0.000290
-0.000278
-0.000317
-0.000277
-0.000204
-0.000241
-0.000283
-0.000252
-0.000237
-0.000253
-0.000241
-0.000192
-0.000151
-0.000148
-0.000183
-0.000216
-0.000215
-0.000240
-0.000282
-0.000271
-0.000254
-0.000269
-0.000275
-0.000280
-0.000327
-0.000389
-0.000387
-0.000348
-0.000352
-0.000369
-0.000355
-0.000312
-0.000288
-0.000308
-0.000310
-0.000301
-0.000328
-0.000346
-0.000323
-0.000310
-0.000320
-0.000319
-0.000309
-0.000304
-0.000290
-0.000258
-0.000246
-0.000251
-0.000225
-0.000222
-0.000281
-0.000298
-0.000251
-0.000242
-0.000266
-0.000261
-0.000243
-0.000240
-0.000232
-0.000209
-0.000203
-0.000226
-0.000229
-0.000208
-0.000203
-0.000219
-0.000246
-0.000245
-0.000219
-0.000212
-0.000221
-0.000215
-0.000202
-0.000197
-0.000190
-0.000180
-0.000173
-0.000166
-0.000154
-0.000136
-0.000127
-0.000134
-0.000139
-0.000131
-0.000117
-0.000112
-0.000108
-0.000103
-0.000094
-0.000088
-0.000079
-0.000067
-0.000058
-0.000060
-0.000065
-0.000057
-0.000045
-0.000039
-0.000036
-0.000031
-0.000025
-0.000020
-0.000012
-0.000004
-0.000002
0.000004
0.000017
0.000023
0.000026
0.000029
0.000034
0.000040
0.000041
0.000041
0.000045
0.000051
0.000057
0.000062
0.000065
0.000069
0.000072
0.000077
0.000080
0.000083
0.000086
0.000090
0.000093
0.000095
0.000097
0.000100
0.000105
0.000108
0.000110
0.000114
0.000116
0.000117
0.000121
0.000125
0.000127
0.000131
0.000135
0.000138
0.000140
0.000142
0.000145
0.000147
0.000150
0.000152
0.000154
0.000156
0.000159
0.000161
0.000163
0.000165
0.000167
0.000170
0.000171
0.000173
0.000175
0.000177
0.000179
0.000180
0.000182
0.000184
0.000184
0.000186
0.000188
0.000189
0.000190
0.000192
0.000193
0.000194
0.000195
0.000196
0.000198
0.000199
0.000199
0.000200
0.000201
0.000202
0.000203
0.000204
0.000204
0.000204
0.000205
0.000205
0.000206
0.000206
0.000207
0.000207
0.000207
0.000207
0.000207
0.000207
0.000207
0.000207
0.000207
0.000207
0.000207
