-0.013185
-0.014618
-0.007621
0.002728
0.001364
0.001668
0.002162
0.002620
0.002772
0.002538
0.002157
0.001947
0.001963
0.002002
0.001872
0.001572
0.001309
0.001394
0.001967
0.002851
0.003634
0.003834
0.003256
0.002167
0.001119
0.000600
0.000565
0.000512
0.000121
-0.000529
-0.001281
-0.001560
-0.000264
0.002561
0.005013
0.005514
0.004359
0.002834
0.002167
0.003152
0.005500
0.007476
0.007261
0.004821
0.001555
-0.001341
-0.003634
-0.005816
-0.008587
-0.011290
-0.010628
-0.003640
0.008365
0.019517
0.023423
0.019065
0.010991
0.004035
-0.000236
-0.003206
-0.006861
-0.010805
-0.011911
-0.008912
-0.004687
-0.001634
0.000893
0.003217
0.004309
0.003996
0.003302
0.003247
0.003125
-0.000049
-0.008502
-0.019006
-0.022479
-0.012305
0.008664
0.030590
0.041971
0.037072
0.021067
0.004012
-0.008308
-0.016595
-0.024619
-0.034301
-0.044088
-0.052930
-0.055649
-0.032991
0.016546
0.052981
0.045518
0.005809
-0.037756
-0.067034
-0.082253
-0.080680
-0.036942
0.045322
0.105013
0.100398
0.051325
-0.000694
-0.031859
-0.044443
-0.045732
-0.028742
0.013829
0.072713
0.122344
0.133035
0.098414
0.042154
-0.008736
-0.045354
-0.075065
-0.092738
-0.064763
0.015427
0.089991
0.103399
0.061379
0.006061
-0.030596
-0.044657
-0.050088
-0.054473
-0.047769
-0.020163
0.021952
0.057630
0.064377
0.038999
-0.000430
-0.034785
-0.058331
-0.075036
-0.081035
-0.061705
-0.013147
0.047435
0.089619
0.090388
0.056766
0.018885
0.002286
0.010185
0.027885
0.037450
0.027584
-0.000737
-0.035378
-0.056468
-0.044366
-0.000688
0.042708
0.051364
0.022186
-0.021136
-0.056352
-0.077604
-0.084363
-0.067269
-0.021107
0.038783
0.079595
0.075011
0.031621
-0.021055
-0.060954
-0.085951
-0.107019
-0.122463
-0.099086
-0.021879
0.058181
0.082792
0.052841
0.016536
0.018336
0.050692
0.066278
0.038121
-0.020957
-0.085253
-0.124311
-0.092270
0.028270
0.166168
0.218223
0.161844
0.057805
-0.028579
-0.073229
-0.079828
-0.055662
-0.013342
0.027817
0.049061
0.040641
0.011577
-0.013717
-0.013607
0.013418
0.051053
0.078352
0.079099
0.052880
0.015436
-0.016777
-0.037144
-0.048111
-0.047253
-0.017224
0.040510
0.083134
0.075467
0.028329
-0.025040
-0.058429
-0.059614
-0.037209
-0.018115
-0.021550
-0.043709
-0.063374
-0.056373
-0.016947
0.031618
0.055359
0.044999
0.022535
0.011916
0.018040
0.026880
0.017517
-0.011356
-0.017959
0.039046
0.125180
0.164417
0.132304
0.064127
0.003493
-0.031776
-0.051044
-0.066669
-0.055639
0.020105
0.128987
0.184211
0.151854
0.073066
0.002423
-0.036710
-0.054250
-0.072146
-0.087018
-0.060754
0.011014
0.071690
0.079686
0.054694
0.045106
0.066728
0.085679
0.068525
0.017912
-0.042861
-0.095738
-0.138424
-0.166665
-0.148538
-0.051647
0.096808
0.204504
0.194064
0.080738
-0.058257
-0.162239
-0.203521
-0.172109
-0.088042
-0.003976
0.032445
0.018256
-0.010112
-0.018127
0.000947
0.029266
0.042770
0.031799
0.005183
-0.020923
-0.030595
-0.019267
-0.002453
0.001415
-0.007543
-0.009999
0.005302
0.020470
0.014387
-0.011711
-0.043674
-0.068551
-0.076753
-0.064745
-0.040255
-0.015642
0.004740
0.026744
0.057048
0.090585
0.108271
0.095852
0.060759
0.021458
-0.008156
-0.015009
0.012197
0.067435
0.128609
0.165898
0.152455
0.090039
0.009582
-0.059893
-0.111123
-0.154086
-0.201915
-0.262008
-0.295871
-0.203662
0.017355
0.192055
0.181570
0.026395
-0.151186
-0.259754
-0.267770
-0.200493
-0.116834
-0.062060
-0.041571
-0.033878
-0.023802
-0.015218
-0.010037
-0.002035
0.010896
0.025497
0.038405
0.048211
0.052132
0.046490
0.032629
0.016360
0.002511
-0.007646
-0.015744
-0.024404
-0.034474
-0.039750
-0.028462
0.001177
0.028779
0.031708
0.019416
0.021977
0.051624
0.089322
0.099816
0.066451
0.005214
-0.054766
-0.082810
-0.056249
0.017968
0.103199
0.153232
0.140782
0.081496
0.015713
-0.029974
-0.055567
-0.076002
-0.104804
-0.132525
-0.122263
-0.054952
0.037920
0.105222
0.116056
0.072746
0.004808
-0.054825
-0.085081
-0.077344
-0.041396
-0.003520
0.008717
-0.014286
-0.050531
-0.061724
-0.030696
0.026649
0.078843
0.096727
0.071778
0.022927
-0.024098
-0.052309
-0.044607
0.000738
0.044595
0.043974
-0.001237
-0.060570
-0.095142
-0.067833
0.018385
0.100009
0.113094
0.057120
-0.021482
-0.082529
-0.102766
-0.061336
0.032492
0.117384
0.134856
0.087623
0.021631
-0.024872
-0.040690
-0.030603
-0.006075
0.018887
0.035581
0.039964
0.027503
-0.000718
-0.035091
-0.062464
-0.067318
-0.041458
0.004638
0.045100
0.052636
0.020969
-0.029846
-0.072368
-0.086385
-0.067975
-0.032316
0.000564
0.020990
0.028074
0.023317
0.011565
-0.000026
-0.007535
-0.011020
-0.009744
-0.001707
0.011411
0.022927
0.025661
0.018461
0.006690
-0.002811
-0.003780
0.006948
0.021589
0.023185
0.002942
-0.031232
-0.064409
-0.083886
-0.080448
-0.053248
-0.013534
0.024864
0.050488
0.052613
0.030688
-0.001778
-0.030305
-0.049161
-0.055972
-0.048655
-0.031939
-0.017744
-0.013868
-0.013322
-0.003380
0.013725
0.018992
-0.000594
-0.038311
-0.074742
-0.087139
-0.064011
-0.016725
0.028202
0.046671
0.033549
0.004704
-0.018141
-0.018181
0.009822
0.046865
0.057461
0.024444
-0.036549
-0.084203
-0.065136
0.033262
0.143563
0.181667
0.134416
0.052413
-0.012967
-0.045650
-0.060074
-0.068600
-0.059653
-0.022777
0.018861
0.027637
-0.005672
-0.056241
-0.084974
-0.062660
0.006548
0.087156
0.130670
0.105603
0.026834
-0.054305
-0.089165
-0.067667
-0.019396
0.020481
0.036950
0.030753
0.007964
-0.019370
-0.037762
-0.041707
-0.034253
-0.022290
-0.009512
0.007223
0.030293
0.049679
0.046864
0.016530
-0.027462
-0.067892
-0.089873
-0.081512
-0.048268
-0.017096
-0.008959
-0.013107
-0.003637
0.029509
0.071204
0.088869
0.059663
-0.006997
-0.073892
-0.085672
-0.011291
0.097131
0.147140
0.108349
0.024299
-0.044774
-0.064463
-0.043316
-0.018744
-0.016624
-0.027517
-0.026170
-0.002045
0.036500
0.068395
0.067654
0.026028
-0.036436
-0.088868
-0.112070
-0.099328
-0.044898
0.040266
0.116222
0.146586
0.127120
0.076798
0.020085
-0.026627
-0.062747
-0.095206
-0.111259
-0.075362
0.021973
0.127880
0.165885
0.113114
0.014813
-0.066617
-0.095405
-0.078828
-0.052194
-0.038053
-0.025853
0.003504
0.051946
0.101806
0.127027
0.112267
0.062398
-0.003674
-0.066206
-0.110085
-0.125794
-0.110010
-0.058454
0.020631
0.090812
0.116134
0.091378
0.037447
-0.018327
-0.060731
-0.092545
-0.116154
-0.110313
-0.050309
0.045345
0.116515
0.119235
0.064827
-0.003070
-0.051869
-0.077709
-0.092671
-0.104004
-0.105366
-0.082823
-0.035238
0.010769
0.021471
-0.008641
-0.051791
-0.062514
-0.007944
0.084229
0.134168
0.094176
-0.009306
-0.114877
-0.165917
-0.137314
-0.054696
0.032001
0.086706
0.095507
0.066003
0.019290
-0.027314
-0.062666
-0.065778
-0.014498
0.081834
0.173293
0.197718
0.136332
0.030495
-0.066719
-0.133684
-0.162730
-0.130269
-0.027162
0.107479
0.201873
0.204470
0.132007
0.044972
-0.013291
-0.039844
-0.056701
-0.075483
-0.077194
-0.041289
0.017460
0.062359
0.073524
0.053820
0.012580
-0.037743
-0.078324
-0.090419
-0.071458
-0.036615
-0.002712
0.023022
0.038147
0.036431
0.017880
0.001253
0.009014
0.038794
0.061679
0.053367
0.016858
-0.026240
-0.053463
-0.054613
-0.037002
-0.021083
-0.029685
-0.058390
-0.064855
-0.019533
0.047507
0.075840
0.041098
-0.028649
-0.085206
-0.095901
-0.064999
-0.020381
0.017907
0.048000
0.074393
0.088477
0.069552
0.020993
-0.018346
-0.019612
0.008873
0.046959
0.083907
0.108924
0.106025
0.071895
0.025070
-0.005842
-0.004912
0.015478
0.031047
0.028142
0.003873
-0.038563
-0.086034
-0.109936
-0.082614
-0.008417
0.080893
0.148185
0.160473
0.111840
0.033311
-0.037874
-0.088150
-0.117309
-0.109211
-0.044587
0.053587
0.118065
0.098877
0.012168
-0.080205
-0.119297
-0.089296
-0.023997
0.032142
0.060800
0.069831
0.063628
0.031786
-0.016545
-0.046353
-0.041408
-0.018891
-0.002408
-0.000451
-0.003902
0.001407
0.021267
0.049347
0.076123
0.099571
0.113739
0.100733
0.050868
-0.021765
-0.082627
-0.094972
-0.053179
0.005767
0.036827
0.029924
0.010201
0.002576
0.008042
0.010373
-0.002277
-0.025281
-0.041791
-0.038483
-0.020023
-0.003468
0.003092
0.007530
0.019273
0.039341
0.057160
0.052006
0.014682
-0.030264
-0.043005
-0.016486
0.014160
0.015395
-0.013708
-0.053026
-0.082490
-0.088388
-0.065856
-0.023426
0.021241
0.047588
0.040574
0.004991
-0.038434
-0.073364
-0.092434
-0.087864
-0.056611
-0.010063
0.035624
0.067598
0.073957
0.052682
0.017932
-0.013375
-0.035033
-0.051494
-0.069184
-0.082991
-0.076266
-0.042357
0.006886
0.051625
0.071299
0.056908
0.021015
-0.015273
-0.039658
-0.048443
-0.041906
-0.026401
-0.011381
-0.001671
0.004253
0.009385
0.012247
0.008626
-0.001523
-0.012093
-0.016268
-0.014089
-0.010635
-0.006727
0.002265
0.018618
0.033321
0.027666
-0.007091
-0.059449
-0.105786
-0.119475
-0.089685
-0.033533
0.021701
0.058693
0.074369
0.077138
0.073693
0.059525
0.030508
-0.007858
-0.038849
-0.038085
0.003079
0.056993
0.076773
0.041571
-0.019068
-0.051360
-0.028737
0.030355
0.081828
0.080256
0.012044
-0.065734
-0.056825
0.040079
0.107028
0.059973
-0.059958
-0.144772
-0.130599
-0.044944
0.037323
0.063008
0.038814
0.009189
0.001735
0.004900
-0.002723
-0.019462
-0.027791
-0.019905
-0.002753
0.013845
0.023454
0.020483
0.002629
-0.022552
-0.040966
-0.044304
-0.037147
-0.029998
-0.028312
-0.029641
-0.028630
-0.022944
-0.014122
-0.004819
0.003383
0.010575
0.017514
0.021510
0.015803
0.001521
-0.006633
0.003232
0.023167
0.028866
0.004842
-0.034788
-0.060664
-0.060129
-0.045302
-0.033174
-0.028498
-0.026281
-0.021883
-0.015538
-0.008524
0.000759
0.012971
0.022580
0.021677
0.012932
0.010541
0.023880
0.045609
0.055144
0.037228
-0.003193
-0.045817
-0.066171
-0.051031
-0.010536
0.031924
0.053575
0.041119
0.001005
-0.042988
-0.060693
-0.033681
0.027190
0.092024
0.131943
0.133104
0.106455
0.076398
0.057908
0.047350
0.032445
0.006622
-0.027334
-0.056935
-0.064623
-0.045018
-0.010759
0.020989
0.037087
0.031688
0.011359
-0.010423
-0.025433
-0.031877
-0.027963
-0.012880
0.008670
0.030025
0.047149
0.056704
0.055881
0.046382
0.033349
0.020740
0.010236
0.002874
-0.001345
-0.004762
-0.008938
-0.010175
-0.002687
0.012931
0.029308
0.038990
0.037734
0.025755
0.008280
-0.008582
-0.020477
-0.023596
-0.016979
-0.006377
-0.002574
-0.012164
-0.031519
-0.052202
-0.069133
-0.072868
-0.039437
0.030792
0.084709
0.076629
0.018024
-0.043380
-0.061909
-0.025683
0.033108
0.065234
0.048656
0.000787
-0.045394
-0.063101
-0.044756
-0.005558
0.032220
0.053305
0.049539
0.023142
-0.012306
-0.042755
-0.055879
-0.038467
0.009591
0.062497
0.083069
0.057470
0.007463
-0.033075
-0.045563
-0.036875
-0.028248
-0.031150
-0.035526
-0.026636
-0.002887
0.023766
0.035828
0.025174
0.000451
-0.021228
-0.026505
-0.015763
-0.001390
0.005640
0.003885
-0.001500
-0.005082
-0.005126
-0.005425
-0.012394
-0.028333
-0.042167
-0.031278
0.006540
0.041625
0.050544
0.038252
0.023954
0.022740
0.033245
0.038938
0.026286
-0.002374
-0.035570
-0.061426
-0.067872
-0.049247
-0.014560
0.020755
0.048561
0.067074
0.070738
0.054104
0.023032
-0.010028
-0.033392
-0.035134
-0.012456
0.016569
0.027731
0.015499
-0.007145
-0.025446
-0.031431
-0.024066
-0.008276
0.009099
0.021971
0.022842
0.006574
-0.022339
-0.052018
-0.067373
-0.056970
-0.024913
0.012318
0.034537
0.023740
-0.020295
-0.068900
-0.080179
-0.037626
0.020654
0.024284
-0.047648
-0.130699
-0.152777
-0.107620
-0.038588
0.012950
0.035306
0.041964
0.051814
0.070653
0.087214
0.088894
0.076156
0.058347
0.044878
0.042115
0.049976
0.061398
0.069116
0.070433
0.066663
0.061453
0.057903
0.056547
0.055944
0.054582
0.051983
0.048560
0.044756
0.040721
0.036653
0.033167
0.026185
0.007662
-0.014947
-0.022166
-0.015509
-0.018761
-0.042564
-0.067451
-0.068151
-0.041641
-0.004584
0.023035
0.029230
0.016858
-0.000800
-0.012903
-0.015831
-0.009685
-0.000635
-0.000081
-0.012355
-0.031376
-0.049193
-0.062243
-0.072006
-0.080116
-0.081803
-0.070211
-0.046894
-0.020264
0.004018
0.022457
0.025556
0.009496
-0.010361
-0.018947
-0.017514
-0.013374
-0.010100
-0.007998
-0.006590
-0.005152
-0.003426
-0.002154
-0.001911
-0.001563
0.001426
0.005855
0.001217
-0.016212
-0.027804
-0.016124
0.012932
0.036732
0.035022
0.007744
-0.027333
-0.049020
-0.046078
-0.024972
-0.003914
-0.000568
-0.019971
-0.047596
-0.060203
-0.047989
-0.020841
0.005683
0.024004
0.032498
0.022731
-0.010674
-0.046030
-0.052209
-0.024896
0.014432
0.038363
0.029688
-0.006697
-0.045045
-0.054798
-0.024914
0.027096
0.068239
0.071566
0.037162
-0.011645
-0.050332
-0.061204
-0.037346
0.006638
0.041277
0.047696
0.031515
0.012135
0.005092
0.013678
0.030120
0.040920
0.034826
0.011857
-0.017521
-0.039462
-0.042921
-0.028933
-0.012164
-0.007148
-0.015692
-0.029344
-0.038996
-0.040881
-0.037375
-0.033324
-0.031591
-0.031985
-0.028733
-0.008660
0.026434
0.044538
0.020057
-0.029888
-0.061805
-0.051095
-0.010237
0.032471
0.055336
0.052305
0.033676
0.015671
0.008071
0.011433
0.020134
0.027272
0.028904
0.024372
0.015270
0.004731
-0.004052
-0.008573
-0.008690
-0.007356
-0.006586
-0.005787
-0.002630
0.006893
0.024557
0.043786
0.051063
0.039029
0.014325
-0.011857
-0.035241
-0.057617
-0.074499
-0.071826
-0.043580
-0.001960
0.032227
0.044342
0.036369
0.022091
0.013343
0.014396
0.023074
0.030564
0.025821
0.006139
-0.020933
-0.046544
-0.067443
-0.075946
-0.051496
0.009631
0.066871
0.072032
0.022262
-0.047058
-0.096032
-0.097872
-0.054391
0.005488
0.047761
0.053295
0.028674
-0.002884
-0.022643
-0.026528
-0.020519
-0.011006
-0.001318
0.006071
0.009236
0.009957
0.013515
0.022594
0.033347
0.039421
0.038813
0.034736
0.031157
0.026959
0.015514
-0.003919
-0.019077
-0.017651
-0.001327
0.016873
0.024261
0.018044
0.005615
-0.003794
-0.006625
-0.005646
-0.004579
-0.001305
0.010259
0.030496
0.051043
0.062726
0.064447
0.062191
0.061974
0.065368
0.070443
0.074688
0.072144
0.049432
0.005543
-0.031907
-0.038882
-0.021315
0.000166
0.010110
0.008259
0.005816
0.009841
0.016233
0.017655
0.012420
0.006560
0.009805
0.023957
0.040337
0.049549
0.045518
0.030179
0.013622
0.003498
-0.000163
-0.002121
-0.009865
-0.028064
-0.047493
-0.050607
-0.032266
-0.003158
0.024117
0.041074
0.041155
0.023991
-0.001306
-0.020839
-0.024613
-0.015020
-0.003354
0.001244
-0.002909
-0.011397
-0.018086
-0.019263
-0.016177
-0.013909
-0.014855
-0.015312
-0.011225
-0.003048
0.004090
0.003671
-0.005888
-0.019993
-0.032221
-0.037175
-0.032611
-0.019031
0.000382
0.014746
0.012125
-0.006413
-0.029164
-0.044541
-0.046342
-0.036008
-0.020047
-0.003260
0.014262
0.032355
0.043841
0.039195
0.019626
-0.002238
-0.015411
-0.020032
-0.022561
-0.026328
-0.030770
-0.033841
-0.032688
-0.026356
-0.017522
-0.011746
-0.014222
-0.022424
-0.025922
-0.017920
-0.001328
0.016631
0.029294
0.031543
0.023060
0.009104
-0.004426
-0.011795
-0.007476
0.006380
0.018778
0.021502
0.016360
0.010879
0.010344
0.012542
0.011032
0.003072
-0.009021
-0.019548
-0.021714
-0.013845
-0.000878
0.011525
0.021207
0.026019
0.020275
0.001253
-0.024537
-0.044445
-0.046583
-0.027784
0.003265
0.032230
0.046740
0.043287
0.029973
0.017873
0.010722
0.002607
-0.012433
-0.026721
-0.027907
-0.018595
-0.011620
-0.013760
-0.022394
-0.031388
-0.034563
-0.027444
-0.011619
0.005190
0.016291
0.020843
0.021123
0.019721
0.018582
0.016892
0.012491
0.005899
0.001014
0.001211
0.005796
0.010226
0.010008
0.005914
0.002214
-0.001966
-0.011610
-0.022336
-0.021981
-0.007352
0.013720
0.027425
0.017928
-0.014236
-0.046205
-0.056076
-0.041883
-0.020277
-0.008016
-0.007647
-0.013430
-0.020205
-0.025020
-0.027064
-0.026042
-0.020849
-0.013042
-0.006659
-0.002022
0.004377
0.014470
0.025482
0.031334
0.029463
0.023570
0.012666
-0.007346
-0.027992
-0.037303
-0.034096
-0.023116
-0.006563
0.013642
0.028090
0.027957
0.016284
0.004023
0.000825
0.008605
0.021722
0.033339
0.038549
0.033737
0.019364
0.001325
-0.013405
-0.021368
-0.024381
-0.026349
-0.027594
-0.023841
-0.012615
0.001565
0.012292
0.017457
0.018865
0.020050
0.021299
0.017090
0.004665
-0.008012
-0.009712
0.001244
0.017234
0.030809
0.037744
0.034459
0.020630
0.001586
-0.015723
-0.024000
-0.017205
0.002638
0.024313
0.036493
0.034650
0.018215
-0.009966
-0.042072
-0.067029
-0.074721
-0.061056
-0.028430
0.008497
0.027197
0.020976
0.003594
-0.007549
-0.004385
0.009213
0.024079
0.033836
0.036758
0.033582
0.026981
0.020806
0.014194
0.002177
-0.009878
-0.008067
0.010671
0.035754
0.052349
0.051285
0.037715
0.024995
0.019840
0.019205
0.016206
0.001390
-0.028952
-0.061067
-0.076670
-0.071503
-0.052752
-0.029116
-0.008341
0.003533
0.005884
0.003219
0.001485
0.006287
0.016589
0.021226
0.011857
-0.007937
-0.026242
-0.029070
-0.011379
0.014556
0.027155
0.017870
0.004016
0.005552
0.016281
0.017866
0.004597
-0.015048
-0.024329
-0.010047
0.020803
0.043432
0.040160
0.015860
-0.012611
-0.033640
-0.046508
-0.052084
-0.044111
-0.018503
0.014788
0.034117
0.023508
-0.010440
-0.042284
-0.048062
-0.024920
0.010462
0.039355
0.049712
0.038819
0.015679
-0.006331
-0.018839
-0.020109
-0.014315
-0.008373
-0.006648
-0.007654
-0.006166
-0.001083
0.003027
0.003145
0.000496
-0.002364
-0.003392
-0.001562
0.002576
0.007330
0.011381
0.014181
0.015385
0.014919
0.012971
0.009626
0.005724
0.004733
0.010903
0.023961
0.037832
0.045358
0.044662
0.034252
0.009160
-0.021684
-0.035952
-0.025745
-0.003253
0.014521
0.015672
-0.001043
-0.025964
-0.044440
-0.044685
-0.026613
-0.001344
0.018194
0.023654
0.015418
0.002241
-0.006571
-0.008057
-0.005944
-0.006208
-0.009816
-0.011875
-0.010283
-0.008142
-0.007491
-0.006916
-0.003941
0.003087
0.012462
0.016850
0.008977
-0.009272
-0.025305
-0.024741
-0.004825
0.023169
0.041811
0.038217
0.014468
-0.013104
-0.025418
-0.015880
0.003905
0.017721
0.018215
0.006693
-0.010778
-0.025299
-0.025631
-0.007082
0.016310
0.023475
0.009940
-0.012517
-0.030375
-0.034712
-0.024058
-0.006048
0.007562
0.011310
0.010492
0.012332
0.020092
0.034102
0.043429
0.030293
-0.006693
-0.047736
-0.068855
-0.061671
-0.038764
-0.018564
-0.009373
-0.008684
-0.011285
-0.014286
-0.016539
-0.016439
-0.013418
-0.009512
-0.005794
-0.001286
0.003859
0.007944
0.010071
0.011277
0.013596
0.018315
0.024763
0.030446
0.032949
0.032240
0.030289
0.028912
0.028612
0.027076
0.016155
-0.009254
-0.033930
-0.033933
-0.005999
0.028132
0.042716
0.032210
0.011115
-0.007654
-0.022685
-0.034746
-0.035388
-0.013581
0.026323
0.060333
0.062840
0.031339
-0.011346
-0.037232
-0.034849
-0.014759
0.005044
0.014562
0.012278
-0.001110
-0.022448
-0.045022
-0.059789
-0.058778
-0.042836
-0.021680
-0.004025
0.007403
0.011460
0.006916
-0.002991
-0.012155
-0.017681
-0.019822
-0.018305
-0.013529
-0.008807
-0.006244
-0.002485
0.008244
0.026948
0.045420
0.050923
0.039031
0.017631
-0.002822
-0.017119
-0.023292
-0.020231
-0.011160
-0.003196
-0.001073
-0.003745
-0.006584
-0.006775
-0.006351
-0.008974
-0.015512
-0.023373
-0.027240
-0.022265
-0.009169
0.006682
0.020089
0.025527
0.017695
-0.002030
-0.021941
-0.026101
-0.009014
0.019648
0.046179
0.059704
0.053826
0.031988
0.005836
-0.015085
-0.026535
-0.026795
-0.018755
-0.009914
-0.006224
-0.008469
-0.013387
-0.016747
-0.016493
-0.013760
-0.011512
-0.012255
-0.016180
-0.020160
-0.018517
-0.007672
0.009144
0.021958
0.020689
0.005458
-0.011176
-0.015678
-0.005897
0.008779
0.015604
0.009424
-0.003359
-0.014371
-0.020631
-0.021651
-0.016858
-0.007506
0.003010
0.010344
0.009708
-0.000323
-0.013963
-0.021820
-0.019135
-0.008900
0.001123
0.003072
-0.005226
-0.018889
-0.031034
-0.035963
-0.031144
-0.019801
-0.007989
-0.000059
0.001994
-0.001171
-0.006345
-0.010311
-0.012190
-0.012383
-0.010890
-0.009160
-0.010174
-0.014155
-0.016866
-0.013767
-0.004890
0.005445
0.012050
0.012529
0.009150
0.006505
0.007467
0.011395
0.015420
0.017207
0.016591
0.014595
0.011678
0.007718
0.002652
-0.002806
-0.007261
-0.010204
-0.011895
-0.012338
-0.011659
-0.010302
-0.008579
-0.006504
-0.003993
-0.001244
0.000127
-0.002712
-0.010432
-0.018657
-0.021073
-0.016265
-0.007910
0.001180
0.010797
0.020306
0.027400
0.030734
0.031771
0.032758
0.033822
0.033461
0.032162
0.032471
0.035512
0.039607
0.040956
0.036679
0.027516
0.014121
-0.003364
-0.017747
-0.018990
-0.006961
0.008377
0.015893
0.011730
0.001625
-0.007301
-0.013089
-0.014588
-0.009735
0.000258
0.010782
0.015795
0.011040
-0.001823
-0.014611
-0.016797
-0.006504
0.006071
0.014438
0.023063
0.032595
0.035313
0.027948
0.015563
0.005741
0.004261
0.011394
0.021342
0.026685
0.024193
0.018004
0.013929
0.011306
0.006863
0.001506
-0.001928
-0.002343
-0.000738
-0.000388
-0.005039
-0.012155
-0.013361
-0.005060
0.008419
0.021502
0.029686
0.026061
0.009375
-0.008233
-0.015390
-0.015000
-0.017019
-0.022456
-0.023420
-0.016183
-0.004100
0.007940
0.016115
0.017808
0.013515
0.007040
0.002316
0.001211
0.003200
0.006132
0.008011
0.008371
0.008048
0.008306
0.009914
0.011167
0.008031
-0.001283
-0.014311
-0.026705
-0.033128
-0.029832
-0.019025
-0.007598
-0.002705
-0.007422
-0.018373
-0.029321
-0.034919
-0.031581
-0.020261
-0.006332
0.005562
0.013186
0.014782
0.010464
0.004672
0.003203
0.007640
0.014387
0.018587
0.018346
0.015512
0.012510
0.009646
0.006016
0.001200
-0.003856
-0.006528
-0.005331
-0.003709
-0.007033
-0.016320
-0.026231
-0.028639
-0.021588
-0.011956
-0.006443
-0.005297
-0.005023
-0.003500
-0.002059
-0.002224
-0.002333
-0.000133
0.004199
0.009104
0.013281
0.015443
0.014285
0.009975
0.004343
-0.000759
-0.003719
-0.002809
0.002019
0.008521
0.014380
0.018856
0.021886
0.022538
0.020280
0.016588
0.014483
0.016051
0.018402
0.015232
0.004204
-0.011183
-0.026078
-0.035963
-0.036568
-0.027976
-0.015586
-0.004687
0.001785
0.001869
-0.003914
-0.011845
-0.018046
-0.019786
-0.015783
-0.007810
0.000544
0.007173
0.011221
0.010787
0.006217
0.003314
0.007043
0.016235
0.025594
0.028323
0.020395
0.004718
-0.012067
-0.024976
-0.032364
-0.035854
-0.038041
-0.038294
-0.033176
-0.022510
-0.012565
-0.010676
-0.016086
-0.020598
-0.019028
-0.014021
-0.010908
-0.011737
-0.014198
-0.014284
-0.010228
-0.003702
0.002081
0.004666
0.004106
0.003292
0.006156
0.014325
0.024428
0.029575
0.026048
0.016823
0.007135
-0.001028
-0.009528
-0.020417
-0.030887
-0.033138
-0.024411
-0.011959
-0.004299
-0.003958
-0.007777
-0.010445
-0.008639
-0.003177
0.002414
0.005519
0.006243
0.006423
0.007266
0.008061
0.008048
0.007979
0.008726
0.010032
0.010586
0.009282
0.006525
0.002860
-0.002016
-0.006556
-0.006933
-0.001605
0.006765
0.013560
0.015078
0.011345
0.005674
0.001667
0.001377
0.004488
0.008841
0.012321
0.012071
0.005075
-0.004903
-0.008394
-0.002891
0.003311
0.002022
-0.007207
-0.019638
-0.028775
-0.031783
-0.032025
-0.031709
-0.028286
-0.020083
-0.009040
0.001919
0.010540
0.015992
0.019961
0.024263
0.026493
0.022480
0.012800
0.003710
0.001178
0.005351
0.012364
0.017580
0.016308
0.007520
-0.004263
-0.014048
-0.018662
-0.016279
-0.010009
-0.006877
-0.010830
-0.020760
-0.032538
-0.038468
-0.031272
-0.012409
0.009747
0.027628
0.036451
0.033673
0.020607
0.002509
-0.012650
-0.016672
-0.008074
0.006237
0.018514
0.024591
0.022110
0.011285
-0.003458
-0.017107
-0.027539
-0.033235
-0.031225
-0.021833
-0.011818
-0.008658
-0.012782
-0.017652
-0.017576
-0.012632
-0.006349
-0.000111
0.007677
0.013936
0.011737
0.003380
0.000001
0.007477
0.021912
0.036529
0.045752
0.044248
0.030325
0.009248
-0.011161
-0.023903
-0.024088
-0.013630
-0.001491
0.004133
0.002277
-0.002299
-0.004945
-0.004247
-0.001100
0.003318
0.007892
0.011273
0.012805
0.013149
0.013323
0.013467
0.013544
0.013864
0.013774
0.011715
0.007757
0.004489
0.003783
0.003836
0.001151
-0.005285
-0.013535
-0.021123
-0.026740
-0.030770
-0.034407
-0.037436
-0.037939
-0.034896
-0.028984
-0.021189
-0.012458
-0.003674
0.004910
0.012837
0.017498
0.016138
0.011007
0.008308
0.011382
0.018281
0.025286
0.029905
0.030807
0.027810
0.022604
0.017622
0.013139
0.006534
-0.003764
-0.015157
-0.023655
-0.028395
-0.030651
-0.029193
-0.021233
-0.007489
0.007797
0.020151
0.026296
0.024040
0.014085
0.003252
-0.000637
0.002202
0.005473
0.005144
0.002345
0.000163
-0.000624
-0.002630
-0.007852
-0.014255
-0.019442
-0.024728
-0.031275
-0.035003
-0.030706
-0.019062
-0.004933
0.007626
0.016223
0.020295
0.021524
0.022350
0.024022
0.026476
0.028645
0.028157
0.023048
0.014223
0.004452
-0.004358
-0.010051
-0.008610
0.001330
0.015789
0.026518
0.024368
0.010332
-0.003243
-0.007533
-0.004204
0.001060
0.004972
0.006527
0.006332
0.007216
0.011487
0.017783
0.022940
0.025847
0.026221
0.023275
0.017834
0.012119
0.006228
-0.001031
-0.007504
-0.010351
-0.010729
-0.012771
-0.019688
-0.031134
-0.043850
-0.052681
-0.052103
-0.040121
-0.021771
-0.007105
-0.002436
-0.004795
-0.006631
-0.003787
0.002134
0.008794
0.015516
0.018836
0.014395
0.005085
-0.000480
0.002369
0.010867
0.019534
0.024251
0.023396
0.018415
0.012093
0.006127
0.001856
0.001661
0.006315
0.013333
0.019919
0.024001
0.023970
0.020274
0.015747
0.013643
0.015280
0.019295
0.021860
0.018125
0.006615
-0.008762
-0.021175
-0.025099
-0.020013
-0.011822
-0.009435
-0.016490
-0.028214
-0.033621
-0.025413
-0.010439
0.000864
0.007026
0.011976
0.017289
0.019299
0.014575
0.005346
-0.003764
-0.009111
-0.002203
0.022143
0.048482
0.056706
0.043958
0.020049
-0.003758
-0.021787
-0.035303
-0.048639
-0.060754
-0.061775
-0.045074
-0.018304
0.000973
0.002304
-0.006606
-0.011880
-0.008808
-0.002534
0.000789
0.000444
-0.000914
-0.000962
0.001634
0.006814
0.012758
0.017586
0.020355
0.019479
0.013839
0.006668
0.002767
0.001429
-0.002271
-0.008928
-0.013607
-0.013653
-0.010481
-0.005696
-0.000443
0.004480
0.008081
0.008279
0.004006
-0.002087
-0.005043
-0.002326
0.004149
0.010730
0.012642
0.006171
-0.004348
-0.010312
-0.009910
-0.008834
-0.012531
-0.021332
-0.031626
-0.038141
-0.037159
-0.030057
-0.021551
-0.015062
-0.010932
-0.007538
-0.003726
-0.000355
0.002839
0.010684
0.024438
0.034836
0.033473
0.022823
0.012223
0.009757
0.016323
0.026581
0.035114
0.039204
0.036984
0.027915
0.015940
0.006603
0.001937
0.001390
0.001531
-0.003550
-0.014754
-0.025520
-0.030546
-0.032876
-0.037355
-0.040549
-0.035519
-0.021853
-0.006472
0.000916
-0.004384
-0.017313
-0.028831
-0.031754
-0.023188
-0.007425
0.007610
0.015887
0.015395
0.009533
0.003085
-0.002555
-0.006496
-0.006485
-0.002280
0.003243
0.005276
-0.000157
-0.011906
-0.024503
-0.032057
-0.030665
-0.021674
-0.010768
-0.002012
0.004669
0.011140
0.018362
0.024864
0.028555
0.030318
0.031934
0.032697
0.031512
0.028521
0.023937
0.017884
0.010260
0.000398
-0.010497
-0.017835
-0.018448
-0.015244
-0.013785
-0.016455
-0.021425
-0.024554
-0.022398
-0.015390
-0.007344
-0.001756
0.000774
0.001191
-0.000578
-0.003863
-0.005099
-0.001370
0.006163
0.014197
0.020577
0.024159
0.023390
0.018085
0.010700
0.004124
-0.000356
-0.003183
-0.004913
-0.005219
-0.004078
-0.002264
-0.000522
0.000937
0.002388
0.003958
0.004989
0.004374
0.001973
-0.001146
-0.003992
-0.006319
-0.007806
-0.007233
-0.003834
0.001393
0.006773
0.010973
0.012469
0.010282
0.005894
0.002930
0.004071
0.008691
0.014080
0.018238
0.020709
0.021071
0.018614
0.013963
0.008890
0.004902
0.002630
0.001585
0.000669
-0.000851
-0.003008
-0.005408
-0.007618
-0.009493
-0.011114
-0.012113
-0.011407
-0.008954
-0.007204
-0.008869
-0.013910
-0.020094
-0.024943
-0.026306
-0.023371
-0.017880
-0.013003
-0.010882
-0.011065
-0.011249
-0.009567
-0.006068
-0.002544
-0.001050
-0.002131
-0.004544
-0.006688
-0.007478
-0.006453
-0.003862
-0.000190
0.004293
0.009115
0.012827
0.013659
0.011532
0.007764
0.003517
0.000244
-0.000653
0.000519
0.002152
0.002894
0.002188
0.000287
-0.002267
-0.005504
-0.009715
-0.014353
-0.017110
-0.015524
-0.010021
-0.003369
0.002264
0.006061
0.007614
0.007144
0.005860
0.004987
0.004853
0.005017
0.004832
0.003899
0.002314
0.000560
-0.001272
-0.004113
-0.008983
-0.015599
-0.021351
-0.021928
-0.015615
-0.005428
0.004467
0.012149
0.017059
0.018207
0.015635
0.011486
0.008031
0.006064
0.005128
0.004244
0.002712
0.000914
0.000046
0.000763
0.002257
0.002870
0.001756
-0.000448
-0.002627
-0.004209
-0.004939
-0.004407
-0.002552
-0.000074
0.002053
0.002656
0.000764
-0.003211
-0.007745
-0.011655
-0.014134
-0.014324
-0.011930
-0.007405
-0.001654
0.003633
0.006426
0.006316
0.005210
0.005383
0.007445
0.010053
0.011356
0.011024
0.010414
0.010743
0.011435
0.010456
0.006612
0.001364
-0.002123
-0.002009
0.000647
0.003132
0.003056
-0.000050
-0.004573
-0.008195
-0.009405
-0.008394
-0.006783
-0.006563
-0.008809
-0.012203
-0.013554
-0.011094
-0.006100
-0.000940
0.002901
0.004736
0.004426
0.002826
0.001526
0.001990
0.004643
0.007927
0.008536
0.004159
-0.004031
-0.011833
-0.014598
-0.011082
-0.004365
0.001654
0.004604
0.003646
0.000235
-0.002202
-0.001436
0.001767
0.005252
0.007493
0.008094
0.007562
0.006838
0.006655
0.007307
0.008711
0.010452
0.012047
0.012921
0.012439
0.010677
0.008622
0.007427
0.007427
0.008026
0.008407
0.007833
0.005973
0.003246
0.000463
-0.001553
-0.002016
-0.000757
0.001383
0.003372
0.004639
0.004754
0.003579
0.001676
-0.000153
-0.001516
-0.002229
-0.002004
-0.000913
0.000493
0.001729
0.002610
0.002864
0.002066
0.000293
-0.001805
-0.003638
-0.004659
-0.004208
-0.002316
0.000143
0.002353
0.003806
0.003738
0.001591
-0.001906
-0.004711
-0.004886
-0.002375
0.001084
0.003511
0.003966
0.002976
0.001805
0.001358
0.001892
0.003161
0.004649
0.005798
0.005774
0.003774
0.000052
-0.004046
-0.006987
-0.008161
-0.008249
-0.008413
-0.009518
-0.011793
-0.014549
-0.016175
-0.015423
-0.012713
-0.009213
-0.005392
-0.001416
0.001945
0.003829
0.004297
0.004198
0.004306
0.004857
0.005621
0.006235
0.006530
0.006567
0.006659
0.007445
0.009444
0.011999
0.013163
0.011591
0.007995
0.004100
0.001304
0.000459
0.001504
0.003321
0.004775
0.005203
0.004077
0.001341
-0.002026
-0.004046
-0.003171
0.000150
0.003974
0.006303
0.006525
0.005927
0.006156
0.007470
0.008238
0.006406
0.001844
-0.003249
-0.006212
-0.006283
-0.004891
-0.004026
-0.004799
-0.006845
-0.009073
-0.010742
-0.011248
-0.009830
-0.006481
-0.002289
0.001595
0.004418
0.005646
0.005475
0.004864
0.004655
0.005232
0.006521
0.008237
0.010416
0.013336
0.016934
0.020719
0.023605
0.024153
0.022185
0.019228
0.016941
0.015886
0.015277
0.013512
0.009608
0.004068
-0.001224
-0.003984
-0.003601
-0.001671
-0.000528
-0.001511
-0.004176
-0.007093
-0.009284
-0.010722
-0.011737
-0.012244
-0.011942
-0.010983
-0.009865
-0.008968
-0.008427
-0.008174
-0.008005
-0.007735
-0.007295
-0.006746
-0.006214
-0.005734
-0.004739
-0.002299
0.001693
0.006015
0.009085
0.010481
0.011062
0.011874
0.013327
0.014656
0.014164
0.011032
0.006287
0.001503
-0.002415
-0.004871
-0.005396
-0.004423
-0.003145
-0.002372
-0.001984
-0.001387
-0.000211
0.001467
0.003256
0.004524
0.004622
0.003537
0.001954
0.000575
0.000022
0.001194
0.004485
0.008662
0.011123
0.009931
0.005770
0.000971
-0.002617
-0.004222
-0.004130
-0.003475
-0.003282
-0.003845
-0.004997
-0.006613
-0.008554
-0.010445
-0.011903
-0.012925
-0.013865
-0.015032
-0.016279
-0.016858
-0.016086
-0.014175
-0.012019
-0.010592
-0.010347
-0.010885
-0.011512
-0.011678
-0.010474
-0.007047
-0.001788
0.003729
0.007333
0.007545
0.005116
0.002238
0.000733
0.001268
0.003242
0.005357
0.006417
0.005588
0.002956
-0.000350
-0.003271
-0.005388
-0.006260
-0.005411
-0.003265
-0.000894
0.001024
0.002524
0.003781
0.004527
0.004390
0.003553
0.002578
0.001807
0.000851
-0.001237
-0.004857
-0.009421
-0.013818
-0.016436
-0.016004
-0.013113
-0.009653
-0.006978
-0.005183
-0.003770
-0.002669
-0.002251
-0.002541
-0.002929
-0.002488
-0.000694
0.002045
0.004840
0.007202
0.009205
0.010947
0.012099
0.012410
0.012197
0.011991
0.011890
0.011216
0.009210
0.006015
0.002443
-0.000836
-0.003667
-0.006309
-0.009062
-0.011627
-0.013038
-0.012791
-0.011549
-0.010332
-0.009613
-0.009232
-0.008809
-0.008113
-0.007164
-0.006134
-0.005415
-0.005576
-0.006799
-0.008622
-0.010337
-0.011333
-0.011372
-0.010805
-0.010217
-0.009936
-0.009914
-0.009907
-0.009983
-0.010805
-0.012539
-0.013936
-0.013635
-0.011766
-0.009688
-0.008714
-0.009065
-0.009691
-0.009290
-0.007532
-0.005063
-0.002679
-0.000779
0.000763
0.001945
0.001957
0.000043
-0.003193
-0.005977
-0.006870
-0.006036
-0.004756
-0.004078
-0.004320
-0.005201
-0.006186
-0.006727
-0.006385
-0.005114
-0.003389
-0.001803
-0.000565
0.000428
0.001073
0.000962
0.000014
-0.001319
-0.002573
-0.003641
-0.004577
-0.005056
-0.004606
-0.003320
-0.001784
-0.000472
0.000565
0.001380
0.001703
0.001317
0.000496
-0.000316
-0.000884
-0.000963
-0.000124
0.001681
0.003928
0.006051
0.007644
0.008273
0.007865
0.006982
0.006253
0.005871
0.005640
0.005295
0.004805
0.004472
0.004666
0.005386
0.006305
0.007119
0.007608
0.007406
0.006315
0.004684
0.003069
0.001739
0.000591
-0.000629
-0.002009
-0.003131
-0.003252
-0.002196
-0.000591
0.000836
0.001823
0.002594
0.003441
0.004505
0.005757
0.007033
0.008221
0.008931
0.008616
0.007418
0.005933
0.004589
0.003451
0.002411
0.001627
0.001409
0.001811
0.002548
0.003233
0.003708
0.004113
0.004521
0.004612
0.003947
0.002476
0.000725
-0.000498
-0.000483
0.000764
0.002524
0.004108
0.005263
0.006012
0.006090
0.005075
0.003206
0.001190
-0.000567
-0.001852
-0.001983
-0.000327
0.002638
0.005778
0.008029
0.008596
0.007585
0.006008
0.004811
0.004211
0.003905
0.004005
0.005088
0.007196
0.009585
0.011107
0.011110
0.010067
0.008919
0.008240
0.007985
0.007816
0.007411
0.006605
0.005503
0.004333
0.003242
0.002270
0.001396
0.000525
-0.000140
-0.000085
0.000769
0.002007
0.003184
0.004126
0.004927
0.005754
0.006719
0.007809
0.008954
0.009882
0.010083
0.009405
0.008272
0.007176
0.006323
0.005751
0.005500
0.005561
0.005748
0.005872
0.005928
0.005920
0.005653
0.004864
0.003573
0.002225
0.001380
0.001371
0.002041
0.002828
0.003335
0.003560
0.003757
0.004010
0.004097
0.003770
0.003037
0.002228
0.001582
0.001080
0.000597
0.000081
-0.000206
0.000244
0.001468
0.002976
0.004384
0.005582
0.006677
0.007530
0.007787
0.007510
0.007044
0.006662
0.006482
0.006414
0.006316
0.006087
0.005320
0.003513
0.000773
-0.002267
-0.004705
-0.005783
-0.005543
-0.004792
-0.004358
-0.004413
-0.004662
-0.004788
-0.004655
-0.004333
-0.003941
-0.003609
-0.003351
-0.003122
-0.002927
-0.002884
-0.003340
-0.004380
-0.005514
-0.006048
-0.005673
-0.004684
-0.003686
-0.003024
-0.002633
-0.002286
-0.001772
-0.001099
-0.000349
0.000399
0.001069
0.001472
0.001405
0.001002
0.000561
0.000245
0.000061
-0.000092
-0.000264
-0.000472
-0.000635
-0.000522
-0.000136
0.000330
0.000753
0.001086
0.001356
0.001651
0.002002
0.002401
0.002685
0.002636
0.002218
0.001556
0.000950
0.000483
0.000062
-0.000378
-0.000897
-0.001485
-0.002079
-0.002434
-0.002297
-0.001702
-0.000929
-0.000363
-0.000372
-0.001035
-0.002042
-0.002988
-0.003568
-0.003320
-0.001849
0.000453
0.002819
0.004890
0.006465
0.007119
0.006605
0.005353
0.004075
0.003112
0.002433
0.001725
0.000962
0.000689
0.001136
0.001579
0.000881
-0.000996
-0.002852
-0.003860
-0.004303
-0.004935
-0.006152
-0.007778
-0.009469
-0.011003
-0.012371
-0.013613
-0.014380
-0.014175
-0.013065
-0.011658
-0.010468
-0.009559
-0.008572
-0.007644
-0.006558
-0.005372
-0.004181
-0.003145
-0.002437
-0.002033
-0.001739
-0.001383
-0.000903
-0.000350
0.000186
0.000642
0.000845
0.000623
-0.000003
-0.000828
-0.001566
-0.002130
-0.002552
-0.002692
-0.002372
-0.001693
-0.000994
-0.000466
-0.000061
0.000346
0.000694
0.000539
-0.000483
-0.002149
-0.003921
-0.005320
-0.005986
-0.005858
-0.005341
-0.004929
-0.004798
-0.004845
-0.004845
-0.004668
-0.004391
-0.004234
-0.004400
-0.004847
-0.005399
-0.005910
-0.006295
-0.006453
-0.006159
-0.005363
-0.004330
-0.003359
-0.002552
-0.001830
-0.001079
-0.000236
0.000671
0.001601
0.002505
0.003191
0.003442
0.003278
0.002953
0.002721
0.002636
0.002601
0.002541
0.002388
0.002144
0.001931
0.001921
0.002330
0.003129
0.004023
0.004818
0.005477
0.006077
0.006706
0.007367
0.008064
0.008747
0.009399
0.010050
0.010588
0.010740
0.010391
0.009734
0.009081
0.008609
0.008246
0.007874
0.007432
0.006919
0.006358
0.005641
0.004548
0.003093
0.001507
0.000084
-0.000714
-0.000588
0.000225
0.001184
0.001854
0.002234
0.002577
0.003028
0.003624
0.004267
0.004541
0.004052
0.003007
0.002061
0.001712
0.001909
0.002237
0.002388
0.002319
0.002048
0.001550
0.000821
-0.000019
-0.000797
-0.001465
-0.002072
-0.002692
-0.003392
-0.004144
-0.004896
-0.005620
-0.006221
-0.006567
-0.006632
-0.006564
-0.006532
-0.006590
-0.006701
-0.006778
-0.006805
-0.006801
-0.006770
-0.006713
-0.006522
-0.006088
-0.005496
-0.004889
-0.004345
-0.003855
-0.003384
-0.002899
-0.002378
-0.001863
-0.001358
-0.000868
-0.000431
-0.000112
0.000059
0.000144
0.000202
0.000288
0.000423
0.000542
0.000623
0.000685
0.000709
0.000676
0.000611
0.000557
0.000518
0.000480
0.000440
0.000388
0.000326
0.000267
0.000212
0.000198
0.000260
0.000379
0.000518
0.000636
0.000725
0.000803
0.000826
0.000662
0.000226
-0.000378
-0.000972
-0.001443
-0.001660
-0.001536
-0.001197
-0.000849
-0.000604
-0.000447
-0.000297
-0.000102
0.000138
0.000404
0.000629
0.000712
0.000575
0.000273
-0.000056
-0.000319
-0.000506
-0.000672
-0.000861
-0.001087
-0.001334
-0.001552
-0.001645
-0.001555
-0.001340
-0.001110
-0.000946
-0.000834
-0.000734
-0.000653
-0.000666
-0.000844
-0.001126
-0.001406
-0.001637
-0.001816
-0.001991
-0.002180
-0.002378
-0.002583
-0.002775
-0.002942
-0.003102
-0.003256
-0.003384
-0.003409
-0.003246
-0.002930
-0.002576
-0.002205
-0.001771
-0.001262
-0.000730
-0.000221
0.000255
0.000679
0.000986
0.001138
0.001180
0.001197
0.001239
0.001318
0.001363
0.001226
0.000855
0.000355
-0.000134
-0.000509
-0.000718
-0.000784
-0.000799
-0.000846
-0.000943
-0.001054
-0.001148
-0.001210
-0.001244
-0.001257
-0.001221
-0.001126
-0.001005
-0.000890
-0.000795
-0.000709
-0.000647
-0.000650
-0.000727
-0.000838
-0.000914
-0.000891
-0.000766
-0.000603
-0.000464
-0.000369
-0.000297
-0.000222
-0.000144
-0.000100
-0.000102
-0.000136
-0.000173
-0.000183
-0.000124
0.000023
0.000219
0.000407
0.000555
0.000659
0.000692
0.000627
0.000496
0.000361
0.000258
0.000186
0.000120
0.000045
-0.000014
-0.000032
-0.000010
0.000023
0.000048
0.000049
0.000022
-0.000026
-0.000072
-0.000107
-0.000127
-0.000130
-0.000102
-0.000043
0.000023
0.000081
0.000124
0.000159
0.000186
0.000192
0.000174
0.000146
0.000120
0.000104
0.000095
0.000098
0.000121
0.000170
0.000226
0.000275
0.000310
0.000335
0.000356
0.000379
0.000401
0.000414
0.000397
0.000343
0.000274
0.000224
0.000219
0.000255
0.000303
0.000333
0.000320
0.000245
0.000128
0.000032
0.000006
0.000037
0.000084
0.000115
0.000128
0.000134
0.000147
0.000172
0.000206
0.000248
0.000291
0.000329
0.000362
0.000392
0.000423
0.000453
0.000480
0.000505
0.000523
0.000541
0.000561
0.000583
0.000607
0.000635
0.000660
0.000688
0.000717
0.000747
0.000779
0.000810
0.000839
0.000868
0.000896
0.000921
0.000949
0.000973
0.000999
0.001022
0.001047
0.001070
0.001092
0.001115
0.001136
0.001158
0.001180
0.001201
